EDGELIST
15 60 1 15000030
6 13 1900093
11 14 399997
1 12 2000103
2 4 2000103
3 9 599995
7 11 1100013
10 12 599995
2 12 1700073
0 5 399997
8 13 199999
1 11 1800083
6 12 499996
4 9 1600063
4 10 100000
12 14 100000
2 6 1
8 12 100000
0 3 599995
3 11 1100013
5 7 1100013
5 11 799993
5 14 100000
11 13 699994
7 8 599995
10 13 399997
5 13 1600063
2 5 1400043
2 11 1300033
5 8 1100013
1 5 599995
9 11 599995
1 10 499996
9 12 599995
4 13 1200023
2 9 100000
2 7 1800083
0 1 799993
3 7 199999
6 14 100000
4 5 399997
0 4 299998
2 3 1800083
5 6 1400043
1 2 1200023
6 11 699994
5 10 1800083
4 7 399997
0 13 1
1 3 1900093
8 10 1400043
0 2 199999
1 7 199999
5 12 1200023
7 14 1800083
4 11 599995
3 8 1900093
9 10 499996
6 7 1800083
1 8 699994
12 13 399997
