EDGELIST
25 100 1 25000050
6 20 1400043
1 20 199999
2 24 899992
7 11 1600063
10 21 299998
9 15 1300033
7 24 1800083
2 14 1400043
10 22 799993
9 19 1800083
5 14 100000
9 17 599995
1 13 1200023
14 18 1300033
16 23 1300033
15 16 1700073
0 22 699994
12 16 2000103
5 15 1700073
1 9 599995
4 9 1300033
4 12 399997
5 10 399997
0 7 1300033
10 13 1600063
5 24 499996
2 3 1800083
10 17 499996
16 17 299998
1 24 299998
15 24 299998
12 19 100000
11 21 1800083
8 12 1200023
17 24 399997
21 24 399997
5 8 1300033
8 24 100000
2 5 499996
11 18 899992
0 20 299998
2 18 1900093
13 18 1900093
5 11 100000
15 18 1100013
6 12 100000
12 13 799993
10 20 1800083
10 12 1400043
0 16 1900093
3 21 1700073
13 20 399997
11 12 1200023
9 20 1700073
16 18 100000
7 17 1500053
18 19 199999
20 21 1400043
18 23 1400043
18 20 1900093
5 18 499996
3 15 1300033
1 2 399997
2 11 1
3 23 699994
11 15 1300033
2 17 1
0 5 399997
8 21 1800083
6 9 1800083
1 15 599995
6 23 199999
16 20 599995
9 18 1
6 24 1700073
2 10 299998
4 11 1400043
7 22 299998
7 9 199999
8 10 1400043
13 23 1300033
10 18 399997
5 9 399997
19 23 100000
4 14 799993
5 7 1200023
18 21 799993
0 23 1
9 22 1500053
4 15 1600063
4 16 1400043
3 7 1200023
3 12 100000
10 15 1700073
18 22 1900093
4 18 1
2 6 1200023
13 15 1200023
10 19 299998
8 15 2000103
