EDGELIST
25 100 2 2900254
6 20 400041
1 20 800003
2 24 100010
7 11 600061
10 21 700004
9 15 300031
7 24 800081
2 14 400041
10 22 200009
9 19 800081
5 14 900002
9 17 400007
1 13 200021
14 18 300031
16 23 300031
15 16 700071
0 22 300008
12 16 1000101
5 15 700071
1 9 400007
4 9 300031
4 12 600005
5 10 600005
0 7 300031
10 13 600061
5 24 500006
2 3 800081
10 17 500006
16 17 700004
1 24 700004
15 24 700004
12 19 900002
11 21 800081
8 12 200021
17 24 600005
21 24 600005
5 8 300031
8 24 900002
2 5 500006
11 18 100010
0 20 700004
2 18 900091
13 18 900091
5 11 900002
15 18 100011
6 12 900002
12 13 200009
10 20 800081
10 12 400041
0 16 900091
3 21 700071
13 20 600005
11 12 200021
9 20 700071
16 18 900002
7 17 500051
18 19 800003
20 21 400041
18 23 400041
18 20 900091
5 18 500006
3 15 300031
1 2 600005
2 11 1000001
3 23 300008
11 15 300031
2 17 1000001
0 5 600005
8 21 800081
6 9 800081
1 15 400007
6 23 800003
16 20 400007
9 18 1000001
6 24 700071
2 10 700004
4 11 400041
7 22 700004
7 9 800003
8 10 400041
13 23 300031
10 18 600005
5 9 600005
19 23 900002
4 14 200009
5 7 200021
18 21 200009
0 23 1000001
9 22 500051
4 15 600061
4 16 400041
3 7 200021
3 12 900002
10 15 700071
18 22 900091
4 18 1000001
2 6 200021
13 15 200021
10 19 700004
8 15 1000101
