EDGELIST
1000 4000 1 1000002000
391 695 899992
431 872 399997
300 931 299998
100 396 699994
230 544 299998
245 884 1200023
198 241 1900093
165 777 2000103
87 269 1200023
408 589 1900093
211 434 2000103
447 683 199999
762 764 1800083
171 985 100000
438 708 1400043
169 654 1
156 446 1500053
11 256 1500053
226 581 1600063
153 762 1600063
182 672 1500053
287 845 1600063
93 412 1800083
938 944 1600063
41 128 399997
158 223 1600063
105 829 1800083
640 650 1400043
176 199 799993
789 796 699994
414 913 499996
708 811 1
82 524 499996
123 497 699994
377 518 1900093
486 898 1300033
515 606 1400043
93 793 499996
512 970 1400043
283 308 699994
24 423 1300033
193 409 1300033
260 295 1800083
0 115 899992
34 575 199999
847 926 1800083
451 672 199999
470 888 2000103
763 995 1500053
83 894 299998
535 969 1400043
439 487 1300033
243 762 299998
276 830 399997
509 522 899992
20 836 100000
247 261 1300033
64 805 1900093
385 769 1800083
570 725 1200023
83 874 100000
691 863 299998
263 275 100000
217 873 1600063
7 305 799993
438 920 1700073
136 246 599995
387 483 299998
131 900 1100013
162 595 199999
432 675 2000103
503 522 1
481 599 1
11 433 1
236 583 599995
451 917 699994
27 305 399997
417 994 1200023
684 794 1400043
249 637 1200023
235 261 1100013
201 778 799993
89 786 1500053
210 839 299998
51 287 1900093
142 900 2000103
105 427 399997
163 791 1400043
100 242 2000103
117 330 199999
224 879 1200023
3 77 1800083
274 707 799993
586 942 1500053
447 820 499996
93 198 599995
43 156 1300033
294 815 1100013
142 702 799993
290 767 2000103
475 502 399997
245 828 199999
199 287 899992
575 863 1200023
212 324 699994
439 757 1300033
41 962 100000
382 613 1300033
4 29 399997
613 692 1700073
143 308 1900093
182 257 100000
317 666 1
316 823 1400043
263 861 1300033
288 403 1100013
633 738 1900093
439 608 1200023
467 714 599995
464 781 399997
94 437 399997
399 644 399997
181 619 1600063
178 424 2000103
840 924 1300033
226 641 299998
587 646 499996
443 957 1200023
211 543 1
226 725 199999
414 940 1600063
154 247 699994
698 728 499996
855 867 1300033
1 499 100000
457 680 399997
92 798 1100013
34 507 799993
556 802 1400043
507 568 1100013
9 944 699994
197 361 399997
270 370 699994
237 626 1700073
91 208 1700073
61 602 699994
562 906 199999
72 123 1800083
356 721 1600063
42 333 1300033
136 465 1900093
466 854 1
538 780 799993
115 545 199999
172 543 1600063
568 864 1200023
36 668 1500053
458 884 1100013
367 904 599995
622 865 1700073
425 747 1
106 402 1900093
673 846 1900093
249 392 1600063
151 583 1400043
184 254 100000
83 377 2000103
470 831 100000
54 256 1600063
365 456 1100013
163 357 1700073
366 450 2000103
593 637 1700073
892 926 100000
493 766 1700073
35 669 1300033
27 951 1600063
627 652 1400043
442 451 1900093
676 819 1800083
311 334 899992
649 702 599995
794 821 299998
9 692 599995
186 722 499996
529 988 1200023
528 909 1100013
202 372 899992
337 792 1500053
538 705 599995
606 620 399997
558 579 499996
488 970 1600063
3 220 1700073
404 499 299998
926 991 1400043
819 895 1700073
62 712 1100013
122 893 499996
124 757 899992
569 576 1600063
341 562 599995
253 860 1800083
128 297 2000103
6 567 699994
96 146 1100013
154 533 599995
305 653 299998
312 630 1
539 832 2000103
438 982 199999
676 756 100000
724 798 1700073
517 790 499996
92 154 899992
546 653 299998
72 300 1200023
500 656 499996
139 178 100000
47 361 1400043
900 907 1300033
206 765 899992
301 857 1
130 762 1200023
744 783 1100013
480 835 2000103
253 661 1100013
627 865 1600063
464 971 599995
596 985 599995
93 976 699994
741 744 199999
516 677 1600063
71 594 1300033
29 58 1
273 721 299998
614 704 299998
275 989 799993
244 863 1500053
588 736 699994
407 647 1500053
34 653 199999
938 967 1300033
4 776 1900093
813 928 1700073
307 943 1100013
405 481 2000103
512 916 1300033
244 447 100000
388 794 100000
42 215 399997
461 942 1200023
218 666 1700073
609 751 1700073
502 875 499996
186 959 100000
493 908 299998
836 841 299998
418 718 1900093
310 609 1700073
931 962 1100013
42 809 699994
185 564 1500053
525 675 299998
283 968 799993
63 111 1800083
265 525 1
7 819 1100013
618 957 499996
286 462 1
220 671 899992
25 750 1700073
702 915 1400043
26 566 1700073
572 640 1500053
88 824 1500053
627 937 1400043
298 396 899992
119 854 699994
437 679 1600063
173 822 1400043
281 295 100000
136 729 499996
518 933 1300033
348 850 1200023
277 338 1700073
351 492 1900093
211 359 1200023
207 889 1400043
681 845 1
235 788 1600063
781 984 499996
634 664 499996
171 742 299998
518 952 1200023
530 792 1100013
80 479 1400043
9 58 1700073
710 791 1800083
576 678 2000103
463 684 1400043
204 921 2000103
567 870 699994
13 20 1600063
367 644 100000
93 758 299998
445 767 1700073
42 517 599995
182 567 199999
41 681 1300033
139 314 1400043
467 665 599995
78 885 1500053
128 193 399997
124 890 399997
144 594 2000103
32 809 299998
415 663 1100013
246 709 199999
70 656 1400043
169 925 1800083
254 774 1400043
862 975 100000
925 951 1600063
117 357 1900093
110 125 1900093
524 825 1300033
421 841 2000103
836 953 899992
389 556 1100013
199 791 1
270 426 1
295 757 199999
270 699 499996
211 580 699994
339 903 299998
290 774 2000103
947 978 899992
284 987 1200023
469 624 699994
526 865 100000
520 581 2000103
181 184 799993
429 683 299998
116 693 1300033
216 766 1300033
208 720 399997
331 476 399997
235 749 1800083
8 808 100000
245 753 1700073
569 914 1800083
383 945 599995
636 911 299998
306 870 1200023
747 903 1500053
518 812 1600063
179 731 1800083
161 621 2000103
220 380 599995
59 765 100000
341 853 1500053
664 699 1900093
184 749 699994
260 774 1
482 645 399997
936 964 1200023
392 741 1700073
243 858 1700073
504 840 299998
95 909 1700073
67 291 1200023
235 781 1700073
148 759 1100013
385 823 1700073
258 985 1
385 432 100000
861 903 699994
509 714 399997
41 212 599995
792 939 1900093
375 834 699994
147 154 399997
58 832 1100013
212 276 499996
115 552 1900093
788 827 1500053
143 683 299998
237 587 1800083
114 670 799993
427 779 899992
365 532 1300033
309 322 1900093
657 956 1600063
341 621 299998
388 398 199999
229 798 599995
232 689 1400043
550 999 1400043
254 416 1600063
88 851 1700073
504 509 299998
693 933 1200023
263 709 699994
510 524 1600063
20 85 499996
247 801 1100013
423 947 1500053
32 259 599995
96 581 399997
74 980 599995
330 366 1100013
163 610 499996
98 680 499996
554 705 299998
50 525 1900093
391 501 1500053
618 989 1500053
606 863 599995
122 298 799993
98 440 199999
77 352 399997
178 677 1600063
613 875 599995
312 469 199999
629 826 1500053
744 986 499996
624 717 1
134 389 1800083
383 859 1700073
390 520 1300033
364 392 1700073
239 420 499996
57 89 599995
62 779 1200023
308 315 299998
707 818 899992
378 856 899992
795 820 199999
171 931 100000
170 262 1500053
480 550 199999
39 897 399997
664 859 1600063
36 341 699994
863 951 1700073
273 815 1600063
51 415 499996
153 667 1900093
6 320 1400043
32 60 1600063
507 865 1
224 468 499996
205 672 399997
38 120 1300033
659 783 1500053
373 483 299998
46 874 399997
2 477 2000103
203 866 1200023
92 714 699994
90 644 1600063
807 810 199999
413 909 299998
133 653 1300033
605 939 1600063
144 649 100000
90 838 100000
387 468 2000103
1 72 1600063
278 554 1900093
397 412 1600063
147 738 1900093
379 417 1800083
72 851 1200023
375 840 1400043
770 795 1800083
271 756 1
478 776 1400043
1 326 1500053
931 989 199999
103 704 1700073
14 348 1900093
705 741 1300033
491 670 2000103
325 521 699994
474 997 1300033
483 726 499996
342 762 1700073
409 639 1900093
374 907 1800083
16 812 399997
572 725 1
700 840 599995
655 751 799993
455 479 1400043
86 870 899992
753 829 499996
156 196 399997
1 857 299998
864 958 499996
65 633 1300033
365 481 1500053
73 393 1100013
474 549 199999
332 466 399997
253 448 699994
606 732 599995
70 494 699994
0 948 1
337 856 799993
885 972 1100013
89 193 1200023
119 227 699994
603 913 399997
50 320 1400043
259 778 299998
184 747 1200023
7 524 1800083
285 440 699994
188 662 699994
192 540 2000103
19 282 199999
226 798 1100013
304 972 1
466 952 1200023
163 507 1200023
709 875 1500053
249 910 1600063
813 849 299998
594 611 1200023
370 990 499996
506 651 1400043
623 632 599995
234 855 399997
368 428 299998
308 685 1200023
84 897 199999
252 263 399997
761 970 199999
88 611 899992
625 815 1900093
289 535 1100013
498 956 2000103
548 949 899992
254 847 799993
408 598 1100013
188 523 100000
163 281 1200023
774 876 1300033
329 604 1300033
268 441 599995
304 840 100000
99 761 1700073
889 990 1600063
869 984 100000
235 804 1700073
13 250 1400043
711 730 1500053
266 771 1
289 811 299998
441 461 799993
869 999 499996
857 996 599995
390 646 1
122 447 1900093
570 785 1500053
286 845 299998
633 659 799993
441 571 399997
154 582 1400043
25 844 1700073
56 776 199999
23 359 1200023
410 491 399997
580 978 1500053
157 557 399997
369 853 1
84 448 2000103
401 981 1
300 421 100000
389 579 1
259 727 899992
167 271 1800083
326 712 1100013
111 468 1100013
833 948 1500053
446 793 1200023
739 745 100000
672 724 1900093
209 422 599995
6 56 100000
337 637 799993
484 696 1100013
532 873 1600063
387 927 899992
323 475 399997
612 841 1600063
26 220 199999
41 577 1
542 766 299998
779 824 1300033
64 950 299998
125 229 1700073
25 539 1800083
725 868 1100013
406 422 199999
546 912 1100013
193 500 2000103
279 377 1800083
250 811 399997
103 163 799993
730 799 899992
70 259 1700073
142 982 599995
483 688 199999
137 557 699994
170 545 1500053
419 685 1800083
200 885 499996
889 916 1
195 959 1
54 233 399997
288 533 599995
1 515 599995
195 739 1700073
14 152 299998
575 717 1800083
130 615 1700073
379 969 1400043
118 334 799993
374 816 899992
219 945 100000
425 956 1800083
385 804 199999
213 704 100000
613 742 2000103
616 988 1900093
484 770 799993
157 547 1900093
508 514 499996
167 935 599995
623 998 499996
858 931 2000103
159 307 399997
69 936 2000103
544 966 899992
370 467 299998
877 988 199999
404 725 299998
339 651 1700073
20 412 599995
409 618 100000
138 662 100000
170 786 399997
186 747 100000
406 505 799993
5 559 899992
136 364 699994
224 444 299998
574 795 1800083
48 778 1700073
372 758 1800083
475 948 1300033
668 772 1100013
505 668 1800083
699 763 299998
527 791 1200023
649 949 100000
577 783 499996
386 488 399997
514 746 1600063
48 634 699994
648 894 100000
570 993 299998
225 436 1600063
233 364 1600063
614 873 1
302 877 899992
11 920 699994
108 603 1500053
230 521 1800083
144 375 599995
616 887 2000103
67 469 100000
529 625 1500053
105 472 599995
392 986 599995
629 958 1800083
172 239 399997
86 126 199999
205 985 1200023
57 325 599995
655 668 399997
265 596 599995
195 615 799993
739 972 1300033
256 417 1500053
937 945 699994
442 699 399997
480 716 1
36 523 299998
269 704 1600063
204 955 399997
142 855 2000103
369 599 1900093
337 580 1400043
191 686 1900093
264 825 1400043
550 939 599995
160 771 1
428 865 1100013
600 695 2000103
635 914 100000
74 744 199999
775 796 2000103
101 629 199999
782 897 1600063
12 118 1
289 598 599995
311 671 1900093
5 536 1
53 325 1700073
16 126 1100013
284 487 1400043
764 805 2000103
640 762 899992
377 551 1600063
221 642 799993
253 444 1500053
178 966 599995
315 450 899992
197 699 399997
860 976 1800083
114 459 1400043
753 831 1100013
86 131 1800083
700 801 199999
193 929 699994
762 902 699994
73 740 899992
707 768 2000103
136 336 1200023
206 536 1700073
574 923 1500053
873 958 199999
377 867 1600063
705 893 199999
21 128 1100013
121 919 799993
227 602 1700073
479 886 199999
53 77 1
145 627 1200023
620 655 100000
322 733 1300033
98 576 799993
530 847 1600063
388 587 599995
633 718 899992
99 270 1600063
678 896 1700073
216 927 2000103
343 799 599995
21 990 1300033
1 887 499996
21 288 799993
449 876 1200023
164 229 1500053
201 727 599995
75 168 2000103
138 671 1800083
830 931 199999
472 591 799993
190 658 100000
97 199 1800083
100 218 1300033
533 560 1300033
715 848 1700073
247 564 1200023
159 896 100000
200 564 1900093
143 578 299998
971 977 699994
261 687 499996
47 671 1400043
571 613 899992
79 90 1900093
727 799 499996
61 502 1200023
174 670 899992
680 910 499996
145 232 199999
506 672 2000103
95 107 1900093
456 826 1
348 765 1
94 540 799993
94 158 1600063
144 982 499996
702 837 1400043
76 248 599995
935 973 299998
178 786 199999
5 215 699994
29 712 399997
383 814 1800083
518 855 199999
87 760 899992
151 610 1500053
461 684 1500053
217 519 399997
428 929 1100013
513 609 1400043
212 363 1800083
526 531 1400043
79 361 100000
270 988 799993
725 913 1100013
849 905 399997
533 814 399997
50 593 1400043
267 504 899992
598 757 699994
383 826 1500053
106 720 1100013
233 864 599995
853 880 1500053
108 124 799993
421 566 1300033
63 692 1
80 811 100000
96 508 1400043
693 750 1600063
812 888 1900093
274 389 1100013
332 656 2000103
154 229 100000
436 946 1600063
813 831 799993
663 809 1300033
327 738 699994
203 490 599995
203 722 2000103
636 745 1900093
597 668 599995
393 971 1200023
486 826 1500053
119 197 699994
93 762 1500053
838 947 2000103
693 936 1600063
447 622 399997
132 308 2000103
282 804 1100013
145 892 1300033
93 97 1500053
361 695 1700073
534 647 1300033
376 714 1300033
63 958 599995
74 168 1500053
199 491 1
177 980 1100013
171 241 1900093
437 974 1800083
326 825 1600063
244 558 1400043
502 881 799993
131 500 799993
264 345 399997
748 866 599995
215 378 1300033
76 595 1900093
328 380 599995
454 986 1900093
30 380 1900093
238 305 1900093
465 859 199999
43 68 1200023
268 322 100000
2 761 1
404 805 1100013
650 759 1600063
86 210 1900093
299 797 1800083
186 710 100000
447 629 1400043
501 843 599995
71 468 1300033
54 121 199999
186 245 1500053
407 943 299998
447 850 1700073
636 765 1900093
75 470 599995
694 879 1300033
710 982 1800083
260 711 1900093
506 989 1
675 723 1900093
53 314 499996
441 551 299998
325 644 1300033
834 836 499996
419 808 2000103
322 560 1600063
31 179 699994
257 946 599995
297 724 1600063
163 529 1700073
604 950 1300033
405 771 1100013
45 325 699994
185 869 599995
58 933 1900093
814 918 1700073
279 699 1900093
271 402 1500053
215 303 899992
447 832 599995
272 562 1400043
7 448 1700073
781 791 1200023
653 999 299998
183 977 899992
279 911 2000103
208 958 799993
51 591 2000103
546 943 1500053
146 464 1500053
131 590 599995
2 902 1100013
510 530 1600063
276 759 1400043
70 407 299998
38 299 1
34 749 1900093
182 879 1800083
97 226 699994
248 867 199999
214 773 599995
29 54 1600063
173 608 199999
61 224 199999
3 262 299998
487 537 1200023
724 861 1300033
184 540 1800083
29 45 1100013
127 495 100000
567 980 1100013
80 903 1900093
618 763 1300033
451 749 799993
242 701 1200023
141 205 1700073
848 958 1600063
546 992 1600063
30 549 2000103
520 610 1
90 456 499996
7 650 1300033
199 891 399997
43 702 699994
20 481 1300033
675 818 1500053
570 969 699994
449 527 399997
403 923 599995
232 758 199999
373 583 1
541 832 1900093
513 797 1200023
41 92 1400043
11 823 1800083
385 751 599995
154 484 399997
223 667 1700073
127 696 1900093
112 687 899992
52 842 1300033
833 950 199999
509 976 1200023
29 530 100000
559 842 699994
88 289 100000
27 554 1100013
372 725 699994
167 950 799993
717 819 1
140 242 2000103
114 767 399997
93 568 1400043
254 963 1
121 843 1600063
327 333 1800083
176 445 799993
229 443 1300033
266 975 1
134 333 2000103
489 661 100000
509 914 100000
220 857 799993
129 935 1400043
125 272 1
87 153 699994
619 847 799993
21 441 1500053
494 512 1500053
257 350 1300033
224 280 899992
78 842 1800083
710 863 1200023
61 784 599995
576 844 699994
834 941 1
587 840 699994
349 798 1
148 890 699994
96 727 100000
88 907 599995
392 960 1200023
183 943 399997
211 623 599995
343 710 799993
26 663 899992
656 825 1300033
393 792 100000
547 745 1
758 816 1
88 371 1100013
364 933 1600063
486 673 100000
5 179 399997
277 561 2000103
196 654 1900093
259 560 399997
511 574 1400043
166 515 1700073
203 767 699994
578 647 1200023
264 696 1200023
152 736 1900093
184 354 899992
211 697 1900093
91 771 1800083
555 732 1200023
146 726 2000103
738 878 799993
266 306 399997
239 637 1800083
2 431 1800083
173 414 599995
82 857 1100013
300 453 100000
40 244 399997
404 811 1900093
580 793 1500053
13 586 299998
225 687 1100013
100 700 1100013
643 793 799993
468 611 1200023
899 953 1200023
504 697 1500053
12 763 499996
272 558 199999
98 106 2000103
324 522 399997
143 593 1900093
201 389 100000
46 139 100000
272 675 699994
25 297 699994
195 469 1400043
194 874 799993
327 521 1100013
162 967 1700073
534 993 199999
186 901 2000103
354 589 1
182 839 499996
519 544 599995
476 596 1
128 788 1200023
172 174 1900093
639 921 199999
850 944 1200023
350 924 1400043
749 795 1100013
618 837 1400043
684 721 199999
426 745 1300033
321 977 899992
108 420 299998
847 869 499996
381 606 1400043
573 635 399997
311 778 100000
53 444 1200023
27 741 1200023
23 39 899992
375 774 399997
228 566 2000103
110 848 2000103
340 477 399997
247 290 1500053
476 605 899992
45 229 499996
565 692 1900093
283 917 399997
381 616 1
503 535 699994
511 975 299998
561 961 499996
34 622 599995
204 589 899992
364 586 1500053
80 226 799993
11 478 399997
450 973 199999
383 974 299998
323 973 899992
279 482 299998
642 687 1100013
122 406 699994
242 656 299998
423 557 1700073
100 621 1200023
188 545 299998
344 608 299998
404 680 1500053
318 384 1200023
31 916 599995
47 271 1300033
193 833 299998
338 410 199999
73 766 1400043
754 945 299998
844 913 1300033
714 883 1600063
46 308 100000
269 599 1800083
124 476 1900093
697 731 1400043
240 377 499996
696 943 799993
600 960 1200023
679 808 399997
191 679 599995
15 231 1300033
156 442 199999
258 934 1100013
368 456 1600063
157 526 1400043
327 937 599995
741 976 1900093
337 504 799993
335 394 1300033
323 621 1700073
442 838 199999
37 297 100000
354 818 299998
685 981 1800083
3 930 1400043
148 553 199999
546 748 1800083
676 810 1400043
113 752 2000103
258 788 1400043
244 795 2000103
62 386 1400043
419 764 1200023
314 511 2000103
563 777 899992
101 351 299998
344 546 2000103
117 303 699994
612 751 1800083
210 377 1600063
395 986 1300033
442 781 199999
659 895 399997
103 768 1300033
93 563 499996
263 373 499996
595 979 1200023
378 404 1900093
87 119 499996
625 706 1200023
469 710 399997
282 587 199999
253 601 499996
762 913 199999
122 370 399997
350 901 1500053
175 401 1400043
202 740 1700073
162 544 899992
109 817 1400043
317 537 2000103
121 196 1500053
25 467 1400043
162 909 299998
631 867 799993
165 697 1900093
676 944 1600063
629 698 599995
541 895 699994
422 481 199999
195 538 699994
379 509 499996
727 817 899992
235 239 199999
609 636 599995
418 916 1400043
557 683 799993
392 783 1900093
330 369 1800083
887 980 599995
601 821 399997
305 408 1700073
581 655 1300033
47 986 499996
449 846 2000103
610 640 1900093
352 856 899992
261 947 1500053
61 904 2000103
181 553 1900093
136 250 1400043
240 273 1600063
111 667 299998
85 344 1700073
435 502 1800083
59 352 1700073
164 290 100000
276 397 1600063
452 917 1900093
126 700 1800083
906 919 1600063
231 943 1300033
536 978 599995
227 406 1400043
516 933 699994
224 342 1400043
192 387 899992
669 786 1700073
461 522 299998
451 455 1900093
69 751 599995
393 478 1100013
226 717 1700073
153 961 2000103
125 747 1400043
529 633 1700073
253 292 2000103
222 885 1600063
605 753 399997
306 940 199999
108 961 299998
471 510 299998
175 646 699994
18 749 1700073
176 979 1
934 975 1200023
483 836 1500053
387 674 2000103
339 807 1
790 850 399997
58 611 499996
211 472 1500053
503 886 1400043
735 778 1
670 672 1600063
53 737 399997
74 788 499996
61 424 199999
267 599 299998
387 864 199999
302 403 1
506 773 100000
908 924 299998
228 696 499996
100 462 100000
354 988 1500053
53 833 299998
248 906 1200023
598 870 699994
420 913 1100013
148 573 1100013
116 354 199999
66 755 299998
293 981 599995
3 118 899992
86 245 299998
780 802 1700073
275 862 299998
221 644 799993
155 521 1100013
573 612 1400043
5 442 1700073
1 349 1200023
128 852 1500053
310 604 1200023
177 239 599995
76 748 399997
287 574 399997
560 630 1400043
350 822 2000103
306 858 1500053
504 612 799993
766 966 1
294 384 899992
571 798 699994
492 532 1100013
564 996 1400043
209 329 599995
287 903 899992
13 955 1600063
156 253 100000
24 630 1700073
691 851 599995
529 556 2000103
415 472 1500053
80 718 299998
385 461 1200023
319 477 399997
354 579 699994
295 326 1
504 806 299998
284 405 1700073
455 890 799993
284 484 899992
184 572 899992
108 885 1900093
86 861 899992
237 288 1500053
494 559 1200023
173 358 199999
217 469 1100013
338 433 1
822 824 1400043
498 880 1500053
92 519 1900093
342 698 1100013
318 321 1700073
535 743 599995
720 885 1600063
339 663 899992
312 513 699994
964 990 399997
524 736 899992
14 837 1900093
170 499 1400043
399 618 1600063
152 646 1500053
141 880 1900093
209 823 1900093
258 537 1400043
313 754 799993
76 833 199999
118 534 1
582 738 100000
131 629 1800083
346 979 699994
403 476 2000103
70 301 899992
132 994 599995
522 754 1400043
890 927 1900093
586 789 1400043
35 463 2000103
158 737 199999
28 309 1500053
309 686 1300033
128 555 799993
268 854 1800083
770 812 1600063
837 981 1900093
556 964 799993
637 648 899992
441 870 1100013
921 987 1
51 358 100000
234 926 2000103
245 856 1600063
15 74 299998
103 170 1900093
480 860 1500053
183 745 1500053
234 465 1800083
247 614 1800083
42 552 1600063
155 700 899992
76 909 1700073
110 528 1
120 503 899992
649 767 499996
131 317 1800083
217 636 299998
8 500 499996
495 754 100000
348 478 299998
698 899 599995
737 875 1100013
48 50 1800083
728 853 899992
97 482 1100013
458 665 1
433 789 1200023
227 631 399997
163 171 499996
257 395 399997
668 777 899992
285 872 599995
149 930 399997
417 705 1900093
123 326 1
330 340 799993
12 197 1100013
576 649 2000103
542 605 1800083
45 88 1300033
793 830 1300033
42 762 1300033
97 457 299998
275 907 399997
314 484 1100013
495 821 1200023
717 876 100000
221 600 1400043
420 948 399997
341 657 799993
166 580 299998
332 863 1700073
211 781 1500053
240 498 599995
447 982 1600063
68 290 1100013
508 549 1800083
309 500 299998
808 910 1700073
231 577 1100013
244 267 1200023
354 363 1300033
442 889 399997
642 720 1400043
17 411 2000103
912 933 899992
428 805 1600063
16 62 2000103
14 730 100000
288 358 1400043
355 551 699994
230 618 100000
367 674 1500053
452 992 1800083
392 595 1500053
89 448 1900093
20 355 1600063
245 729 2000103
334 499 1400043
189 924 799993
514 656 1800083
280 722 899992
542 889 799993
170 329 1
29 901 799993
214 707 1100013
625 891 199999
58 815 1800083
292 738 399997
252 442 1400043
488 976 1300033
502 567 1400043
22 205 1
139 151 1200023
402 651 699994
3 363 1600063
521 864 899992
492 717 1800083
163 838 100000
60 508 1
729 958 499996
505 780 1400043
39 290 799993
331 826 1100013
78 645 1800083
312 724 799993
563 723 399997
66 778 1600063
105 143 1800083
92 537 1800083
41 986 499996
473 569 899992
98 981 1800083
370 495 399997
160 910 1100013
173 457 1
469 545 1800083
179 739 1500053
2 445 1900093
36 407 1900093
255 900 1100013
334 490 299998
105 674 199999
352 367 1900093
588 597 1800083
128 590 299998
184 652 499996
48 770 299998
520 696 1
350 545 499996
35 592 1800083
418 978 1200023
337 604 299998
190 634 1800083
396 951 899992
241 714 1300033
934 992 1300033
728 858 1100013
648 714 1500053
485 500 1100013
455 470 799993
187 396 199999
121 170 1700073
351 784 899992
439 758 1500053
210 363 199999
130 795 599995
127 132 1700073
650 779 1600063
527 820 399997
234 466 399997
158 879 1400043
571 624 1200023
278 355 799993
129 342 1400043
462 519 899992
330 936 1500053
773 916 699994
443 694 1200023
656 673 1200023
445 774 1700073
122 549 1100013
503 975 1900093
398 893 1200023
42 204 1600063
66 754 1400043
416 472 1
47 905 100000
269 405 599995
703 959 299998
275 318 1
195 241 499996
710 751 399997
295 628 1300033
163 690 1900093
611 787 599995
188 551 799993
134 982 1300033
326 632 1600063
747 933 299998
31 742 1300033
331 843 199999
290 660 1300033
290 637 799993
189 989 1
67 252 100000
147 229 899992
171 744 1400043
256 376 1100013
184 541 1200023
520 783 1800083
282 585 599995
367 831 399997
540 711 1800083
128 871 699994
287 908 1100013
94 891 499996
632 785 1900093
381 689 199999
782 919 1100013
712 986 499996
631 772 100000
57 459 1800083
366 441 1400043
303 835 1500053
57 78 1200023
29 560 1900093
375 409 199999
487 967 2000103
483 497 1
27 117 1
908 984 2000103
171 930 1
635 651 100000
17 150 699994
19 143 199999
160 741 199999
374 762 1200023
287 929 1800083
641 817 1700073
742 867 1400043
541 651 1900093
362 961 1200023
509 698 100000
255 939 1600063
474 805 1300033
172 480 1800083
289 761 1
69 693 1
848 931 1800083
489 617 199999
250 787 1
338 766 1500053
72 150 1600063
87 677 1800083
173 633 1
352 836 799993
85 733 299998
236 668 1100013
269 916 1400043
313 591 499996
122 621 699994
402 747 599995
339 412 699994
245 252 1100013
284 292 1
91 977 1800083
156 561 499996
19 723 699994
208 520 1300033
73 389 799993
453 580 499996
15 164 299998
316 793 899992
339 924 599995
290 541 1500053
866 964 1100013
73 917 2000103
530 913 1700073
152 914 1300033
523 953 2000103
579 853 599995
258 950 1200023
169 614 499996
267 582 1200023
303 455 1600063
412 912 1100013
984 989 1600063
464 623 299998
535 944 799993
524 775 499996
255 422 100000
746 889 699994
157 517 299998
214 614 599995
523 993 899992
862 877 399997
647 697 499996
663 818 2000103
448 566 1800083
483 693 2000103
346 746 899992
60 481 100000
214 380 1100013
181 799 1800083
50 591 1800083
310 865 1600063
315 742 1500053
776 839 1400043
183 925 1200023
231 459 2000103
53 155 399997
202 478 599995
50 762 1
708 992 1100013
276 738 1600063
686 909 499996
30 763 2000103
535 689 199999
518 887 499996
153 836 1800083
927 935 1100013
597 839 1800083
21 126 1400043
443 469 699994
232 642 1
370 512 1400043
144 453 299998
338 527 899992
99 647 799993
36 872 1300033
182 684 499996
544 672 399997
728 835 799993
386 631 1400043
25 995 499996
184 258 1400043
375 770 1
809 970 2000103
71 221 599995
699 996 199999
470 697 2000103
219 991 1500053
182 725 299998
88 253 1400043
303 715 2000103
298 564 199999
315 363 299998
93 627 1700073
27 955 1600063
40 534 899992
264 562 1800083
328 387 499996
665 742 100000
537 829 1
467 751 899992
244 346 599995
199 866 699994
517 780 499996
138 881 1400043
352 896 599995
1 397 1
268 785 199999
564 809 799993
48 566 1800083
396 569 1800083
26 682 2000103
474 516 1800083
125 852 699994
332 474 1100013
484 888 1600063
553 867 1300033
609 990 899992
506 586 1300033
141 315 399997
76 887 2000103
78 231 1400043
664 815 1500053
297 633 1400043
835 998 699994
160 306 1600063
123 833 599995
192 400 599995
200 283 1
32 222 399997
204 346 1400043
825 962 799993
331 911 199999
212 642 199999
343 790 1500053
749 884 499996
502 804 1800083
44 485 1900093
620 681 799993
98 969 2000103
44 245 799993
610 872 699994
547 729 299998
153 857 1100013
84 844 1200023
180 915 199999
161 901 1400043
488 835 100000
474 951 599995
321 835 1700073
147 849 1100013
63 639 1900093
39 880 1300033
51 522 1
555 849 499996
69 573 699994
613 799 199999
627 724 799993
80 688 1600063
350 662 1400043
127 713 799993
22 335 1900093
96 689 799993
107 795 299998
102 656 899992
252 789 1
257 935 1900093
79 498 399997
583 603 1900093
719 880 1900093
606 757 100000
259 741 2000103
243 323 399997
543 623 1900093
143 316 100000
768 821 899992
478 777 199999
230 316 1
549 556 799993
422 535 199999
589 905 2000103
284 387 299998
19 481 299998
129 138 1100013
688 738 1600063
25 289 199999
62 482 100000
285 790 599995
520 620 1700073
206 339 1600063
190 836 1100013
29 678 599995
323 778 299998
288 978 1500053
163 795 1100013
357 897 799993
299 633 1400043
217 968 799993
28 807 699994
644 942 1600063
265 542 1300033
732 767 199999
91 429 599995
437 716 299998
405 407 1400043
26 437 1100013
107 189 1600063
29 112 1
536 841 1
256 544 699994
21 799 299998
212 301 100000
2 813 299998
375 790 1200023
282 800 499996
173 906 1600063
124 501 799993
652 805 599995
588 981 100000
70 146 699994
545 647 499996
636 971 499996
11 39 499996
559 987 599995
429 944 1900093
679 938 699994
377 956 1800083
241 571 100000
666 855 1
281 442 799993
653 940 2000103
578 901 1900093
311 821 1800083
561 962 1300033
626 888 399997
23 658 1
295 446 399997
456 927 1100013
86 120 699994
263 438 1900093
324 515 1700073
641 753 299998
691 954 1800083
57 767 1500053
230 249 799993
5 324 499996
312 472 1300033
85 291 1600063
303 357 599995
189 958 1800083
728 921 699994
49 898 199999
546 740 1900093
179 238 1700073
278 698 1300033
285 830 2000103
384 829 100000
91 668 100000
101 169 1900093
560 933 199999
967 993 1700073
76 343 399997
435 563 899992
676 755 1600063
791 969 1600063
71 405 1400043
375 742 1600063
726 905 1200023
273 718 1700073
273 882 699994
472 816 2000103
377 516 1300033
103 995 1
422 600 1
668 710 899992
572 653 1400043
464 508 199999
327 884 799993
358 631 1700073
7 816 299998
137 263 1500053
42 136 1800083
135 917 199999
164 590 299998
162 496 199999
123 498 1800083
400 778 1
386 684 599995
519 614 1500053
174 997 899992
406 679 1600063
344 363 399997
774 854 1100013
235 950 499996
693 907 1800083
511 969 1
415 994 1400043
392 858 1
84 383 2000103
176 539 499996
506 828 1400043
12 516 1
558 925 1800083
104 618 1200023
793 988 1200023
579 770 1
395 469 599995
62 216 2000103
126 882 100000
40 250 399997
146 610 1200023
179 269 1700073
879 997 1600063
50 140 1400043
454 997 1800083
301 875 1100013
227 555 100000
33 536 399997
886 887 1500053
232 267 1600063
35 331 1800083
701 737 1900093
186 618 1800083
426 484 299998
294 382 599995
450 828 399997
258 298 799993
563 586 199999
861 954 799993
337 363 299998
47 262 599995
431 833 1600063
2 777 100000
167 803 799993
461 543 1300033
145 789 100000
423 932 899992
183 652 699994
95 383 899992
277 772 1900093
77 443 1700073
375 929 1100013
331 566 1400043
105 483 1700073
881 895 1300033
213 226 399997
689 788 1500053
20 683 399997
168 585 1
188 712 299998
100 717 1200023
172 910 1100013
34 338 1300033
232 500 1400043
823 829 599995
322 427 599995
82 993 299998
126 605 699994
552 895 599995
661 827 1800083
92 399 1200023
12 230 1200023
800 844 1300033
443 704 1200023
760 890 1500053
118 411 1300033
886 898 2000103
565 955 1800083
65 380 499996
825 963 1600063
375 711 299998
13 368 199999
708 781 1900093
293 886 1400043
324 785 1
896 933 1900093
624 923 1300033
862 997 399997
390 409 2000103
525 633 1900093
130 830 1
89 220 1
233 467 1300033
350 931 1500053
437 596 299998
663 703 699994
82 555 1300033
242 959 2000103
370 887 199999
160 826 1300033
535 955 599995
237 514 1100013
10 617 1500053
257 401 599995
522 536 599995
341 543 899992
702 719 1900093
734 811 1700073
394 659 1400043
299 959 499996
296 359 199999
456 465 1400043
471 899 1800083
67 954 1
285 932 299998
336 857 1400043
254 603 1900093
351 981 1900093
627 884 1900093
35 983 599995
188 722 199999
690 944 299998
515 881 1500053
650 939 1200023
36 93 100000
287 805 699994
764 884 299998
992 994 599995
228 336 699994
118 941 799993
578 980 1500053
746 793 1400043
646 951 100000
29 501 1
28 590 1100013
520 575 1900093
269 815 899992
297 958 799993
83 140 1200023
237 709 1100013
966 979 799993
457 804 1800083
264 929 1400043
714 727 1900093
333 693 1700073
145 478 100000
222 458 899992
324 790 299998
307 558 1700073
720 869 1900093
765 951 799993
500 972 399997
188 267 399997
249 866 1
496 535 399997
454 814 1200023
494 860 699994
901 969 299998
508 665 2000103
526 666 100000
788 968 1400043
374 942 2000103
94 404 1100013
323 836 299998
609 716 1700073
186 682 1500053
856 870 699994
551 780 899992
135 951 399997
432 758 799993
646 933 199999
539 653 699994
9 299 499996
114 868 1200023
802 927 399997
230 502 1
462 676 199999
133 177 199999
443 484 899992
565 744 899992
150 228 1200023
92 586 499996
290 756 1900093
65 943 100000
61 317 1100013
37 623 699994
208 415 1200023
273 548 1700073
235 912 399997
361 646 2000103
266 475 1300033
316 911 1900093
45 638 1300033
125 872 599995
83 853 1100013
450 710 499996
828 926 100000
185 406 399997
639 924 1900093
259 875 1200023
371 443 1500053
115 438 299998
165 525 299998
321 870 1300033
102 903 1400043
558 565 799993
166 555 1
174 319 599995
35 179 799993
370 504 599995
393 934 799993
159 706 699994
460 543 1900093
149 520 599995
715 790 1200023
220 754 1300033
771 871 100000
12 837 699994
349 872 199999
974 979 1200023
512 643 2000103
435 603 699994
844 965 599995
369 495 1
202 513 599995
766 942 699994
302 909 699994
405 866 1
554 750 1800083
29 645 699994
657 966 1800083
12 612 1200023
174 262 399997
355 467 1700073
75 797 1300033
241 729 100000
426 934 399997
531 635 1600063
671 750 1700073
664 939 1500053
167 406 1700073
46 461 399997
184 549 799993
314 674 2000103
439 957 1400043
368 685 299998
141 522 799993
430 671 1100013
476 976 699994
608 723 1900093
491 510 1600063
518 597 1800083
609 612 299998
179 280 1
19 489 1600063
313 560 1800083
850 910 1500053
538 918 1500053
262 496 599995
52 778 799993
637 839 1800083
524 816 199999
290 793 299998
93 839 1700073
119 335 1
805 975 399997
427 897 1500053
357 904 1300033
663 747 499996
290 894 1
142 932 1600063
22 859 1700073
43 428 599995
111 707 799993
276 609 1200023
654 972 1100013
181 329 1100013
1 658 1600063
286 456 1700073
434 597 799993
269 905 299998
69 219 1900093
75 380 1200023
470 800 399997
30 298 699994
222 569 199999
234 768 1100013
424 948 1700073
477 765 1
17 346 1300033
308 616 799993
99 838 299998
673 758 1200023
289 765 299998
522 928 1300033
489 627 499996
74 947 399997
286 809 1400043
305 715 1900093
114 152 599995
250 903 1200023
193 251 499996
367 594 199999
33 411 1200023
633 678 499996
78 789 1400043
623 856 499996
11 900 699994
521 916 599995
41 991 1400043
552 617 1200023
14 953 1600063
213 463 1900093
237 919 799993
125 516 399997
98 422 399997
328 545 1400043
332 886 899992
473 583 1900093
464 769 499996
102 813 1600063
178 688 100000
380 658 899992
460 481 1
428 753 1500053
730 732 1600063
36 963 1100013
178 953 1600063
418 589 1800083
307 794 899992
322 454 599995
191 894 599995
168 848 1200023
571 922 899992
902 955 1600063
244 725 799993
271 907 1
393 517 100000
161 431 1200023
492 937 399997
444 870 499996
323 789 2000103
33 306 599995
148 191 799993
388 607 1600063
31 907 199999
184 225 799993
136 615 1
104 877 1800083
157 839 1100013
268 591 899992
216 579 799993
546 896 1100013
676 886 1600063
950 978 1200023
389 681 899992
22 236 2000103
374 754 1400043
305 497 199999
74 231 499996
23 269 1700073
151 414 1500053
31 470 1500053
647 725 799993
142 158 1400043
24 717 1600063
537 558 1
352 978 299998
356 957 499996
60 417 1300033
197 710 599995
225 295 1100013
867 939 399997
338 991 2000103
359 465 1800083
782 804 1200023
97 402 399997
247 669 1700073
25 635 399997
116 454 799993
314 369 1300033
59 702 799993
296 780 1
659 840 299998
57 239 699994
188 236 899992
816 845 399997
168 468 100000
8 234 2000103
101 455 799993
588 678 199999
806 893 799993
756 816 399997
639 959 899992
84 909 1500053
620 671 199999
581 709 799993
932 952 1200023
343 424 1500053
159 317 1
612 760 1100013
322 486 2000103
252 716 699994
318 974 199999
89 459 1600063
58 622 2000103
581 628 2000103
152 479 699994
493 938 299998
42 931 899992
140 304 1800083
133 380 1100013
18 484 1700073
133 239 1900093
82 547 199999
369 665 1800083
73 730 1700073
89 951 1100013
347 556 1
41 242 1500053
311 788 399997
47 917 1200023
268 968 199999
454 914 100000
317 940 1300033
490 663 1600063
43 530 100000
451 968 699994
620 936 1300033
292 391 1500053
95 224 899992
745 852 899992
321 790 1100013
452 498 2000103
348 429 699994
574 709 1100013
324 528 1500053
93 587 899992
837 883 599995
384 733 1
308 700 1500053
621 650 1100013
309 337 399997
575 943 100000
431 936 1
210 317 1200023
266 431 399997
308 703 599995
312 553 1600063
769 916 699994
152 607 1800083
322 531 1
206 434 399997
279 607 1400043
110 169 2000103
80 237 499996
794 894 1500053
697 734 1800083
92 811 1300033
708 849 399997
110 974 199999
555 891 1500053
859 895 1100013
537 607 1500053
260 628 1
354 485 1700073
240 520 899992
316 697 399997
868 946 399997
490 886 899992
531 929 1700073
527 795 1100013
54 302 1600063
81 666 1
747 841 2000103
836 891 1500053
174 677 100000
897 970 1100013
277 943 1600063
26 823 2000103
166 520 1900093
562 638 2000103
161 440 599995
389 724 1400043
42 914 1800083
73 188 1200023
96 456 599995
654 721 1400043
117 375 1100013
94 667 1900093
98 313 899992
594 866 2000103
333 771 199999
310 578 1800083
473 880 199999
111 700 1500053
449 692 1900093
334 883 100000
440 617 1100013
217 620 1100013
666 704 1500053
33 911 1100013
353 810 100000
854 991 100000
422 574 100000
274 384 499996
275 479 100000
555 976 1900093
13 213 1600063
60 803 599995
113 758 1
662 873 499996
484 494 1500053
89 810 499996
520 776 1900093
825 872 599995
793 887 1
44 772 1200023
427 916 899992
262 673 1200023
59 403 799993
525 971 1600063
221 931 1400043
11 994 100000
856 885 1600063
53 360 100000
69 653 100000
144 536 199999
605 845 1900093
194 255 1800083
766 810 399997
126 862 399997
36 516 1900093
438 936 2000103
97 771 199999
251 490 1900093
79 868 299998
692 869 1
318 914 199999
84 326 799993
571 821 1500053
142 986 1700073
496 727 2000103
24 551 299998
480 766 699994
658 752 2000103
654 692 2000103
494 505 100000
345 703 599995
456 850 499996
103 592 1900093
4 303 299998
256 741 2000103
386 929 1900093
65 165 299998
172 799 599995
156 581 499996
122 764 1500053
238 933 2000103
447 945 299998
653 897 799993
583 697 1700073
760 926 199999
353 808 1
690 843 299998
807 890 799993
519 985 1100013
437 701 1200023
432 495 199999
160 286 1400043
65 476 1
878 933 1200023
743 931 2000103
688 909 1800083
325 535 1800083
85 447 1600063
657 933 1600063
643 680 299998
587 810 199999
156 909 399997
321 896 100000
33 354 1600063
293 411 1700073
411 910 1500053
81 791 399997
406 870 499996
104 658 1600063
205 809 2000103
30 390 1200023
60 759 699994
353 516 1400043
374 568 299998
94 644 1500053
76 702 1100013
442 746 1700073
273 775 1
172 634 1600063
343 748 100000
232 700 399997
153 383 499996
604 644 1
289 402 2000103
196 477 499996
368 975 1200023
386 865 2000103
265 723 2000103
297 454 799993
321 508 1400043
773 835 399997
658 730 899992
708 846 399997
697 933 499996
247 406 1300033
23 738 1300033
863 976 1800083
206 935 799993
64 993 1300033
660 842 2000103
40 717 799993
272 345 899992
205 712 1700073
443 689 100000
76 475 599995
65 998 799993
52 985 1500053
157 195 599995
268 782 1400043
366 634 1600063
117 298 1800083
251 294 399997
388 569 2000103
564 916 1600063
84 364 599995
261 335 1
47 914 599995
12 653 100000
122 605 1600063
164 189 100000
388 813 399997
470 642 100000
844 970 1
465 753 1800083
548 998 1900093
363 751 1300033
683 926 599995
85 151 699994
126 308 1300033
71 769 100000
348 967 599995
801 848 1400043
191 919 699994
452 629 100000
82 572 1600063
131 209 1800083
299 669 1600063
71 589 1300033
328 864 1400043
436 883 899992
689 826 1400043
187 220 1800083
644 959 1700073
316 944 1500053
949 957 1300033
694 924 1700073
529 829 1300033
356 977 899992
456 652 1100013
31 144 1100013
108 425 399997
309 999 799993
611 784 1400043
147 727 1100013
309 435 100000
912 972 1400043
585 705 199999
84 148 1
233 651 599995
358 839 1200023
792 958 799993
214 550 1500053
482 758 100000
475 825 1600063
255 593 199999
331 412 1400043
623 888 1800083
55 480 899992
561 735 799993
546 945 799993
85 132 499996
255 665 199999
317 875 1
398 482 199999
439 876 899992
445 567 599995
377 501 799993
404 872 799993
397 618 599995
420 583 1700073
650 794 1300033
440 659 2000103
840 845 1600063
196 937 1400043
223 492 399997
631 799 100000
140 638 599995
200 651 699994
11 816 599995
163 286 1500053
361 417 1700073
567 877 1600063
894 915 1200023
793 907 899992
45 133 1100013
620 928 799993
439 906 1700073
357 667 1400043
55 944 100000
687 773 399997
67 228 1700073
406 909 1500053
51 984 1500053
120 134 699994
14 993 199999
508 721 1100013
58 928 1200023
76 965 1200023
0 422 1100013
331 674 1900093
88 252 2000103
440 759 899992
10 411 799993
81 741 599995
592 952 899992
112 668 1800083
301 374 599995
93 131 1200023
78 250 1100013
182 610 499996
347 955 799993
443 703 299998
71 599 1200023
300 474 1300033
96 435 1200023
631 798 699994
29 875 299998
218 767 299998
11 602 1300033
223 549 499996
302 707 1400043
249 713 399997
62 862 499996
376 478 1900093
520 719 1700073
66 674 399997
347 901 1500053
168 772 499996
67 192 1400043
284 941 100000
342 958 1200023
150 743 2000103
189 973 1100013
162 630 299998
483 699 599995
390 577 1600063
44 138 1900093
216 962 1
489 877 1700073
618 831 1300033
53 348 1200023
349 814 1100013
382 745 1700073
269 348 1
476 907 2000103
10 245 1800083
428 603 100000
341 718 100000
316 996 1500053
207 453 1
96 638 1
227 477 1500053
976 991 299998
370 601 499996
175 998 1500053
253 346 1900093
106 815 199999
96 725 2000103
20 425 1300033
827 967 1300033
779 838 1400043
65 578 599995
57 632 1900093
53 164 399997
44 709 1800083
369 842 1100013
224 244 1600063
144 791 199999
617 672 1100013
99 823 1300033
26 946 499996
188 767 599995
405 843 1300033
258 551 1700073
489 724 100000
211 276 699994
353 546 1800083
35 891 1900093
160 610 499996
285 418 100000
8 98 199999
232 308 100000
402 932 1400043
3 403 499996
345 657 2000103
246 719 2000103
209 292 799993
958 961 1400043
71 377 699994
436 536 1800083
125 406 1700073
844 940 1200023
400 498 1600063
390 501 699994
143 770 899992
238 475 799993
794 913 1800083
217 548 199999
459 741 1900093
177 219 899992
333 709 1100013
405 563 899992
77 244 1800083
502 769 299998
99 203 1500053
248 494 1800083
31 380 199999
779 805 199999
692 977 699994
417 701 299998
187 315 1900093
272 359 699994
570 584 1
607 878 1100013
395 802 399997
581 735 100000
302 922 899992
158 642 1800083
290 881 699994
636 858 299998
200 707 199999
260 939 1100013
194 362 499996
197 627 1700073
682 728 599995
619 891 499996
236 666 299998
147 712 399997
380 415 1600063
413 692 1800083
317 488 299998
55 266 1
115 568 1100013
364 468 699994
246 439 1
269 539 299998
356 697 1500053
99 853 2000103
162 487 899992
62 608 199999
87 852 2000103
677 727 2000103
949 972 1300033
562 677 100000
407 483 1900093
459 786 1600063
293 581 899992
373 764 1200023
491 918 599995
280 443 1800083
372 888 1800083
215 482 100000
401 995 199999
50 822 1300033
130 691 1200023
196 686 499996
710 884 1600063
80 191 599995
100 511 299998
515 775 1300033
343 365 1800083
532 772 799993
544 715 1300033
176 299 599995
270 352 599995
793 987 1400043
500 991 1600063
208 337 299998
55 105 1700073
298 444 1300033
795 831 499996
221 368 1200023
206 368 1
192 791 799993
647 912 199999
141 528 199999
543 835 1600063
406 946 399997
238 482 1500053
514 776 399997
371 880 1200023
12 105 199999
68 415 899992
37 336 599995
263 969 100000
561 903 1400043
788 930 1600063
264 965 499996
555 678 199999
328 355 499996
168 780 1800083
162 964 1700073
298 586 899992
262 913 199999
45 429 2000103
887 906 799993
4 581 699994
382 779 1700073
503 965 1100013
120 698 1
54 421 699994
441 732 399997
717 915 1700073
289 410 1100013
853 995 799993
313 521 599995
498 782 1100013
103 583 1700073
662 803 1800083
925 942 799993
573 820 499996
151 385 1800083
535 552 699994
473 953 599995
410 478 299998
272 749 100000
191 217 1800083
474 534 2000103
140 635 499996
114 857 1400043
473 598 1300033
197 368 1400043
636 717 1100013
191 529 399997
316 709 100000
134 199 799993
364 727 299998
386 971 1700073
479 512 1200023
866 871 199999
53 766 1700073
42 214 1400043
298 720 199999
547 774 1800083
294 783 1100013
141 881 1900093
50 451 1300033
452 595 1700073
401 575 1100013
386 567 799993
169 847 2000103
142 326 1200023
349 504 1200023
15 817 1200023
511 717 299998
165 764 1700073
110 571 699994
243 917 1900093
285 432 1
112 680 399997
297 564 699994
233 388 1
290 852 2000103
486 527 100000
36 450 1
852 876 2000103
338 587 1700073
925 930 1600063
223 704 499996
267 433 1600063
485 904 1700073
387 774 299998
159 621 1700073
539 905 699994
415 644 1
97 659 499996
164 962 799993
284 851 699994
248 406 299998
79 384 1500053
232 528 1100013
395 728 100000
40 846 899992
305 352 1900093
34 170 1900093
312 691 1200023
877 980 1
635 701 499996
423 444 199999
792 911 1600063
250 278 599995
3 522 1300033
337 676 1
904 932 1400043
296 988 1700073
476 497 1300033
175 217 1200023
52 293 699994
272 795 1900093
160 967 799993
336 490 1400043
565 882 1100013
622 649 1800083
568 875 199999
113 228 1300033
162 714 899992
138 976 499996
372 855 1200023
176 338 599995
441 970 1800083
106 248 699994
183 429 100000
179 574 699994
734 879 399997
417 596 599995
516 569 699994
176 852 2000103
24 216 1100013
196 824 1800083
431 726 1700073
285 697 1300033
276 644 1900093
228 701 1100013
28 616 899992
694 860 1100013
83 997 1300033
180 294 2000103
540 922 1600063
296 643 1100013
64 691 1400043
470 555 1200023
294 816 1100013
501 610 100000
370 754 599995
398 821 1900093
663 984 1200023
404 912 2000103
302 789 2000103
212 768 1
181 964 1300033
284 410 1
361 511 2000103
201 971 1600063
581 882 699994
387 903 1200023
225 613 299998
510 839 1800083
97 512 1
387 673 1100013
21 408 1800083
194 983 799993
359 932 1400043
553 810 699994
104 630 199999
99 551 199999
61 413 699994
102 501 1400043
56 202 899992
260 977 1800083
511 619 1
76 880 1
231 632 899992
396 828 799993
804 822 299998
360 402 1500053
41 501 1
116 583 299998
209 771 100000
36 548 1400043
263 786 1200023
221 969 1200023
208 997 599995
301 833 899992
158 448 2000103
405 982 799993
268 608 199999
221 256 1900093
660 734 599995
115 855 299998
186 584 1700073
508 558 2000103
85 697 1500053
679 944 199999
390 875 1500053
228 854 599995
146 275 399997
545 915 1300033
259 971 1600063
136 870 1
116 995 1400043
594 678 599995
99 881 399997
307 801 1600063
443 651 1300033
19 81 599995
54 928 1
269 676 599995
158 282 899992
229 746 1400043
165 394 1300033
93 474 1400043
532 602 599995
503 889 599995
476 773 499996
193 774 100000
324 602 699994
192 765 1700073
469 968 1500053
121 767 799993
399 792 1700073
126 358 1200023
362 616 2000103
238 722 1900093
321 401 699994
361 662 1
169 212 2000103
40 965 299998
470 971 1700073
583 945 899992
161 564 1200023
290 791 1500053
572 718 1200023
832 844 699994
113 252 899992
655 844 899992
80 102 399997
60 765 699994
173 805 1
468 833 1800083
28 337 499996
822 909 399997
40 168 299998
334 890 100000
246 661 100000
434 886 1800083
220 355 1800083
327 743 1600063
503 940 799993
163 239 1200023
198 376 299998
117 529 1400043
348 706 299998
344 989 1800083
660 752 1600063
205 954 1200023
113 818 1
43 169 1900093
104 617 399997
144 252 1700073
79 767 1100013
271 390 299998
63 236 100000
49 835 799993
404 906 899992
408 988 100000
182 822 1200023
487 909 1400043
881 990 1300033
242 783 1
155 413 1300033
15 791 1700073
136 377 499996
353 423 1400043
573 764 1400043
446 880 1700073
135 832 799993
366 797 599995
50 314 1500053
280 572 399997
37 581 1600063
112 526 1300033
146 151 1
102 638 399997
552 747 799993
479 971 100000
72 674 1600063
170 730 100000
321 962 1100013
289 922 199999
201 808 100000
31 448 1900093
788 862 499996
493 665 1600063
64 459 599995
185 624 1400043
26 578 1400043
371 555 1900093
11 26 1300033
604 684 1200023
64 915 2000103
189 247 199999
313 970 1100013
739 917 699994
372 823 199999
346 738 1700073
809 888 699994
496 700 1700073
121 272 299998
47 594 599995
725 856 100000
282 359 1600063
318 583 299998
526 902 899992
568 649 299998
99 137 899992
499 511 1100013
478 715 199999
476 960 1100013
25 182 100000
450 709 1200023
286 804 899992
255 781 699994
585 846 1300033
679 744 2000103
401 433 299998
808 812 399997
362 918 199999
653 920 599995
695 932 1
558 690 299998
137 326 1500053
462 861 599995
772 868 1700073
591 653 399997
696 932 299998
392 907 699994
16 598 1300033
536 651 499996
393 686 1400043
17 416 299998
813 898 1300033
255 998 1500053
378 525 1800083
65 519 100000
90 418 1100013
421 429 1200023
135 463 1900093
736 807 1
481 862 1200023
75 178 100000
745 919 1900093
298 707 1100013
187 925 499996
266 551 1600063
535 749 599995
54 200 399997
33 259 2000103
177 765 1300033
414 674 899992
85 879 699994
665 669 1300033
170 503 1
428 664 299998
445 580 2000103
109 669 199999
396 469 1
85 252 100000
494 861 1500053
66 588 1200023
13 960 1600063
498 752 1200023
778 986 100000
517 828 1200023
308 554 299998
680 714 699994
625 889 1200023
249 421 1500053
630 984 1300033
214 998 399997
502 964 699994
812 818 1
203 883 1700073
650 718 299998
343 821 399997
189 269 1400043
360 748 1100013
361 562 1
393 551 1
207 954 2000103
235 683 699994
469 494 199999
26 414 499996
599 834 1900093
533 714 1200023
514 672 899992
651 924 299998
483 751 1800083
112 516 1500053
576 707 1600063
321 903 199999
545 596 1
464 907 399997
642 987 1900093
214 420 1700073
396 834 1600063
62 390 499996
195 944 1200023
234 881 799993
203 238 1200023
284 695 1
385 501 899992
0 421 499996
665 813 1400043
562 892 1300033
697 757 1100013
377 434 499996
92 630 299998
79 477 899992
119 725 2000103
456 623 1300033
313 508 399997
448 774 100000
611 806 100000
479 747 1300033
373 916 1100013
79 321 100000
155 415 2000103
189 512 1300033
365 629 499996
121 157 100000
441 822 1300033
66 566 499996
300 768 1100013
254 651 499996
211 435 1800083
343 782 399997
179 637 699994
736 790 1200023
54 603 699994
98 643 299998
378 990 1900093
59 981 1400043
124 432 1900093
742 789 1700073
769 955 299998
284 712 1400043
187 566 1700073
916 959 1300033
360 431 100000
588 944 1300033
770 934 1600063
454 642 599995
117 710 1
558 687 1600063
84 560 1500053
178 428 2000103
542 611 1
198 700 299998
60 881 1400043
275 351 899992
435 507 1900093
922 944 1700073
141 733 799993
496 572 199999
528 987 1100013
733 992 1200023
178 847 899992
412 796 699994
27 401 1700073
258 556 1500053
85 984 1600063
482 739 1700073
344 569 1600063
520 875 1700073
608 854 1400043
495 706 1900093
37 520 1500053
379 665 1400043
98 335 1200023
226 697 1600063
767 807 599995
550 603 1500053
68 624 699994
144 931 100000
766 970 1400043
338 539 799993
67 887 1700073
430 892 1700073
672 937 1400043
814 837 1400043
269 894 399997
860 997 299998
186 313 1700073
164 175 1500053
380 986 799993
323 803 2000103
883 972 899992
384 712 2000103
751 865 1300033
119 422 399997
265 999 799993
18 616 100000
445 531 1300033
384 407 799993
131 192 1
38 557 1700073
469 492 1500053
136 428 1900093
231 926 1
282 475 1
393 946 299998
517 951 899992
178 334 399997
285 656 1200023
623 827 1
29 754 599995
525 902 1500053
190 733 1
221 853 399997
219 886 499996
361 583 1700073
575 774 699994
587 625 499996
108 710 1
637 872 1800083
98 832 1400043
201 479 299998
467 805 399997
476 735 1500053
221 928 2000103
291 505 1500053
129 806 100000
593 639 1400043
84 221 1
187 658 499996
622 936 299998
129 904 699994
187 565 1100013
82 892 699994
895 920 1400043
5 84 399997
271 718 399997
718 851 1700073
633 876 1200023
150 394 1700073
499 812 799993
225 740 1
192 684 1200023
475 953 399997
344 847 2000103
149 799 499996
135 752 399997
373 394 399997
684 841 1700073
167 553 1100013
213 803 399997
812 919 100000
462 619 499996
409 681 1800083
160 223 899992
159 880 799993
708 890 1800083
505 544 599995
209 773 1800083
271 708 1100013
463 906 599995
511 904 1500053
458 567 1
780 821 1
12 31 499996
588 716 699994
827 863 1900093
47 341 699994
428 741 1100013
433 894 1100013
202 365 1100013
428 701 899992
297 398 1800083
265 319 699994
363 660 199999
420 887 1800083
163 238 299998
266 512 699994
155 688 1100013
170 261 100000
11 240 899992
654 795 1300033
883 992 399997
151 831 899992
407 818 1600063
549 551 1500053
493 719 199999
506 548 1800083
222 365 1800083
397 512 799993
88 812 1
63 77 1300033
176 904 899992
505 970 1400043
427 795 1700073
542 979 899992
55 633 1100013
440 669 1
610 679 1100013
19 934 1200023
348 937 1900093
428 764 899992
450 645 100000
222 939 1900093
440 526 199999
718 734 899992
285 761 1900093
158 450 1200023
363 924 899992
310 525 1500053
75 429 100000
64 107 499996
150 306 1600063
65 237 399997
361 501 599995
471 775 799993
389 469 1800083
808 955 1700073
304 725 699994
472 667 699994
268 586 399997
49 718 2000103
404 694 1
64 147 299998
358 818 1700073
268 643 2000103
264 466 100000
651 884 399997
158 933 1500053
787 884 1500053
732 848 1400043
900 997 100000
165 956 1500053
202 637 100000
460 719 100000
126 510 100000
496 638 1400043
555 859 499996
133 905 1200023
0 562 1800083
29 743 699994
356 630 1500053
581 818 699994
39 47 2000103
573 816 1300033
389 674 1500053
344 431 2000103
79 413 599995
809 921 399997
404 910 1400043
606 614 1100013
227 261 799993
264 275 399997
157 859 499996
819 890 599995
888 953 299998
660 911 1700073
731 839 1200023
408 803 100000
598 668 1100013
155 293 1800083
365 799 1600063
467 859 499996
189 776 299998
713 972 1500053
109 668 1
30 626 1700073
249 871 1700073
882 973 199999
388 655 1700073
35 62 1800083
46 395 299998
554 800 799993
645 694 1500053
648 793 1700073
12 143 1200023
252 558 599995
40 731 2000103
132 611 899992
471 625 899992
463 775 699994
447 818 1100013
6 995 399997
70 155 199999
220 497 1800083
157 507 199999
342 460 299998
173 865 599995
90 267 599995
493 901 1100013
907 947 1200023
37 838 1600063
304 855 100000
691 941 399997
232 574 199999
548 735 1100013
274 612 699994
25 619 599995
76 252 1700073
283 527 1
112 913 1
457 535 1900093
517 704 599995
511 562 199999
311 315 1300033
675 920 299998
67 602 299998
115 380 299998
72 190 1200023
0 983 499996
90 437 799993
575 982 1300033
15 511 1600063
45 331 899992
225 449 1700073
673 734 599995
226 956 100000
361 577 1400043
515 695 1800083
363 838 899992
216 983 1700073
73 432 1900093
145 502 299998
571 781 199999
190 610 299998
152 832 1400043
111 407 599995
377 752 100000
266 527 1600063
80 113 799993
379 413 1400043
228 326 699994
207 495 1500053
385 407 299998
622 946 1800083
344 996 1700073
908 935 799993
292 680 1300033
283 359 599995
56 441 1200023
7 682 899992
436 668 699994
142 408 2000103
293 337 1200023
17 237 2000103
115 784 1900093
18 854 1200023
413 572 499996
103 123 199999
547 851 499996
114 532 1
172 210 1300033
586 859 1
313 753 899992
761 873 1600063
464 896 499996
307 505 399997
808 979 1700073
98 764 1800083
365 754 1700073
92 459 1900093
701 902 1800083
237 270 1900093
441 763 699994
334 376 1
231 584 799993
463 586 599995
465 935 1800083
540 669 899992
703 870 899992
852 971 1400043
76 228 499996
289 296 699994
407 759 599995
679 795 1900093
445 713 299998
496 707 799993
115 195 1100013
364 539 799993
387 490 499996
619 994 100000
16 679 100000
478 847 1800083
35 631 1500053
379 471 1200023
16 415 1500053
2 439 699994
731 917 1500053
623 636 299998
919 997 599995
198 914 1300033
157 351 1100013
222 418 399997
703 957 1900093
204 949 1800083
178 554 1800083
258 327 1500053
737 935 199999
359 924 1300033
44 346 799993
352 987 599995
482 980 1
707 978 699994
154 778 1500053
668 827 499996
451 611 599995
499 912 1200023
250 359 1600063
357 843 199999
324 459 199999
336 871 1400043
858 892 1600063
349 559 599995
760 821 299998
567 843 899992
65 553 1700073
435 792 1500053
18 46 1500053
70 907 199999
248 764 1300033
481 950 799993
747 946 1800083
28 152 2000103
254 563 1400043
452 966 1600063
171 645 1700073
190 790 1
129 347 100000
60 163 1600063
544 820 100000
125 389 1400043
49 228 1600063
427 554 899992
455 983 1200023
124 192 699994
711 800 299998
415 491 499996
0 621 899992
658 679 399997
63 872 399997
37 722 1500053
43 382 1800083
671 741 1600063
645 955 1100013
96 970 1800083
73 315 1300033
340 530 1
256 960 1200023
336 503 1100013
66 547 299998
78 113 599995
49 159 199999
3 42 599995
325 582 100000
585 900 299998
196 834 199999
21 595 699994
294 394 1700073
441 568 1
505 666 299998
248 721 1700073
721 925 799993
142 347 1600063
102 583 899992
292 393 599995
661 721 499996
31 473 2000103
314 473 1800083
693 972 1700073
189 774 1100013
618 815 299998
151 412 699994
145 184 399997
66 148 1500053
759 786 1300033
46 859 1800083
707 838 1800083
181 363 2000103
64 964 899992
281 610 899992
296 417 1500053
478 547 799993
830 885 199999
105 404 699994
146 433 799993
515 525 799993
186 490 599995
136 696 2000103
12 858 1900093
327 900 1600063
64 144 399997
226 896 1300033
340 814 2000103
470 829 799993
190 559 1600063
842 906 1100013
245 287 599995
302 643 100000
850 888 399997
21 656 1100013
295 368 2000103
878 988 1100013
122 429 1200023
393 952 1200023
63 802 399997
657 938 599995
417 740 2000103
213 457 599995
372 639 1600063
256 791 199999
61 400 299998
592 782 699994
324 531 1500053
485 930 1500053
507 972 199999
109 910 1200023
114 726 1100013
649 889 1900093
269 880 1400043
344 367 1500053
310 451 1600063
1 848 399997
260 319 1200023
256 314 199999
146 989 1600063
119 201 1900093
550 840 399997
618 960 1
390 949 1100013
93 879 1300033
859 930 1400043
201 841 199999
285 877 1200023
118 636 1400043
16 312 1500053
290 759 100000
363 466 899992
462 792 899992
353 647 199999
747 794 399997
173 810 1900093
513 755 599995
8 47 1600063
553 709 1800083
380 430 1200023
189 910 399997
595 844 1600063
378 471 899992
79 472 399997
238 251 1700073
155 497 1
538 774 599995
276 313 299998
342 994 1900093
689 709 899992
111 334 1
713 953 199999
60 455 699994
204 788 1600063
96 547 1500053
253 474 1
396 555 1500053
114 421 1800083
21 328 799993
710 733 1200023
65 78 1
499 509 1100013
147 785 1700073
148 924 1800083
351 474 1100013
108 927 1500053
311 498 1800083
211 996 299998
141 987 899992
117 712 1100013
83 180 2000103
234 553 1
85 728 1600063
130 928 2000103
781 981 1800083
23 181 299998
680 973 2000103
335 830 1800083
843 901 1200023
39 459 1200023
542 625 1100013
52 958 1100013
225 925 599995
485 711 1700073
360 472 1100013
542 946 1700073
638 992 299998
47 444 499996
74 350 699994
929 973 100000
65 119 1400043
4 262 399997
481 580 1700073
369 869 2000103
219 241 1700073
8 260 1400043
239 922 1600063
725 808 1900093
271 912 199999
323 341 1500053
301 379 1400043
361 608 100000
138 518 399997
554 973 1600063
47 507 1200023
740 948 1900093
165 796 1800083
782 931 1600063
356 482 1200023
468 963 1
401 707 799993
39 772 1300033
734 783 1500053
370 632 100000
20 788 399997
163 341 1100013
543 894 1600063
91 908 1300033
489 948 599995
375 473 1500053
166 643 699994
259 450 2000103
641 932 299998
613 963 299998
282 504 1300033
291 399 1100013
257 693 799993
755 820 499996
65 320 1
59 600 1900093
136 821 199999
599 812 899992
384 974 299998
533 656 1200023
389 713 100000
297 599 1700073
708 885 1800083
328 893 1900093
22 718 1900093
428 472 1800083
146 451 799993
87 924 1
644 752 199999
253 701 1100013
457 677 499996
298 565 1200023
38 207 1700073
568 965 1200023
80 691 1200023
339 808 1600063
534 762 799993
497 616 699994
434 677 499996
558 863 1200023
456 479 1500053
241 727 1300033
514 943 1100013
197 203 1800083
632 652 1700073
531 661 1300033
95 211 1100013
282 892 299998
640 691 1100013
37 222 1700073
633 906 199999
180 811 499996
50 397 499996
66 571 1300033
262 609 1700073
528 812 499996
402 815 1300033
496 667 1400043
154 731 1800083
209 477 399997
185 843 1500053
258 762 1
62 119 1800083
508 601 2000103
295 355 499996
141 487 1600063
568 974 1500053
471 865 100000
407 924 2000103
523 637 299998
178 640 199999
701 965 799993
223 288 199999
986 992 499996
72 492 1900093
554 561 1900093
755 909 1700073
146 177 100000
9 852 199999
480 804 1800083
49 176 799993
563 740 1
435 437 1500053
341 824 499996
14 410 499996
170 596 1400043
445 480 799993
56 62 1
638 802 1400043
700 837 1600063
105 755 1100013
41 938 599995
338 522 1600063
55 817 1600063
570 722 1700073
738 747 1600063
310 538 899992
145 873 799993
132 375 1700073
466 588 1900093
376 770 1500053
422 566 699994
186 893 1600063
509 574 299998
19 681 299998
177 588 699994
316 584 599995
618 732 1300033
678 857 1500053
560 736 1300033
513 743 1
403 443 1200023
272 419 1200023
428 706 199999
500 888 100000
441 684 499996
414 577 1600063
419 904 1800083
36 563 299998
301 913 1500053
312 986 1
478 541 599995
724 825 599995
124 316 1700073
281 661 1500053
69 717 1700073
773 923 699994
456 545 1500053
153 631 499996
583 644 1600063
11 178 1100013
566 749 699994
3 878 2000103
64 272 299998
365 750 100000
102 389 1700073
405 606 1100013
161 641 699994
608 624 899992
199 542 499996
347 770 100000
35 771 899992
235 251 1400043
792 975 1400043
343 976 799993
945 992 899992
24 225 1900093
191 457 899992
176 672 2000103
415 912 399997
37 298 799993
374 973 1900093
129 500 399997
293 907 499996
35 205 1600063
365 407 1200023
281 819 699994
183 725 2000103
