EDGELIST
1000 4000 2 91206211
391 695 100010
431 872 600005
300 931 700004
100 396 300008
230 544 700004
245 884 200021
198 241 900091
165 777 1000101
87 269 200021
408 589 900091
211 434 1000101
447 683 800003
762 764 800081
171 985 900002
438 708 400041
169 654 1000001
156 446 500051
11 256 500051
226 581 600061
153 762 600061
182 672 500051
287 845 600061
93 412 800081
938 944 600061
41 128 600005
158 223 600061
105 829 800081
640 650 400041
176 199 200009
789 796 300008
414 913 500006
708 811 1000001
82 524 500006
123 497 300008
377 518 900091
486 898 300031
515 606 400041
93 793 500006
512 970 400041
283 308 300008
24 423 300031
193 409 300031
260 295 800081
0 115 100010
34 575 800003
847 926 800081
451 672 800003
470 888 1000101
763 995 500051
83 894 700004
535 969 400041
439 487 300031
243 762 700004
276 830 600005
509 522 100010
20 836 900002
247 261 300031
64 805 900091
385 769 800081
570 725 200021
83 874 900002
691 863 700004
263 275 900002
217 873 600061
7 305 200009
438 920 700071
136 246 400007
387 483 700004
131 900 100011
162 595 800003
432 675 1000101
503 522 1000001
481 599 1000001
11 433 1000001
236 583 400007
451 917 300008
27 305 600005
417 994 200021
684 794 400041
249 637 200021
235 261 100011
201 778 200009
89 786 500051
210 839 700004
51 287 900091
142 900 1000101
105 427 600005
163 791 400041
100 242 1000101
117 330 800003
224 879 200021
3 77 800081
274 707 200009
586 942 500051
447 820 500006
93 198 400007
43 156 300031
294 815 100011
142 702 200009
290 767 1000101
475 502 600005
245 828 800003
199 287 100010
575 863 200021
212 324 300008
439 757 300031
41 962 900002
382 613 300031
4 29 600005
613 692 700071
143 308 900091
182 257 900002
317 666 1000001
316 823 400041
263 861 300031
288 403 100011
633 738 900091
439 608 200021
467 714 400007
464 781 600005
94 437 600005
399 644 600005
181 619 600061
178 424 1000101
840 924 300031
226 641 700004
587 646 500006
443 957 200021
211 543 1000001
226 725 800003
414 940 600061
154 247 300008
698 728 500006
855 867 300031
1 499 900002
457 680 600005
92 798 100011
34 507 200009
556 802 400041
507 568 100011
9 944 300008
197 361 600005
270 370 300008
237 626 700071
91 208 700071
61 602 300008
562 906 800003
72 123 800081
356 721 600061
42 333 300031
136 465 900091
466 854 1000001
538 780 200009
115 545 800003
172 543 600061
568 864 200021
36 668 500051
458 884 100011
367 904 400007
622 865 700071
425 747 1000001
106 402 900091
673 846 900091
249 392 600061
151 583 400041
184 254 900002
83 377 1000101
470 831 900002
54 256 600061
365 456 100011
163 357 700071
366 450 1000101
593 637 700071
892 926 900002
493 766 700071
35 669 300031
27 951 600061
627 652 400041
442 451 900091
676 819 800081
311 334 100010
649 702 400007
794 821 700004
9 692 400007
186 722 500006
529 988 200021
528 909 100011
202 372 100010
337 792 500051
538 705 400007
606 620 600005
558 579 500006
488 970 600061
3 220 700071
404 499 700004
926 991 400041
819 895 700071
62 712 100011
122 893 500006
124 757 100010
569 576 600061
341 562 400007
253 860 800081
128 297 1000101
6 567 300008
96 146 100011
154 533 400007
305 653 700004
312 630 1000001
539 832 1000101
438 982 800003
676 756 900002
724 798 700071
517 790 500006
92 154 100010
546 653 700004
72 300 200021
500 656 500006
139 178 900002
47 361 400041
900 907 300031
206 765 100010
301 857 1000001
130 762 200021
744 783 100011
480 835 1000101
253 661 100011
627 865 600061
464 971 400007
596 985 400007
93 976 300008
741 744 800003
516 677 600061
71 594 300031
29 58 1000001
273 721 700004
614 704 700004
275 989 200009
244 863 500051
588 736 300008
407 647 500051
34 653 800003
938 967 300031
4 776 900091
813 928 700071
307 943 100011
405 481 1000101
512 916 300031
244 447 900002
388 794 900002
42 215 600005
461 942 200021
218 666 700071
609 751 700071
502 875 500006
186 959 900002
493 908 700004
836 841 700004
418 718 900091
310 609 700071
931 962 100011
42 809 300008
185 564 500051
525 675 700004
283 968 200009
63 111 800081
265 525 1000001
7 819 100011
618 957 500006
286 462 1000001
220 671 100010
25 750 700071
702 915 400041
26 566 700071
572 640 500051
88 824 500051
627 937 400041
298 396 100010
119 854 300008
437 679 600061
173 822 400041
281 295 900002
136 729 500006
518 933 300031
348 850 200021
277 338 700071
351 492 900091
211 359 200021
207 889 400041
681 845 1000001
235 788 600061
781 984 500006
634 664 500006
171 742 700004
518 952 200021
530 792 100011
80 479 400041
9 58 700071
710 791 800081
576 678 1000101
463 684 400041
204 921 1000101
567 870 300008
13 20 600061
367 644 900002
93 758 700004
445 767 700071
42 517 400007
182 567 800003
41 681 300031
139 314 400041
467 665 400007
78 885 500051
128 193 600005
124 890 600005
144 594 1000101
32 809 700004
415 663 100011
246 709 800003
70 656 400041
169 925 800081
254 774 400041
862 975 900002
925 951 600061
117 357 900091
110 125 900091
524 825 300031
421 841 1000101
836 953 100010
389 556 100011
199 791 1000001
270 426 1000001
295 757 800003
270 699 500006
211 580 300008
339 903 700004
290 774 1000101
947 978 100010
284 987 200021
469 624 300008
526 865 900002
520 581 1000101
181 184 200009
429 683 700004
116 693 300031
216 766 300031
208 720 600005
331 476 600005
235 749 800081
8 808 900002
245 753 700071
569 914 800081
383 945 400007
636 911 700004
306 870 200021
747 903 500051
518 812 600061
179 731 800081
161 621 1000101
220 380 400007
59 765 900002
341 853 500051
664 699 900091
184 749 300008
260 774 1000001
482 645 600005
936 964 200021
392 741 700071
243 858 700071
504 840 700004
95 909 700071
67 291 200021
235 781 700071
148 759 100011
385 823 700071
258 985 1000001
385 432 900002
861 903 300008
509 714 600005
41 212 400007
792 939 900091
375 834 300008
147 154 600005
58 832 100011
212 276 500006
115 552 900091
788 827 500051
143 683 700004
237 587 800081
114 670 200009
427 779 100010
365 532 300031
309 322 900091
657 956 600061
341 621 700004
388 398 800003
229 798 400007
232 689 400041
550 999 400041
254 416 600061
88 851 700071
504 509 700004
693 933 200021
263 709 300008
510 524 600061
20 85 500006
247 801 100011
423 947 500051
32 259 400007
96 581 600005
74 980 400007
330 366 100011
163 610 500006
98 680 500006
554 705 700004
50 525 900091
391 501 500051
618 989 500051
606 863 400007
122 298 200009
98 440 800003
77 352 600005
178 677 600061
613 875 400007
312 469 800003
629 826 500051
744 986 500006
624 717 1000001
134 389 800081
383 859 700071
390 520 300031
364 392 700071
239 420 500006
57 89 400007
62 779 200021
308 315 700004
707 818 100010
378 856 100010
795 820 800003
171 931 900002
170 262 500051
480 550 800003
39 897 600005
664 859 600061
36 341 300008
863 951 700071
273 815 600061
51 415 500006
153 667 900091
6 320 400041
32 60 600061
507 865 1000001
224 468 500006
205 672 600005
38 120 300031
659 783 500051
373 483 700004
46 874 600005
2 477 1000101
203 866 200021
92 714 300008
90 644 600061
807 810 800003
413 909 700004
133 653 300031
605 939 600061
144 649 900002
90 838 900002
387 468 1000101
1 72 600061
278 554 900091
397 412 600061
147 738 900091
379 417 800081
72 851 200021
375 840 400041
770 795 800081
271 756 1000001
478 776 400041
1 326 500051
931 989 800003
103 704 700071
14 348 900091
705 741 300031
491 670 1000101
325 521 300008
474 997 300031
483 726 500006
342 762 700071
409 639 900091
374 907 800081
16 812 600005
572 725 1000001
700 840 400007
655 751 200009
455 479 400041
86 870 100010
753 829 500006
156 196 600005
1 857 700004
864 958 500006
65 633 300031
365 481 500051
73 393 100011
474 549 800003
332 466 600005
253 448 300008
606 732 400007
70 494 300008
0 948 1000001
337 856 200009
885 972 100011
89 193 200021
119 227 300008
603 913 600005
50 320 400041
259 778 700004
184 747 200021
7 524 800081
285 440 300008
188 662 300008
192 540 1000101
19 282 800003
226 798 100011
304 972 1000001
466 952 200021
163 507 200021
709 875 500051
249 910 600061
813 849 700004
594 611 200021
370 990 500006
506 651 400041
623 632 400007
234 855 600005
368 428 700004
308 685 200021
84 897 800003
252 263 600005
761 970 800003
88 611 100010
625 815 900091
289 535 100011
498 956 1000101
548 949 100010
254 847 200009
408 598 100011
188 523 900002
163 281 200021
774 876 300031
329 604 300031
268 441 400007
304 840 900002
99 761 700071
889 990 600061
869 984 900002
235 804 700071
13 250 400041
711 730 500051
266 771 1000001
289 811 700004
441 461 200009
869 999 500006
857 996 400007
390 646 1000001
122 447 900091
570 785 500051
286 845 700004
633 659 200009
441 571 600005
154 582 400041
25 844 700071
56 776 800003
23 359 200021
410 491 600005
580 978 500051
157 557 600005
369 853 1000001
84 448 1000101
401 981 1000001
300 421 900002
389 579 1000001
259 727 100010
167 271 800081
326 712 100011
111 468 100011
833 948 500051
446 793 200021
739 745 900002
672 724 900091
209 422 400007
6 56 900002
337 637 200009
484 696 100011
532 873 600061
387 927 100010
323 475 600005
612 841 600061
26 220 800003
41 577 1000001
542 766 700004
779 824 300031
64 950 700004
125 229 700071
25 539 800081
725 868 100011
406 422 800003
546 912 100011
193 500 1000101
279 377 800081
250 811 600005
103 163 200009
730 799 100010
70 259 700071
142 982 400007
483 688 800003
137 557 300008
170 545 500051
419 685 800081
200 885 500006
889 916 1000001
195 959 1000001
54 233 600005
288 533 400007
1 515 400007
195 739 700071
14 152 700004
575 717 800081
130 615 700071
379 969 400041
118 334 200009
374 816 100010
219 945 900002
425 956 800081
385 804 800003
213 704 900002
613 742 1000101
616 988 900091
484 770 200009
157 547 900091
508 514 500006
167 935 400007
623 998 500006
858 931 1000101
159 307 600005
69 936 1000101
544 966 100010
370 467 700004
877 988 800003
404 725 700004
339 651 700071
20 412 400007
409 618 900002
138 662 900002
170 786 600005
186 747 900002
406 505 200009
5 559 100010
136 364 300008
224 444 700004
574 795 800081
48 778 700071
372 758 800081
475 948 300031
668 772 100011
505 668 800081
699 763 700004
527 791 200021
649 949 900002
577 783 500006
386 488 600005
514 746 600061
48 634 300008
648 894 900002
570 993 700004
225 436 600061
233 364 600061
614 873 1000001
302 877 100010
11 920 300008
108 603 500051
230 521 800081
144 375 400007
616 887 1000101
67 469 900002
529 625 500051
105 472 400007
392 986 400007
629 958 800081
172 239 600005
86 126 800003
205 985 200021
57 325 400007
655 668 600005
265 596 400007
195 615 200009
739 972 300031
256 417 500051
937 945 300008
442 699 600005
480 716 1000001
36 523 700004
269 704 600061
204 955 600005
142 855 1000101
369 599 900091
337 580 400041
191 686 900091
264 825 400041
550 939 400007
160 771 1000001
428 865 100011
600 695 1000101
635 914 900002
74 744 800003
775 796 1000101
101 629 800003
782 897 600061
12 118 1000001
289 598 400007
311 671 900091
5 536 1000001
53 325 700071
16 126 100011
284 487 400041
764 805 1000101
640 762 100010
377 551 600061
221 642 200009
253 444 500051
178 966 400007
315 450 100010
197 699 600005
860 976 800081
114 459 400041
753 831 100011
86 131 800081
700 801 800003
193 929 300008
762 902 300008
73 740 100010
707 768 1000101
136 336 200021
206 536 700071
574 923 500051
873 958 800003
377 867 600061
705 893 800003
21 128 100011
121 919 200009
227 602 700071
479 886 800003
53 77 1000001
145 627 200021
620 655 900002
322 733 300031
98 576 200009
530 847 600061
388 587 400007
633 718 100010
99 270 600061
678 896 700071
216 927 1000101
343 799 400007
21 990 300031
1 887 500006
21 288 200009
449 876 200021
164 229 500051
201 727 400007
75 168 1000101
138 671 800081
830 931 800003
472 591 200009
190 658 900002
97 199 800081
100 218 300031
533 560 300031
715 848 700071
247 564 200021
159 896 900002
200 564 900091
143 578 700004
971 977 300008
261 687 500006
47 671 400041
571 613 100010
79 90 900091
727 799 500006
61 502 200021
174 670 100010
680 910 500006
145 232 800003
506 672 1000101
95 107 900091
456 826 1000001
348 765 1000001
94 540 200009
94 158 600061
144 982 500006
702 837 400041
76 248 400007
935 973 700004
178 786 800003
5 215 300008
29 712 600005
383 814 800081
518 855 800003
87 760 100010
151 610 500051
461 684 500051
217 519 600005
428 929 100011
513 609 400041
212 363 800081
526 531 400041
79 361 900002
270 988 200009
725 913 100011
849 905 600005
533 814 600005
50 593 400041
267 504 100010
598 757 300008
383 826 500051
106 720 100011
233 864 400007
853 880 500051
108 124 200009
421 566 300031
63 692 1000001
80 811 900002
96 508 400041
693 750 600061
812 888 900091
274 389 100011
332 656 1000101
154 229 900002
436 946 600061
813 831 200009
663 809 300031
327 738 300008
203 490 400007
203 722 1000101
636 745 900091
597 668 400007
393 971 200021
486 826 500051
119 197 300008
93 762 500051
838 947 1000101
693 936 600061
447 622 600005
132 308 1000101
282 804 100011
145 892 300031
93 97 500051
361 695 700071
534 647 300031
376 714 300031
63 958 400007
74 168 500051
199 491 1000001
177 980 100011
171 241 900091
437 974 800081
326 825 600061
244 558 400041
502 881 200009
131 500 200009
264 345 600005
748 866 400007
215 378 300031
76 595 900091
328 380 400007
454 986 900091
30 380 900091
238 305 900091
465 859 800003
43 68 200021
268 322 900002
2 761 1000001
404 805 100011
650 759 600061
86 210 900091
299 797 800081
186 710 900002
447 629 400041
501 843 400007
71 468 300031
54 121 800003
186 245 500051
407 943 700004
447 850 700071
636 765 900091
75 470 400007
694 879 300031
710 982 800081
260 711 900091
506 989 1000001
675 723 900091
53 314 500006
441 551 700004
325 644 300031
834 836 500006
419 808 1000101
322 560 600061
31 179 300008
257 946 400007
297 724 600061
163 529 700071
604 950 300031
405 771 100011
45 325 300008
185 869 400007
58 933 900091
814 918 700071
279 699 900091
271 402 500051
215 303 100010
447 832 400007
272 562 400041
7 448 700071
781 791 200021
653 999 700004
183 977 100010
279 911 1000101
208 958 200009
51 591 1000101
546 943 500051
146 464 500051
131 590 400007
2 902 100011
510 530 600061
276 759 400041
70 407 700004
38 299 1000001
34 749 900091
182 879 800081
97 226 300008
248 867 800003
214 773 400007
29 54 600061
173 608 800003
61 224 800003
3 262 700004
487 537 200021
724 861 300031
184 540 800081
29 45 100011
127 495 900002
567 980 100011
80 903 900091
618 763 300031
451 749 200009
242 701 200021
141 205 700071
848 958 600061
546 992 600061
30 549 1000101
520 610 1000001
90 456 500006
7 650 300031
199 891 600005
43 702 300008
20 481 300031
675 818 500051
570 969 300008
449 527 600005
403 923 400007
232 758 800003
373 583 1000001
541 832 900091
513 797 200021
41 92 400041
11 823 800081
385 751 400007
154 484 600005
223 667 700071
127 696 900091
112 687 100010
52 842 300031
833 950 800003
509 976 200021
29 530 900002
559 842 300008
88 289 900002
27 554 100011
372 725 300008
167 950 200009
717 819 1000001
140 242 1000101
114 767 600005
93 568 400041
254 963 1000001
121 843 600061
327 333 800081
176 445 200009
229 443 300031
266 975 1000001
134 333 1000101
489 661 900002
509 914 900002
220 857 200009
129 935 400041
125 272 1000001
87 153 300008
619 847 200009
21 441 500051
494 512 500051
257 350 300031
224 280 100010
78 842 800081
710 863 200021
61 784 400007
576 844 300008
834 941 1000001
587 840 300008
349 798 1000001
148 890 300008
96 727 900002
88 907 400007
392 960 200021
183 943 600005
211 623 400007
343 710 200009
26 663 100010
656 825 300031
393 792 900002
547 745 1000001
758 816 1000001
88 371 100011
364 933 600061
486 673 900002
5 179 600005
277 561 1000101
196 654 900091
259 560 600005
511 574 400041
166 515 700071
203 767 300008
578 647 200021
264 696 200021
152 736 900091
184 354 100010
211 697 900091
91 771 800081
555 732 200021
146 726 1000101
738 878 200009
266 306 600005
239 637 800081
2 431 800081
173 414 400007
82 857 100011
300 453 900002
40 244 600005
404 811 900091
580 793 500051
13 586 700004
225 687 100011
100 700 100011
643 793 200009
468 611 200021
899 953 200021
504 697 500051
12 763 500006
272 558 800003
98 106 1000101
324 522 600005
143 593 900091
201 389 900002
46 139 900002
272 675 300008
25 297 300008
195 469 400041
194 874 200009
327 521 100011
162 967 700071
534 993 800003
186 901 1000101
354 589 1000001
182 839 500006
519 544 400007
476 596 1000001
128 788 200021
172 174 900091
639 921 800003
850 944 200021
350 924 400041
749 795 100011
618 837 400041
684 721 800003
426 745 300031
321 977 100010
108 420 700004
847 869 500006
381 606 400041
573 635 600005
311 778 900002
53 444 200021
27 741 200021
23 39 100010
375 774 600005
228 566 1000101
110 848 1000101
340 477 600005
247 290 500051
476 605 100010
45 229 500006
565 692 900091
283 917 600005
381 616 1000001
503 535 300008
511 975 700004
561 961 500006
34 622 400007
204 589 100010
364 586 500051
80 226 200009
11 478 600005
450 973 800003
383 974 700004
323 973 100010
279 482 700004
642 687 100011
122 406 300008
242 656 700004
423 557 700071
100 621 200021
188 545 700004
344 608 700004
404 680 500051
318 384 200021
31 916 400007
47 271 300031
193 833 700004
338 410 800003
73 766 400041
754 945 700004
844 913 300031
714 883 600061
46 308 900002
269 599 800081
124 476 900091
697 731 400041
240 377 500006
696 943 200009
600 960 200021
679 808 600005
191 679 400007
15 231 300031
156 442 800003
258 934 100011
368 456 600061
157 526 400041
327 937 400007
741 976 900091
337 504 200009
335 394 300031
323 621 700071
442 838 800003
37 297 900002
354 818 700004
685 981 800081
3 930 400041
148 553 800003
546 748 800081
676 810 400041
113 752 1000101
258 788 400041
244 795 1000101
62 386 400041
419 764 200021
314 511 1000101
563 777 100010
101 351 700004
344 546 1000101
117 303 300008
612 751 800081
210 377 600061
395 986 300031
442 781 800003
659 895 600005
103 768 300031
93 563 500006
263 373 500006
595 979 200021
378 404 900091
87 119 500006
625 706 200021
469 710 600005
282 587 800003
253 601 500006
762 913 800003
122 370 600005
350 901 500051
175 401 400041
202 740 700071
162 544 100010
109 817 400041
317 537 1000101
121 196 500051
25 467 400041
162 909 700004
631 867 200009
165 697 900091
676 944 600061
629 698 400007
541 895 300008
422 481 800003
195 538 300008
379 509 500006
727 817 100010
235 239 800003
609 636 400007
418 916 400041
557 683 200009
392 783 900091
330 369 800081
887 980 400007
601 821 600005
305 408 700071
581 655 300031
47 986 500006
449 846 1000101
610 640 900091
352 856 100010
261 947 500051
61 904 1000101
181 553 900091
136 250 400041
240 273 600061
111 667 700004
85 344 700071
435 502 800081
59 352 700071
164 290 900002
276 397 600061
452 917 900091
126 700 800081
906 919 600061
231 943 300031
536 978 400007
227 406 400041
516 933 300008
224 342 400041
192 387 100010
669 786 700071
461 522 700004
451 455 900091
69 751 400007
393 478 100011
226 717 700071
153 961 1000101
125 747 400041
529 633 700071
253 292 1000101
222 885 600061
605 753 600005
306 940 800003
108 961 700004
471 510 700004
175 646 300008
18 749 700071
176 979 1000001
934 975 200021
483 836 500051
387 674 1000101
339 807 1000001
790 850 600005
58 611 500006
211 472 500051
503 886 400041
735 778 1000001
670 672 600061
53 737 600005
74 788 500006
61 424 800003
267 599 700004
387 864 800003
302 403 1000001
506 773 900002
908 924 700004
228 696 500006
100 462 900002
354 988 500051
53 833 700004
248 906 200021
598 870 300008
420 913 100011
148 573 100011
116 354 800003
66 755 700004
293 981 400007
3 118 100010
86 245 700004
780 802 700071
275 862 700004
221 644 200009
155 521 100011
573 612 400041
5 442 700071
1 349 200021
128 852 500051
310 604 200021
177 239 400007
76 748 600005
287 574 600005
560 630 400041
350 822 1000101
306 858 500051
504 612 200009
766 966 1000001
294 384 100010
571 798 300008
492 532 100011
564 996 400041
209 329 400007
287 903 100010
13 955 600061
156 253 900002
24 630 700071
691 851 400007
529 556 1000101
415 472 500051
80 718 700004
385 461 200021
319 477 600005
354 579 300008
295 326 1000001
504 806 700004
284 405 700071
455 890 200009
284 484 100010
184 572 100010
108 885 900091
86 861 100010
237 288 500051
494 559 200021
173 358 800003
217 469 100011
338 433 1000001
822 824 400041
498 880 500051
92 519 900091
342 698 100011
318 321 700071
535 743 400007
720 885 600061
339 663 100010
312 513 300008
964 990 600005
524 736 100010
14 837 900091
170 499 400041
399 618 600061
152 646 500051
141 880 900091
209 823 900091
258 537 400041
313 754 200009
76 833 800003
118 534 1000001
582 738 900002
131 629 800081
346 979 300008
403 476 1000101
70 301 100010
132 994 400007
522 754 400041
890 927 900091
586 789 400041
35 463 1000101
158 737 800003
28 309 500051
309 686 300031
128 555 200009
268 854 800081
770 812 600061
837 981 900091
556 964 200009
637 648 100010
441 870 100011
921 987 1000001
51 358 900002
234 926 1000101
245 856 600061
15 74 700004
103 170 900091
480 860 500051
183 745 500051
234 465 800081
247 614 800081
42 552 600061
155 700 100010
76 909 700071
110 528 1000001
120 503 100010
649 767 500006
131 317 800081
217 636 700004
8 500 500006
495 754 900002
348 478 700004
698 899 400007
737 875 100011
48 50 800081
728 853 100010
97 482 100011
458 665 1000001
433 789 200021
227 631 600005
163 171 500006
257 395 600005
668 777 100010
285 872 400007
149 930 600005
417 705 900091
123 326 1000001
330 340 200009
12 197 100011
576 649 1000101
542 605 800081
45 88 300031
793 830 300031
42 762 300031
97 457 700004
275 907 600005
314 484 100011
495 821 200021
717 876 900002
221 600 400041
420 948 600005
341 657 200009
166 580 700004
332 863 700071
211 781 500051
240 498 400007
447 982 600061
68 290 100011
508 549 800081
309 500 700004
808 910 700071
231 577 100011
244 267 200021
354 363 300031
442 889 600005
642 720 400041
17 411 1000101
912 933 100010
428 805 600061
16 62 1000101
14 730 900002
288 358 400041
355 551 300008
230 618 900002
367 674 500051
452 992 800081
392 595 500051
89 448 900091
20 355 600061
245 729 1000101
334 499 400041
189 924 200009
514 656 800081
280 722 100010
542 889 200009
170 329 1000001
29 901 200009
214 707 100011
625 891 800003
58 815 800081
292 738 600005
252 442 400041
488 976 300031
502 567 400041
22 205 1000001
139 151 200021
402 651 300008
3 363 600061
521 864 100010
492 717 800081
163 838 900002
60 508 1000001
729 958 500006
505 780 400041
39 290 200009
331 826 100011
78 645 800081
312 724 200009
563 723 600005
66 778 600061
105 143 800081
92 537 800081
41 986 500006
473 569 100010
98 981 800081
370 495 600005
160 910 100011
173 457 1000001
469 545 800081
179 739 500051
2 445 900091
36 407 900091
255 900 100011
334 490 700004
105 674 800003
352 367 900091
588 597 800081
128 590 700004
184 652 500006
48 770 700004
520 696 1000001
350 545 500006
35 592 800081
418 978 200021
337 604 700004
190 634 800081
396 951 100010
241 714 300031
934 992 300031
728 858 100011
648 714 500051
485 500 100011
455 470 200009
187 396 800003
121 170 700071
351 784 100010
439 758 500051
210 363 800003
130 795 400007
127 132 700071
650 779 600061
527 820 600005
234 466 600005
158 879 400041
571 624 200021
278 355 200009
129 342 400041
462 519 100010
330 936 500051
773 916 300008
443 694 200021
656 673 200021
445 774 700071
122 549 100011
503 975 900091
398 893 200021
42 204 600061
66 754 400041
416 472 1000001
47 905 900002
269 405 400007
703 959 700004
275 318 1000001
195 241 500006
710 751 600005
295 628 300031
163 690 900091
611 787 400007
188 551 200009
134 982 300031
326 632 600061
747 933 700004
31 742 300031
331 843 800003
290 660 300031
290 637 200009
189 989 1000001
67 252 900002
147 229 100010
171 744 400041
256 376 100011
184 541 200021
520 783 800081
282 585 400007
367 831 600005
540 711 800081
128 871 300008
287 908 100011
94 891 500006
632 785 900091
381 689 800003
782 919 100011
712 986 500006
631 772 900002
57 459 800081
366 441 400041
303 835 500051
57 78 200021
29 560 900091
375 409 800003
487 967 1000101
483 497 1000001
27 117 1000001
908 984 1000101
171 930 1000001
635 651 900002
17 150 300008
19 143 800003
160 741 800003
374 762 200021
287 929 800081
641 817 700071
742 867 400041
541 651 900091
362 961 200021
509 698 900002
255 939 600061
474 805 300031
172 480 800081
289 761 1000001
69 693 1000001
848 931 800081
489 617 800003
250 787 1000001
338 766 500051
72 150 600061
87 677 800081
173 633 1000001
352 836 200009
85 733 700004
236 668 100011
269 916 400041
313 591 500006
122 621 300008
402 747 400007
339 412 300008
245 252 100011
284 292 1000001
91 977 800081
156 561 500006
19 723 300008
208 520 300031
73 389 200009
453 580 500006
15 164 700004
316 793 100010
339 924 400007
290 541 500051
866 964 100011
73 917 1000101
530 913 700071
152 914 300031
523 953 1000101
579 853 400007
258 950 200021
169 614 500006
267 582 200021
303 455 600061
412 912 100011
984 989 600061
464 623 700004
535 944 200009
524 775 500006
255 422 900002
746 889 300008
157 517 700004
214 614 400007
523 993 100010
862 877 600005
647 697 500006
663 818 1000101
448 566 800081
483 693 1000101
346 746 100010
60 481 900002
214 380 100011
181 799 800081
50 591 800081
310 865 600061
315 742 500051
776 839 400041
183 925 200021
231 459 1000101
53 155 600005
202 478 400007
50 762 1000001
708 992 100011
276 738 600061
686 909 500006
30 763 1000101
535 689 800003
518 887 500006
153 836 800081
927 935 100011
597 839 800081
21 126 400041
443 469 300008
232 642 1000001
370 512 400041
144 453 700004
338 527 100010
99 647 200009
36 872 300031
182 684 500006
544 672 600005
728 835 200009
386 631 400041
25 995 500006
184 258 400041
375 770 1000001
809 970 1000101
71 221 400007
699 996 800003
470 697 1000101
219 991 500051
182 725 700004
88 253 400041
303 715 1000101
298 564 800003
315 363 700004
93 627 700071
27 955 600061
40 534 100010
264 562 800081
328 387 500006
665 742 900002
537 829 1000001
467 751 100010
244 346 400007
199 866 300008
517 780 500006
138 881 400041
352 896 400007
1 397 1000001
268 785 800003
564 809 200009
48 566 800081
396 569 800081
26 682 1000101
474 516 800081
125 852 300008
332 474 100011
484 888 600061
553 867 300031
609 990 100010
506 586 300031
141 315 600005
76 887 1000101
78 231 400041
664 815 500051
297 633 400041
835 998 300008
160 306 600061
123 833 400007
192 400 400007
200 283 1000001
32 222 600005
204 346 400041
825 962 200009
331 911 800003
212 642 800003
343 790 500051
749 884 500006
502 804 800081
44 485 900091
620 681 200009
98 969 1000101
44 245 200009
610 872 300008
547 729 700004
153 857 100011
84 844 200021
180 915 800003
161 901 400041
488 835 900002
474 951 400007
321 835 700071
147 849 100011
63 639 900091
39 880 300031
51 522 1000001
555 849 500006
69 573 300008
613 799 800003
627 724 200009
80 688 600061
350 662 400041
127 713 200009
22 335 900091
96 689 200009
107 795 700004
102 656 100010
252 789 1000001
257 935 900091
79 498 600005
583 603 900091
719 880 900091
606 757 900002
259 741 1000101
243 323 600005
543 623 900091
143 316 900002
768 821 100010
478 777 800003
230 316 1000001
549 556 200009
422 535 800003
589 905 1000101
284 387 700004
19 481 700004
129 138 100011
688 738 600061
25 289 800003
62 482 900002
285 790 400007
520 620 700071
206 339 600061
190 836 100011
29 678 400007
323 778 700004
288 978 500051
163 795 100011
357 897 200009
299 633 400041
217 968 200009
28 807 300008
644 942 600061
265 542 300031
732 767 800003
91 429 400007
437 716 700004
405 407 400041
26 437 100011
107 189 600061
29 112 1000001
536 841 1000001
256 544 300008
21 799 700004
212 301 900002
2 813 700004
375 790 200021
282 800 500006
173 906 600061
124 501 200009
652 805 400007
588 981 900002
70 146 300008
545 647 500006
636 971 500006
11 39 500006
559 987 400007
429 944 900091
679 938 300008
377 956 800081
241 571 900002
666 855 1000001
281 442 200009
653 940 1000101
578 901 900091
311 821 800081
561 962 300031
626 888 600005
23 658 1000001
295 446 600005
456 927 100011
86 120 300008
263 438 900091
324 515 700071
641 753 700004
691 954 800081
57 767 500051
230 249 200009
5 324 500006
312 472 300031
85 291 600061
303 357 400007
189 958 800081
728 921 300008
49 898 800003
546 740 900091
179 238 700071
278 698 300031
285 830 1000101
384 829 900002
91 668 900002
101 169 900091
560 933 800003
967 993 700071
76 343 600005
435 563 100010
676 755 600061
791 969 600061
71 405 400041
375 742 600061
726 905 200021
273 718 700071
273 882 300008
472 816 1000101
377 516 300031
103 995 1000001
422 600 1000001
668 710 100010
572 653 400041
464 508 800003
327 884 200009
358 631 700071
7 816 700004
137 263 500051
42 136 800081
135 917 800003
164 590 700004
162 496 800003
123 498 800081
400 778 1000001
386 684 400007
519 614 500051
174 997 100010
406 679 600061
344 363 600005
774 854 100011
235 950 500006
693 907 800081
511 969 1000001
415 994 400041
392 858 1000001
84 383 1000101
176 539 500006
506 828 400041
12 516 1000001
558 925 800081
104 618 200021
793 988 200021
579 770 1000001
395 469 400007
62 216 1000101
126 882 900002
40 250 600005
146 610 200021
179 269 700071
879 997 600061
50 140 400041
454 997 800081
301 875 100011
227 555 900002
33 536 600005
886 887 500051
232 267 600061
35 331 800081
701 737 900091
186 618 800081
426 484 700004
294 382 400007
450 828 600005
258 298 200009
563 586 800003
861 954 200009
337 363 700004
47 262 400007
431 833 600061
2 777 900002
167 803 200009
461 543 300031
145 789 900002
423 932 100010
183 652 300008
95 383 100010
277 772 900091
77 443 700071
375 929 100011
331 566 400041
105 483 700071
881 895 300031
213 226 600005
689 788 500051
20 683 600005
168 585 1000001
188 712 700004
100 717 200021
172 910 100011
34 338 300031
232 500 400041
823 829 400007
322 427 400007
82 993 700004
126 605 300008
552 895 400007
661 827 800081
92 399 200021
12 230 200021
800 844 300031
443 704 200021
760 890 500051
118 411 300031
886 898 1000101
565 955 800081
65 380 500006
825 963 600061
375 711 700004
13 368 800003
708 781 900091
293 886 400041
324 785 1000001
896 933 900091
624 923 300031
862 997 600005
390 409 1000101
525 633 900091
130 830 1000001
89 220 1000001
233 467 300031
350 931 500051
437 596 700004
663 703 300008
82 555 300031
242 959 1000101
370 887 800003
160 826 300031
535 955 400007
237 514 100011
10 617 500051
257 401 400007
522 536 400007
341 543 100010
702 719 900091
734 811 700071
394 659 400041
299 959 500006
296 359 800003
456 465 400041
471 899 800081
67 954 1000001
285 932 700004
336 857 400041
254 603 900091
351 981 900091
627 884 900091
35 983 400007
188 722 800003
690 944 700004
515 881 500051
650 939 200021
36 93 900002
287 805 300008
764 884 700004
992 994 400007
228 336 300008
118 941 200009
578 980 500051
746 793 400041
646 951 900002
29 501 1000001
28 590 100011
520 575 900091
269 815 100010
297 958 200009
83 140 200021
237 709 100011
966 979 200009
457 804 800081
264 929 400041
714 727 900091
333 693 700071
145 478 900002
222 458 100010
324 790 700004
307 558 700071
720 869 900091
765 951 200009
500 972 600005
188 267 600005
249 866 1000001
496 535 600005
454 814 200021
494 860 300008
901 969 700004
508 665 1000101
526 666 900002
788 968 400041
374 942 1000101
94 404 100011
323 836 700004
609 716 700071
186 682 500051
856 870 300008
551 780 100010
135 951 600005
432 758 200009
646 933 800003
539 653 300008
9 299 500006
114 868 200021
802 927 600005
230 502 1000001
462 676 800003
133 177 800003
443 484 100010
565 744 100010
150 228 200021
92 586 500006
290 756 900091
65 943 900002
61 317 100011
37 623 300008
208 415 200021
273 548 700071
235 912 600005
361 646 1000101
266 475 300031
316 911 900091
45 638 300031
125 872 400007
83 853 100011
450 710 500006
828 926 900002
185 406 600005
639 924 900091
259 875 200021
371 443 500051
115 438 700004
165 525 700004
321 870 300031
102 903 400041
558 565 200009
166 555 1000001
174 319 400007
35 179 200009
370 504 400007
393 934 200009
159 706 300008
460 543 900091
149 520 400007
715 790 200021
220 754 300031
771 871 900002
12 837 300008
349 872 800003
974 979 200021
512 643 1000101
435 603 300008
844 965 400007
369 495 1000001
202 513 400007
766 942 300008
302 909 300008
405 866 1000001
554 750 800081
29 645 300008
657 966 800081
12 612 200021
174 262 600005
355 467 700071
75 797 300031
241 729 900002
426 934 600005
531 635 600061
671 750 700071
664 939 500051
167 406 700071
46 461 600005
184 549 200009
314 674 1000101
439 957 400041
368 685 700004
141 522 200009
430 671 100011
476 976 300008
608 723 900091
491 510 600061
518 597 800081
609 612 700004
179 280 1000001
19 489 600061
313 560 800081
850 910 500051
538 918 500051
262 496 400007
52 778 200009
637 839 800081
524 816 800003
290 793 700004
93 839 700071
119 335 1000001
805 975 600005
427 897 500051
357 904 300031
663 747 500006
290 894 1000001
142 932 600061
22 859 700071
43 428 400007
111 707 200009
276 609 200021
654 972 100011
181 329 100011
1 658 600061
286 456 700071
434 597 200009
269 905 700004
69 219 900091
75 380 200021
470 800 600005
30 298 300008
222 569 800003
234 768 100011
424 948 700071
477 765 1000001
17 346 300031
308 616 200009
99 838 700004
673 758 200021
289 765 700004
522 928 300031
489 627 500006
74 947 600005
286 809 400041
305 715 900091
114 152 400007
250 903 200021
193 251 500006
367 594 800003
33 411 200021
633 678 500006
78 789 400041
623 856 500006
11 900 300008
521 916 400007
41 991 400041
552 617 200021
14 953 600061
213 463 900091
237 919 200009
125 516 600005
98 422 600005
328 545 400041
332 886 100010
473 583 900091
464 769 500006
102 813 600061
178 688 900002
380 658 100010
460 481 1000001
428 753 500051
730 732 600061
36 963 100011
178 953 600061
418 589 800081
307 794 100010
322 454 400007
191 894 400007
168 848 200021
571 922 100010
902 955 600061
244 725 200009
271 907 1000001
393 517 900002
161 431 200021
492 937 600005
444 870 500006
323 789 1000101
33 306 400007
148 191 200009
388 607 600061
31 907 800003
184 225 200009
136 615 1000001
104 877 800081
157 839 100011
268 591 100010
216 579 200009
546 896 100011
676 886 600061
950 978 200021
389 681 100010
22 236 1000101
374 754 400041
305 497 800003
74 231 500006
23 269 700071
151 414 500051
31 470 500051
647 725 200009
142 158 400041
24 717 600061
537 558 1000001
352 978 700004
356 957 500006
60 417 300031
197 710 400007
225 295 100011
867 939 600005
338 991 1000101
359 465 800081
782 804 200021
97 402 600005
247 669 700071
25 635 600005
116 454 200009
314 369 300031
59 702 200009
296 780 1000001
659 840 700004
57 239 300008
188 236 100010
816 845 600005
168 468 900002
8 234 1000101
101 455 200009
588 678 800003
806 893 200009
756 816 600005
639 959 100010
84 909 500051
620 671 800003
581 709 200009
932 952 200021
343 424 500051
159 317 1000001
612 760 100011
322 486 1000101
252 716 300008
318 974 800003
89 459 600061
58 622 1000101
581 628 1000101
152 479 300008
493 938 700004
42 931 100010
140 304 800081
133 380 100011
18 484 700071
133 239 900091
82 547 800003
369 665 800081
73 730 700071
89 951 100011
347 556 1000001
41 242 500051
311 788 600005
47 917 200021
268 968 800003
454 914 900002
317 940 300031
490 663 600061
43 530 900002
451 968 300008
620 936 300031
292 391 500051
95 224 100010
745 852 100010
321 790 100011
452 498 1000101
348 429 300008
574 709 100011
324 528 500051
93 587 100010
837 883 400007
384 733 1000001
308 700 500051
621 650 100011
309 337 600005
575 943 900002
431 936 1000001
210 317 200021
266 431 600005
308 703 400007
312 553 600061
769 916 300008
152 607 800081
322 531 1000001
206 434 600005
279 607 400041
110 169 1000101
80 237 500006
794 894 500051
697 734 800081
92 811 300031
708 849 600005
110 974 800003
555 891 500051
859 895 100011
537 607 500051
260 628 1000001
354 485 700071
240 520 100010
316 697 600005
868 946 600005
490 886 100010
531 929 700071
527 795 100011
54 302 600061
81 666 1000001
747 841 1000101
836 891 500051
174 677 900002
897 970 100011
277 943 600061
26 823 1000101
166 520 900091
562 638 1000101
161 440 400007
389 724 400041
42 914 800081
73 188 200021
96 456 400007
654 721 400041
117 375 100011
94 667 900091
98 313 100010
594 866 1000101
333 771 800003
310 578 800081
473 880 800003
111 700 500051
449 692 900091
334 883 900002
440 617 100011
217 620 100011
666 704 500051
33 911 100011
353 810 900002
854 991 900002
422 574 900002
274 384 500006
275 479 900002
555 976 900091
13 213 600061
60 803 400007
113 758 1000001
662 873 500006
484 494 500051
89 810 500006
520 776 900091
825 872 400007
793 887 1000001
44 772 200021
427 916 100010
262 673 200021
59 403 200009
525 971 600061
221 931 400041
11 994 900002
856 885 600061
53 360 900002
69 653 900002
144 536 800003
605 845 900091
194 255 800081
766 810 600005
126 862 600005
36 516 900091
438 936 1000101
97 771 800003
251 490 900091
79 868 700004
692 869 1000001
318 914 800003
84 326 200009
571 821 500051
142 986 700071
496 727 1000101
24 551 700004
480 766 300008
658 752 1000101
654 692 1000101
494 505 900002
345 703 400007
456 850 500006
103 592 900091
4 303 700004
256 741 1000101
386 929 900091
65 165 700004
172 799 400007
156 581 500006
122 764 500051
238 933 1000101
447 945 700004
653 897 200009
583 697 700071
760 926 800003
353 808 1000001
690 843 700004
807 890 200009
519 985 100011
437 701 200021
432 495 800003
160 286 400041
65 476 1000001
878 933 200021
743 931 1000101
688 909 800081
325 535 800081
85 447 600061
657 933 600061
643 680 700004
587 810 800003
156 909 600005
321 896 900002
33 354 600061
293 411 700071
411 910 500051
81 791 600005
406 870 500006
104 658 600061
205 809 1000101
30 390 200021
60 759 300008
353 516 400041
374 568 700004
94 644 500051
76 702 100011
442 746 700071
273 775 1000001
172 634 600061
343 748 900002
232 700 600005
153 383 500006
604 644 1000001
289 402 1000101
196 477 500006
368 975 200021
386 865 1000101
265 723 1000101
297 454 200009
321 508 400041
773 835 600005
658 730 100010
708 846 600005
697 933 500006
247 406 300031
23 738 300031
863 976 800081
206 935 200009
64 993 300031
660 842 1000101
40 717 200009
272 345 100010
205 712 700071
443 689 900002
76 475 400007
65 998 200009
52 985 500051
157 195 400007
268 782 400041
366 634 600061
117 298 800081
251 294 600005
388 569 1000101
564 916 600061
84 364 400007
261 335 1000001
47 914 400007
12 653 900002
122 605 600061
164 189 900002
388 813 600005
470 642 900002
844 970 1000001
465 753 800081
548 998 900091
363 751 300031
683 926 400007
85 151 300008
126 308 300031
71 769 900002
348 967 400007
801 848 400041
191 919 300008
452 629 900002
82 572 600061
131 209 800081
299 669 600061
71 589 300031
328 864 400041
436 883 100010
689 826 400041
187 220 800081
644 959 700071
316 944 500051
949 957 300031
694 924 700071
529 829 300031
356 977 100010
456 652 100011
31 144 100011
108 425 600005
309 999 200009
611 784 400041
147 727 100011
309 435 900002
912 972 400041
585 705 800003
84 148 1000001
233 651 400007
358 839 200021
792 958 200009
214 550 500051
482 758 900002
475 825 600061
255 593 800003
331 412 400041
623 888 800081
55 480 100010
561 735 200009
546 945 200009
85 132 500006
255 665 800003
317 875 1000001
398 482 800003
439 876 100010
445 567 400007
377 501 200009
404 872 200009
397 618 400007
420 583 700071
650 794 300031
440 659 1000101
840 845 600061
196 937 400041
223 492 600005
631 799 900002
140 638 400007
200 651 300008
11 816 400007
163 286 500051
361 417 700071
567 877 600061
894 915 200021
793 907 100010
45 133 100011
620 928 200009
439 906 700071
357 667 400041
55 944 900002
687 773 600005
67 228 700071
406 909 500051
51 984 500051
120 134 300008
14 993 800003
508 721 100011
58 928 200021
76 965 200021
0 422 100011
331 674 900091
88 252 1000101
440 759 100010
10 411 200009
81 741 400007
592 952 100010
112 668 800081
301 374 400007
93 131 200021
78 250 100011
182 610 500006
347 955 200009
443 703 700004
71 599 200021
300 474 300031
96 435 200021
631 798 300008
29 875 700004
218 767 700004
11 602 300031
223 549 500006
302 707 400041
249 713 600005
62 862 500006
376 478 900091
520 719 700071
66 674 600005
347 901 500051
168 772 500006
67 192 400041
284 941 900002
342 958 200021
150 743 1000101
189 973 100011
162 630 700004
483 699 400007
390 577 600061
44 138 900091
216 962 1000001
489 877 700071
618 831 300031
53 348 200021
349 814 100011
382 745 700071
269 348 1000001
476 907 1000101
10 245 800081
428 603 900002
341 718 900002
316 996 500051
207 453 1000001
96 638 1000001
227 477 500051
976 991 700004
370 601 500006
175 998 500051
253 346 900091
106 815 800003
96 725 1000101
20 425 300031
827 967 300031
779 838 400041
65 578 400007
57 632 900091
53 164 600005
44 709 800081
369 842 100011
224 244 600061
144 791 800003
617 672 100011
99 823 300031
26 946 500006
188 767 400007
405 843 300031
258 551 700071
489 724 900002
211 276 300008
353 546 800081
35 891 900091
160 610 500006
285 418 900002
8 98 800003
232 308 900002
402 932 400041
3 403 500006
345 657 1000101
246 719 1000101
209 292 200009
958 961 400041
71 377 300008
436 536 800081
125 406 700071
844 940 200021
400 498 600061
390 501 300008
143 770 100010
238 475 200009
794 913 800081
217 548 800003
459 741 900091
177 219 100010
333 709 100011
405 563 100010
77 244 800081
502 769 700004
99 203 500051
248 494 800081
31 380 800003
779 805 800003
692 977 300008
417 701 700004
187 315 900091
272 359 300008
570 584 1000001
607 878 100011
395 802 600005
581 735 900002
302 922 100010
158 642 800081
290 881 300008
636 858 700004
200 707 800003
260 939 100011
194 362 500006
197 627 700071
682 728 400007
619 891 500006
236 666 700004
147 712 600005
380 415 600061
413 692 800081
317 488 700004
55 266 1000001
115 568 100011
364 468 300008
246 439 1000001
269 539 700004
356 697 500051
99 853 1000101
162 487 100010
62 608 800003
87 852 1000101
677 727 1000101
949 972 300031
562 677 900002
407 483 900091
459 786 600061
293 581 100010
373 764 200021
491 918 400007
280 443 800081
372 888 800081
215 482 900002
401 995 800003
50 822 300031
130 691 200021
196 686 500006
710 884 600061
80 191 400007
100 511 700004
515 775 300031
343 365 800081
532 772 200009
544 715 300031
176 299 400007
270 352 400007
793 987 400041
500 991 600061
208 337 700004
55 105 700071
298 444 300031
795 831 500006
221 368 200021
206 368 1000001
192 791 200009
647 912 800003
141 528 800003
543 835 600061
406 946 600005
238 482 500051
514 776 600005
371 880 200021
12 105 800003
68 415 100010
37 336 400007
263 969 900002
561 903 400041
788 930 600061
264 965 500006
555 678 800003
328 355 500006
168 780 800081
162 964 700071
298 586 100010
262 913 800003
45 429 1000101
887 906 200009
4 581 300008
382 779 700071
503 965 100011
120 698 1000001
54 421 300008
441 732 600005
717 915 700071
289 410 100011
853 995 200009
313 521 400007
498 782 100011
103 583 700071
662 803 800081
925 942 200009
573 820 500006
151 385 800081
535 552 300008
473 953 400007
410 478 700004
272 749 900002
191 217 800081
474 534 1000101
140 635 500006
114 857 400041
473 598 300031
197 368 400041
636 717 100011
191 529 600005
316 709 900002
134 199 200009
364 727 700004
386 971 700071
479 512 200021
866 871 800003
53 766 700071
42 214 400041
298 720 800003
547 774 800081
294 783 100011
141 881 900091
50 451 300031
452 595 700071
401 575 100011
386 567 200009
169 847 1000101
142 326 200021
349 504 200021
15 817 200021
511 717 700004
165 764 700071
110 571 300008
243 917 900091
285 432 1000001
112 680 600005
297 564 300008
233 388 1000001
290 852 1000101
486 527 900002
36 450 1000001
852 876 1000101
338 587 700071
925 930 600061
223 704 500006
267 433 600061
485 904 700071
387 774 700004
159 621 700071
539 905 300008
415 644 1000001
97 659 500006
164 962 200009
284 851 300008
248 406 700004
79 384 500051
232 528 100011
395 728 900002
40 846 100010
305 352 900091
34 170 900091
312 691 200021
877 980 1000001
635 701 500006
423 444 800003
792 911 600061
250 278 400007
3 522 300031
337 676 1000001
904 932 400041
296 988 700071
476 497 300031
175 217 200021
52 293 300008
272 795 900091
160 967 200009
336 490 400041
565 882 100011
622 649 800081
568 875 800003
113 228 300031
162 714 100010
138 976 500006
372 855 200021
176 338 400007
441 970 800081
106 248 300008
183 429 900002
179 574 300008
734 879 600005
417 596 400007
516 569 300008
176 852 1000101
24 216 100011
196 824 800081
431 726 700071
285 697 300031
276 644 900091
228 701 100011
28 616 100010
694 860 100011
83 997 300031
180 294 1000101
540 922 600061
296 643 100011
64 691 400041
470 555 200021
294 816 100011
501 610 900002
370 754 400007
398 821 900091
663 984 200021
404 912 1000101
302 789 1000101
212 768 1000001
181 964 300031
284 410 1000001
361 511 1000101
201 971 600061
581 882 300008
387 903 200021
225 613 700004
510 839 800081
97 512 1000001
387 673 100011
21 408 800081
194 983 200009
359 932 400041
553 810 300008
104 630 800003
99 551 800003
61 413 300008
102 501 400041
56 202 100010
260 977 800081
511 619 1000001
76 880 1000001
231 632 100010
396 828 200009
804 822 700004
360 402 500051
41 501 1000001
116 583 700004
209 771 900002
36 548 400041
263 786 200021
221 969 200021
208 997 400007
301 833 100010
158 448 1000101
405 982 200009
268 608 800003
221 256 900091
660 734 400007
115 855 700004
186 584 700071
508 558 1000101
85 697 500051
679 944 800003
390 875 500051
228 854 400007
146 275 600005
545 915 300031
259 971 600061
136 870 1000001
116 995 400041
594 678 400007
99 881 600005
307 801 600061
443 651 300031
19 81 400007
54 928 1000001
269 676 400007
158 282 100010
229 746 400041
165 394 300031
93 474 400041
532 602 400007
503 889 400007
476 773 500006
193 774 900002
324 602 300008
192 765 700071
469 968 500051
121 767 200009
399 792 700071
126 358 200021
362 616 1000101
238 722 900091
321 401 300008
361 662 1000001
169 212 1000101
40 965 700004
470 971 700071
583 945 100010
161 564 200021
290 791 500051
572 718 200021
832 844 300008
113 252 100010
655 844 100010
80 102 600005
60 765 300008
173 805 1000001
468 833 800081
28 337 500006
822 909 600005
40 168 700004
334 890 900002
246 661 900002
434 886 800081
220 355 800081
327 743 600061
503 940 200009
163 239 200021
198 376 700004
117 529 400041
348 706 700004
344 989 800081
660 752 600061
205 954 200021
113 818 1000001
43 169 900091
104 617 600005
144 252 700071
79 767 100011
271 390 700004
63 236 900002
49 835 200009
404 906 100010
408 988 900002
182 822 200021
487 909 400041
881 990 300031
242 783 1000001
155 413 300031
15 791 700071
136 377 500006
353 423 400041
573 764 400041
446 880 700071
135 832 200009
366 797 400007
50 314 500051
280 572 600005
37 581 600061
112 526 300031
146 151 1000001
102 638 600005
552 747 200009
479 971 900002
72 674 600061
170 730 900002
321 962 100011
289 922 800003
201 808 900002
31 448 900091
788 862 500006
493 665 600061
64 459 400007
185 624 400041
26 578 400041
371 555 900091
11 26 300031
604 684 200021
64 915 1000101
189 247 800003
313 970 100011
739 917 300008
372 823 800003
346 738 700071
809 888 300008
496 700 700071
121 272 700004
47 594 400007
725 856 900002
282 359 600061
318 583 700004
526 902 100010
568 649 700004
99 137 100010
499 511 100011
478 715 800003
476 960 100011
25 182 900002
450 709 200021
286 804 100010
255 781 300008
585 846 300031
679 744 1000101
401 433 700004
808 812 600005
362 918 800003
653 920 400007
695 932 1000001
558 690 700004
137 326 500051
462 861 400007
772 868 700071
591 653 600005
696 932 700004
392 907 300008
16 598 300031
536 651 500006
393 686 400041
17 416 700004
813 898 300031
255 998 500051
378 525 800081
65 519 900002
90 418 100011
421 429 200021
135 463 900091
736 807 1000001
481 862 200021
75 178 900002
745 919 900091
298 707 100011
187 925 500006
266 551 600061
535 749 400007
54 200 600005
33 259 1000101
177 765 300031
414 674 100010
85 879 300008
665 669 300031
170 503 1000001
428 664 700004
445 580 1000101
109 669 800003
396 469 1000001
85 252 900002
494 861 500051
66 588 200021
13 960 600061
498 752 200021
778 986 900002
517 828 200021
308 554 700004
680 714 300008
625 889 200021
249 421 500051
630 984 300031
214 998 600005
502 964 300008
812 818 1000001
203 883 700071
650 718 700004
343 821 600005
189 269 400041
360 748 100011
361 562 1000001
393 551 1000001
207 954 1000101
235 683 300008
469 494 800003
26 414 500006
599 834 900091
533 714 200021
514 672 100010
651 924 700004
483 751 800081
112 516 500051
576 707 600061
321 903 800003
545 596 1000001
464 907 600005
642 987 900091
214 420 700071
396 834 600061
62 390 500006
195 944 200021
234 881 200009
203 238 200021
284 695 1000001
385 501 100010
0 421 500006
665 813 400041
562 892 300031
697 757 100011
377 434 500006
92 630 700004
79 477 100010
119 725 1000101
456 623 300031
313 508 600005
448 774 900002
611 806 900002
479 747 300031
373 916 100011
79 321 900002
155 415 1000101
189 512 300031
365 629 500006
121 157 900002
441 822 300031
66 566 500006
300 768 100011
254 651 500006
211 435 800081
343 782 600005
179 637 300008
736 790 200021
54 603 300008
98 643 700004
378 990 900091
59 981 400041
124 432 900091
742 789 700071
769 955 700004
284 712 400041
187 566 700071
916 959 300031
360 431 900002
588 944 300031
770 934 600061
454 642 400007
117 710 1000001
558 687 600061
84 560 500051
178 428 1000101
542 611 1000001
198 700 700004
60 881 400041
275 351 100010
435 507 900091
922 944 700071
141 733 200009
496 572 800003
528 987 100011
733 992 200021
178 847 100010
412 796 300008
27 401 700071
258 556 500051
85 984 600061
482 739 700071
344 569 600061
520 875 700071
608 854 400041
495 706 900091
37 520 500051
379 665 400041
98 335 200021
226 697 600061
767 807 400007
550 603 500051
68 624 300008
144 931 900002
766 970 400041
338 539 200009
67 887 700071
430 892 700071
672 937 400041
814 837 400041
269 894 600005
860 997 700004
186 313 700071
164 175 500051
380 986 200009
323 803 1000101
883 972 100010
384 712 1000101
751 865 300031
119 422 600005
265 999 200009
18 616 900002
445 531 300031
384 407 200009
131 192 1000001
38 557 700071
469 492 500051
136 428 900091
231 926 1000001
282 475 1000001
393 946 700004
517 951 100010
178 334 600005
285 656 200021
623 827 1000001
29 754 400007
525 902 500051
190 733 1000001
221 853 600005
219 886 500006
361 583 700071
575 774 300008
587 625 500006
108 710 1000001
637 872 800081
98 832 400041
201 479 700004
467 805 600005
476 735 500051
221 928 1000101
291 505 500051
129 806 900002
593 639 400041
84 221 1000001
187 658 500006
622 936 700004
129 904 300008
187 565 100011
82 892 300008
895 920 400041
5 84 600005
271 718 600005
718 851 700071
633 876 200021
150 394 700071
499 812 200009
225 740 1000001
192 684 200021
475 953 600005
344 847 1000101
149 799 500006
135 752 600005
373 394 600005
684 841 700071
167 553 100011
213 803 600005
812 919 900002
462 619 500006
409 681 800081
160 223 100010
159 880 200009
708 890 800081
505 544 400007
209 773 800081
271 708 100011
463 906 400007
511 904 500051
458 567 1000001
780 821 1000001
12 31 500006
588 716 300008
827 863 900091
47 341 300008
428 741 100011
433 894 100011
202 365 100011
428 701 100010
297 398 800081
265 319 300008
363 660 800003
420 887 800081
163 238 700004
266 512 300008
155 688 100011
170 261 900002
11 240 100010
654 795 300031
883 992 600005
151 831 100010
407 818 600061
549 551 500051
493 719 800003
506 548 800081
222 365 800081
397 512 200009
88 812 1000001
63 77 300031
176 904 100010
505 970 400041
427 795 700071
542 979 100010
55 633 100011
440 669 1000001
610 679 100011
19 934 200021
348 937 900091
428 764 100010
450 645 900002
222 939 900091
440 526 800003
718 734 100010
285 761 900091
158 450 200021
363 924 100010
310 525 500051
75 429 900002
64 107 500006
150 306 600061
65 237 600005
361 501 400007
471 775 200009
389 469 800081
808 955 700071
304 725 300008
472 667 300008
268 586 600005
49 718 1000101
404 694 1000001
64 147 700004
358 818 700071
268 643 1000101
264 466 900002
651 884 600005
158 933 500051
787 884 500051
732 848 400041
900 997 900002
165 956 500051
202 637 900002
460 719 900002
126 510 900002
496 638 400041
555 859 500006
133 905 200021
0 562 800081
29 743 300008
356 630 500051
581 818 300008
39 47 1000101
573 816 300031
389 674 500051
344 431 1000101
79 413 400007
809 921 600005
404 910 400041
606 614 100011
227 261 200009
264 275 600005
157 859 500006
819 890 400007
888 953 700004
660 911 700071
731 839 200021
408 803 900002
598 668 100011
155 293 800081
365 799 600061
467 859 500006
189 776 700004
713 972 500051
109 668 1000001
30 626 700071
249 871 700071
882 973 800003
388 655 700071
35 62 800081
46 395 700004
554 800 200009
645 694 500051
648 793 700071
12 143 200021
252 558 400007
40 731 1000101
132 611 100010
471 625 100010
463 775 300008
447 818 100011
6 995 600005
70 155 800003
220 497 800081
157 507 800003
342 460 700004
173 865 400007
90 267 400007
493 901 100011
907 947 200021
37 838 600061
304 855 900002
691 941 600005
232 574 800003
548 735 100011
274 612 300008
25 619 400007
76 252 700071
283 527 1000001
112 913 1000001
457 535 900091
517 704 400007
511 562 800003
311 315 300031
675 920 700004
67 602 700004
115 380 700004
72 190 200021
0 983 500006
90 437 200009
575 982 300031
15 511 600061
45 331 100010
225 449 700071
673 734 400007
226 956 900002
361 577 400041
515 695 800081
363 838 100010
216 983 700071
73 432 900091
145 502 700004
571 781 800003
190 610 700004
152 832 400041
111 407 400007
377 752 900002
266 527 600061
80 113 200009
379 413 400041
228 326 300008
207 495 500051
385 407 700004
622 946 800081
344 996 700071
908 935 200009
292 680 300031
283 359 400007
56 441 200021
7 682 100010
436 668 300008
142 408 1000101
293 337 200021
17 237 1000101
115 784 900091
18 854 200021
413 572 500006
103 123 800003
547 851 500006
114 532 1000001
172 210 300031
586 859 1000001
313 753 100010
761 873 600061
464 896 500006
307 505 600005
808 979 700071
98 764 800081
365 754 700071
92 459 900091
701 902 800081
237 270 900091
441 763 300008
334 376 1000001
231 584 200009
463 586 400007
465 935 800081
540 669 100010
703 870 100010
852 971 400041
76 228 500006
289 296 300008
407 759 400007
679 795 900091
445 713 700004
496 707 200009
115 195 100011
364 539 200009
387 490 500006
619 994 900002
16 679 900002
478 847 800081
35 631 500051
379 471 200021
16 415 500051
2 439 300008
731 917 500051
623 636 700004
919 997 400007
198 914 300031
157 351 100011
222 418 600005
703 957 900091
204 949 800081
178 554 800081
258 327 500051
737 935 800003
359 924 300031
44 346 200009
352 987 400007
482 980 1000001
707 978 300008
154 778 500051
668 827 500006
451 611 400007
499 912 200021
250 359 600061
357 843 800003
324 459 800003
336 871 400041
858 892 600061
349 559 400007
760 821 700004
567 843 100010
65 553 700071
435 792 500051
18 46 500051
70 907 800003
248 764 300031
481 950 200009
747 946 800081
28 152 1000101
254 563 400041
452 966 600061
171 645 700071
190 790 1000001
129 347 900002
60 163 600061
544 820 900002
125 389 400041
49 228 600061
427 554 100010
455 983 200021
124 192 300008
711 800 700004
415 491 500006
0 621 100010
658 679 600005
63 872 600005
37 722 500051
43 382 800081
671 741 600061
645 955 100011
96 970 800081
73 315 300031
340 530 1000001
256 960 200021
336 503 100011
66 547 700004
78 113 400007
49 159 800003
3 42 400007
325 582 900002
585 900 700004
196 834 800003
21 595 300008
294 394 700071
441 568 1000001
505 666 700004
248 721 700071
721 925 200009
142 347 600061
102 583 100010
292 393 400007
661 721 500006
31 473 1000101
314 473 800081
693 972 700071
189 774 100011
618 815 700004
151 412 300008
145 184 600005
66 148 500051
759 786 300031
46 859 800081
707 838 800081
181 363 1000101
64 964 100010
281 610 100010
296 417 500051
478 547 200009
830 885 800003
105 404 300008
146 433 200009
515 525 200009
186 490 400007
136 696 1000101
12 858 900091
327 900 600061
64 144 600005
226 896 300031
340 814 1000101
470 829 200009
190 559 600061
842 906 100011
245 287 400007
302 643 900002
850 888 600005
21 656 100011
295 368 1000101
878 988 100011
122 429 200021
393 952 200021
63 802 600005
657 938 400007
417 740 1000101
213 457 400007
372 639 600061
256 791 800003
61 400 700004
592 782 300008
324 531 500051
485 930 500051
507 972 800003
109 910 200021
114 726 100011
649 889 900091
269 880 400041
344 367 500051
310 451 600061
1 848 600005
260 319 200021
256 314 800003
146 989 600061
119 201 900091
550 840 600005
618 960 1000001
390 949 100011
93 879 300031
859 930 400041
201 841 800003
285 877 200021
118 636 400041
16 312 500051
290 759 900002
363 466 100010
462 792 100010
353 647 800003
747 794 600005
173 810 900091
513 755 400007
8 47 600061
553 709 800081
380 430 200021
189 910 600005
595 844 600061
378 471 100010
79 472 600005
238 251 700071
155 497 1000001
538 774 400007
276 313 700004
342 994 900091
689 709 100010
111 334 1000001
713 953 800003
60 455 300008
204 788 600061
96 547 500051
253 474 1000001
396 555 500051
114 421 800081
21 328 200009
710 733 200021
65 78 1000001
499 509 100011
147 785 700071
148 924 800081
351 474 100011
108 927 500051
311 498 800081
211 996 700004
141 987 100010
117 712 100011
83 180 1000101
234 553 1000001
85 728 600061
130 928 1000101
781 981 800081
23 181 700004
680 973 1000101
335 830 800081
843 901 200021
39 459 200021
542 625 100011
52 958 100011
225 925 400007
485 711 700071
360 472 100011
542 946 700071
638 992 700004
47 444 500006
74 350 300008
929 973 900002
65 119 400041
4 262 600005
481 580 700071
369 869 1000101
219 241 700071
8 260 400041
239 922 600061
725 808 900091
271 912 800003
323 341 500051
301 379 400041
361 608 900002
138 518 600005
554 973 600061
47 507 200021
740 948 900091
165 796 800081
782 931 600061
356 482 200021
468 963 1000001
401 707 200009
39 772 300031
734 783 500051
370 632 900002
20 788 600005
163 341 100011
543 894 600061
91 908 300031
489 948 400007
375 473 500051
166 643 300008
259 450 1000101
641 932 700004
613 963 700004
282 504 300031
291 399 100011
257 693 200009
755 820 500006
65 320 1000001
59 600 900091
136 821 800003
599 812 100010
384 974 700004
533 656 200021
389 713 900002
297 599 700071
708 885 800081
328 893 900091
22 718 900091
428 472 800081
146 451 200009
87 924 1000001
644 752 800003
253 701 100011
457 677 500006
298 565 200021
38 207 700071
568 965 200021
80 691 200021
339 808 600061
534 762 200009
497 616 300008
434 677 500006
558 863 200021
456 479 500051
241 727 300031
514 943 100011
197 203 800081
632 652 700071
531 661 300031
95 211 100011
282 892 700004
640 691 100011
37 222 700071
633 906 800003
180 811 500006
50 397 500006
66 571 300031
262 609 700071
528 812 500006
402 815 300031
496 667 400041
154 731 800081
209 477 600005
185 843 500051
258 762 1000001
62 119 800081
508 601 1000101
295 355 500006
141 487 600061
568 974 500051
471 865 900002
407 924 1000101
523 637 700004
178 640 800003
701 965 200009
223 288 800003
986 992 500006
72 492 900091
554 561 900091
755 909 700071
146 177 900002
9 852 800003
480 804 800081
49 176 200009
563 740 1000001
435 437 500051
341 824 500006
14 410 500006
170 596 400041
445 480 200009
56 62 1000001
638 802 400041
700 837 600061
105 755 100011
41 938 400007
338 522 600061
55 817 600061
570 722 700071
738 747 600061
310 538 100010
145 873 200009
132 375 700071
466 588 900091
376 770 500051
422 566 300008
186 893 600061
509 574 700004
19 681 700004
177 588 300008
316 584 400007
618 732 300031
678 857 500051
560 736 300031
513 743 1000001
403 443 200021
272 419 200021
428 706 800003
500 888 900002
441 684 500006
414 577 600061
419 904 800081
36 563 700004
301 913 500051
312 986 1000001
478 541 400007
724 825 400007
124 316 700071
281 661 500051
69 717 700071
773 923 300008
456 545 500051
153 631 500006
583 644 600061
11 178 100011
566 749 300008
3 878 1000101
64 272 700004
365 750 900002
102 389 700071
405 606 100011
161 641 300008
608 624 100010
199 542 500006
347 770 900002
35 771 100010
235 251 400041
792 975 400041
343 976 200009
945 992 100010
24 225 900091
191 457 100010
176 672 1000101
415 912 600005
37 298 200009
374 973 900091
129 500 600005
293 907 500006
35 205 600061
365 407 200021
281 819 300008
183 725 1000101
