[0, 286819849.276, 544228053.615, 97848810.907]
[1, 321624255.14, 508326543.125, 82542155.692]
[2, 273665162.898, 467539815.707, 72741497.412]
[3, 232390546.28, 439920084.518, 70723447.782]
[4, 233041938.028, 431053574.29, 75584361.866]
[5, 183376739.716, 419970953.156, 83142151.749]
[6, 146235580.507, 372487058.2, 90248209.846]
[7, 193901686.057, 346647777.123, 78029880.118]
[8, 182760715.733, 341027116.305, 78568061.311]
[9, 93458818.196, 334075679.506, 76146380.071]
[10, 93856043.101, 313899875.314, 78846680.203]
[11, 144809086.725, 319656739.775, 77774192.965]
[12, 144375260.546, 325269782.087, 83509663.733]
[13, 144765276.548, 319619249.148, 71134100.234]
[14, 181959679.0, 324941107.508, 78006219.285]
[15, 144808463.831, 320290622.102, 76286898.135]
[16, 143927068.189, 317547016.43, 85887234.087]
[17, 93905581.855, 328406817.163, 81109342.925]
[18, 66433584.533, 313557659.544, 84031795.184]
[19, 66068227.555, 326644157.436, 90203514.515]
[20, 144165693.295, 317239711.417, 86537060.588]
[21, 144783360.826, 304445204.066, 83401034.522]
[22, 144592988.632, 300672480.438, 88148010.263]
[23, 144592988.632, 296628285.806, 75694854.554]
[24, 128970966.688, 312403948.399, 75587482.373]
[25, 145537337.333, 331487551.44, 85524149.909]
[26, 182110306.027, 326301545.032, 81773763.381]
[27, 182319156.752, 318172774.499, 79296820.575]
[28, 182319156.752, 321158997.244, 78628316.377]
[29, 93056010.404, 331493468.498, 84697357.554]
[30, 93106860.599, 323583764.198, 98848025.286]
[31, 93409295.018, 299093847.662, 89762857.635]
[32, 93409295.018, 287081274.523, 89238545.077]
[33, 93554964.334, 279871993.4, 76785842.704]
[34, 93609242.557, 268042218.547, 80390732.23]
[35, 93107659.843, 280611604.515, 78171333.685]
[36, 145505394.503, 290796094.35, 75333361.28]
[37, 94106873.636, 288770090.826, 80093353.446]
[38, 93305029.508, 277580848.979, 79523098.411]
[39, 144556755.659, 283941933.825, 80034309.142]
[40, 145207109.603, 277004188.451, 67568109.063]
[41, 145011554.795, 288269212.312, 73183905.562]
[42, 144353837.718, 292050990.508, 84861627.673]
[43, 66231149.904, 291653010.401, 85118515.239]
[44, 129196600.577, 261164454.204, 85135873.188]
[45, 66625875.952, 258015302.661, 78524895.618]
[46, 92906951.804, 272689725.983, 82746493.241]
[47, 93562013.46, 269400297.938, 76980060.842]
[48, 93355671.208, 271564114.472, 78717396.097]
[49, 93314031.586, 273585027.663, 78673464.919]
[50, 93355671.208, 259992140.02, 73473671.554]
[51, 144708361.414, 273387185.544, 80158913.986]
[52, 144790752.768, 272982150.58, 77649277.575]
[53, 93209361.33, 257955693.01, 67313253.548]
[54, 130580860.888, 263445321.955, 78111533.203]
[55, 93012765.956, 263859214.835, 84772041.407]
[56, 93218761.069, 250882209.435, 69695616.497]
[57, 127927633.703, 259482857.727, 66528456.226]
[58, 129125950.198, 274277897.66, 73055219.352]
[59, 144881973.012, 269737716.704, 76996218.163]
[60, 92659835.886, 267448454.528, 72007308.961]
[61, 130301947.577, 285593600.664, 76517875.552]
[62, 145480278.564, 302571614.588, 83686494.501]
[63, 128331989.475, 308098140.434, 85096903.211]
[64, 130445343.51, 287740256.487, 87620440.961]
[65, 144464440.306, 303687656.541, 86015807.349]
[66, 93311404.21, 291145905.311, 84294687.72]
[67, 130436800.316, 283247850.684, 71246841.824]
[68, 145189315.178, 298747304.455, 75766621.647]
[69, 92609380.428, 305824382.407, 82741758.01]
[70, 131075741.503, 294574918.0, 77084826.716]
[71, 144373577.487, 300797758.594, 77987532.013]
[72, 146679397.455, 303251023.532, 79341856.137]
[73, 144973793.408, 308769802.402, 88716126.876]
[74, 65691766.375, 298067110.385, 82869261.393]
[75, 65691766.375, 290018528.809, 87562832.156]
[76, 65691766.375, 286318064.516, 85608170.856]
[77, 65691766.375, 289911785.875, 87895391.468]
[78, 128720611.12, 273548412.935, 83146563.937]
[79, 94030795.427, 254861409.924, 73191979.438]
[80, 92655160.961, 271300750.482, 87672602.437]
[81, 92405529.134, 264586427.341, 83651853.991]
[82, 92655160.961, 265622534.302, 77047638.452]
[83, 92655160.961, 275326841.004, 78109935.066]
[84, 93356199.242, 273324395.699, 80617186.474]
[85, 92810397.185, 265720338.795, 87005432.11]
[86, 92855434.78, 271364513.238, 88008810.504]
[87, 92855434.78, 277651860.357, 77302633.998]
[88, 144359416.346, 284986485.266, 84182858.204]
[89, 144392253.814, 268940377.932, 76492489.576]
[90, 93208510.69, 275725819.788, 76857044.661]
[91, 64970072.083, 282707955.477, 82825392.156]
[92, 67461740.743, 290581306.413, 77939267.741]
[93, 128905872.418, 309255672.31, 73823359.023]
[94, 93558040.5, 306444568.551, 87694157.314]
[95, 128274210.318, 297627252.612, 81804419.321]
[96, 131158879.542, 306618994.958, 76557419.835]
[97, 145757538.457, 312558153.968, 83356565.383]
[98, 145473660.046, 320329029.962, 79109229.598]
[99, 93555766.928, 284876523.488, 81887235.713]
[100, 130516086.485, 291058057.537, 90799383.902]
[101, 93566264.361, 280170609.78, 81368762.796]
[102, 93118713.476, 300060741.81, 90910010.04]
[103, 145599730.716, 293280672.612, 70394017.094]
[104, 144490872.481, 297034430.947, 62994201.455]
[105, 146264817.714, 313051985.139, 76885814.332]
[106, 144998193.536, 315936184.068, 81000982.954]
[107, 144567728.514, 321492727.595, 81303679.877]
[108, 144567728.514, 313869632.534, 75270274.428]
[109, 128531792.239, 307169353.866, 77958011.901]
[110, 129456274.306, 313771447.264, 76994179.177]
[111, 129875220.193, 314726203.202, 74415820.437]
[112, 129732950.58, 337482480.202, 87418239.423]
[113, 129732950.58, 335279688.76, 81452444.703]
[114, 129598834.729, 333974131.639, 83032537.434]
[115, 145256265.373, 327198715.596, 70584006.427]
[116, 145068898.23, 329804625.692, 74131885.178]
[117, 93605202.732, 334196048.936, 91805312.108]
[118, 182515477.067, 312911606.706, 81157064.877]
[119, 143799291.478, 324273119.283, 82272441.932]
[120, 127762737.328, 313943499.538, 78197398.806]
[121, 92158007.68, 311136213.583, 79643143.812]
[122, 64928502.443, 286012449.756, 86914372.281]
[123, 65981589.093, 278293730.814, 79889110.748]
[124, 130650822.49, 274698718.875, 75042720.927]
[125, 129244334.539, 283165960.124, 68159850.249]
[126, 144247713.645, 289101019.575, 63721037.686]
[127, 92255382.271, 273113992.448, 84037129.757]
[128, 92255382.271, 290939571.675, 85678184.485]
[129, 92855096.281, 275854706.975, 81312371.817]
[130, 93205470.889, 281038571.028, 90440552.089]
[131, 93411502.579, 283914858.287, 77712952.554]
[132, 92928736.294, 270257854.899, 88655781.41]
[133, 92928736.294, 276950210.828, 88951680.153]
[134, 65526983.25, 264961308.068, 78212147.484]
[135, 65668296.875, 269718478.464, 88860721.232]
[136, 66148693.774, 259237677.675, 83303053.096]
[137, 93355691.668, 252142523.025, 85763999.937]
[138, 65529694.425, 242689003.821, 79126328.551]
[139, 92860868.266, 243723890.764, 76706242.405]
[140, 66009625.029, 227831112.859, 66721744.209]
[141, 65846592.769, 222916025.753, 74760575.441]
[142, 66035717.684, 239711781.88, 78544778.296]
[143, 65426984.285, 225375177.681, 79532498.69]
[144, 64720037.442, 216206331.646, 84250196.426]
[145, 65108481.664, 202412224.993, 82823238.928]
[146, 4416377.882, 197874544.787, 74325130.178]
[147, 3250222.416, 190489610.934, 86996034.897]
[148, 2893682.477, 200461815.037, 81432667.933]
[149, 2893699.757, 208031237.635, 77596640.001]
[150, 65983521.995, 224528848.539, 76454111.57]
[151, 3022236.242, 222152698.694, 84651853.559]
[152, 2800649.843, 196610145.334, 78420706.726]
[153, 65682424.071, 207029634.42, 77129185.233]
[154, 65682424.071, 224234143.969, 77886550.83]
[155, 66016639.537, 214221670.336, 72306064.21]
[156, 65668362.987, 217150127.392, 71588181.291]
[157, 65524444.084, 225037823.736, 71655228.456]
[158, 93008470.898, 238947197.319, 69741014.168]
[159, 66388967.005, 243282631.255, 76239550.677]
[160, 64837761.98, 247338003.007, 83116163.853]
[161, 65117238.546, 246421976.624, 85087329.266]
[162, 93558890.774, 259192812.384, 76567411.692]
[163, 65759223.928, 245539146.584, 69605171.394]
[164, 92908440.742, 244877870.486, 78936741.112]
[165, 65375723.315, 247604578.214, 82811528.451]
[166, 67396746.144, 227776999.494, 82148978.963]
[167, 65126730.284, 199141771.506, 78254586.875]
[168, 65126730.284, 187715268.659, 75598107.358]
[169, 3830736.499, 178287543.633, 68400433.229]
[170, 65352284.636, 174296162.845, 60674492.346]
[171, 65040702.435, 190183077.619, 71889984.405]
[172, 2853645.383, 178010849.707, 75251779.033]
[173, 2853645.383, 173663735.567, 73813157.808]
[174, 3400647.619, 175888840.508, 82545292.579]
[175, 64174327.771, 170156540.713, 68416156.274]
[176, 64174327.771, 163603898.045, 62153310.825]
[177, 65685470.125, 175580351.196, 63742468.78]
[178, 3496365.984, 189582885.026, 78596044.385]
[179, 3496365.984, 171079505.589, 72802225.901]
[180, 64699669.288, 170740107.806, 67340600.796]
[181, 3970583.421, 164466942.284, 78934398.769]
[182, 3069903.474, 149023291.952, 70697607.95]
[183, 2504799.392, 140248161.401, 69422030.942]
[184, 2504799.392, 137550845.066, 79258703.437]
[185, 2972260.612, 129296873.118, 88696296.341]
[186, 3010715.463, 99129043.014, 66454862.265]
[187, 3055222.315, 98266241.596, 70085416.857]
[188, 2934991.888, 97229256.418, 66081908.874]
[189, 2912770.81, 93658918.074, 72055734.265]
[190, 2960439.863, 100141866.976, 71797378.756]
[191, 2972256.019, 89610948.923, 53633599.077]
[192, 3055234.558, 63600688.435, 49483327.174]
[193, 2706296.821, 58596738.452, 52893630.117]
[194, 2768410.868, 51860476.778, 55887927.608]
[195, 2623710.515, 52956933.29, 54796354.384]
[196, 2852034.814, 41918464.616, 48459059.547]
[197, 2552256.303, 38255827.617, 48018528.873]
[198, 2604560.204, 31649354.553, 42123554.285]
[199, 2604560.204, 34813655.996, 43023619.885]
[200, 2581477.627, 50429041.071, 55317522.341]
[201, 2152522.239, 42003214.568, 50431210.72]
[202, 2152522.239, 33784623.992, 46022620.267]
[203, 2388252.241, 44602679.317, 58329623.398]
[204, 2305130.92, 29298775.472, 41079055.079]
[205, 2259114.685, 32805805.297, 42541946.788]
[206, 2250243.0, 46132604.962, 54638896.424]
[207, 1952767.829, 47196683.54, 50659908.015]
[208, 1952767.829, 41232735.753, 45697181.455]
[209, 1952767.829, 40358758.792, 48162003.883]
[210, 1990805.489, 37365853.728, 46390129.589]
[211, 1950207.5, 31262155.853, 45238089.269]
[212, 1950207.501, 36146974.034, 49275588.242]
[213, 1916561.383, 37486995.639, 50668887.166]
[214, 1916561.383, 35165807.883, 47354258.642]
[215, 1900836.693, 39280064.514, 54476841.797]
[216, 1718482.802, 44735982.033, 54881701.533]
[217, 1718482.802, 56643307.871, 58400628.192]
[218, 1706797.451, 51977810.269, 55579011.779]
[219, 1718482.802, 57876292.136, 58408705.05]
[220, 1700929.845, 56208462.986, 49898988.174]
[221, 1718482.802, 43998868.941, 47877156.711]
[222, 1706801.318, 41260756.085, 57149691.012]
[223, 1700929.845, 43847922.901, 52960227.425]
[224, 1700929.845, 54950156.878, 58695278.145]
[225, 1700929.845, 44963993.039, 53537823.863]
[226, 1700927.876, 48339507.969, 60135253.989]
[227, 1700928.581, 32005095.743, 47225701.358]
[228, 1700927.876, 44201192.958, 52137772.385]
[229, 1700927.876, 48107013.516, 52247955.653]
[230, 1700927.817, 42640004.213, 51354298.933]
[231, 1700927.876, 27740998.839, 45416924.863]
[232, 1700927.876, 27491428.718, 43773459.927]
[233, 1700927.876, 22451145.376, 38266778.489]
[234, 1700927.876, 32298904.864, 42852761.498]
[235, 1600960.488, 25493238.387, 42456298.76]
[236, 1700927.876, 25365569.264, 43540708.262]
[237, 1700927.876, 26526489.114, 43345465.81]
[238, 1662253.315, 40961699.281, 55586093.423]
[239, 1600958.676, 35553155.858, 45511024.414]
[240, 1600958.676, 34987010.921, 45107263.289]
[241, 1600959.425, 37166086.564, 44787506.952]
[242, 1700927.876, 33103526.001, 45165135.938]
[243, 1700927.876, 36911789.706, 47165609.201]
[244, 1700927.876, 26122454.365, 39685892.845]
[245, 1700927.876, 19884224.645, 37379435.445]
[246, 1600959.831, 21419710.402, 37157288.803]
[247, 1700927.876, 26944956.961, 41687915.366]
[248, 1700927.876, 28192942.836, 40866209.686]
[249, 1700927.876, 27853491.46, 40180059.409]
[250, 1700927.876, 34073647.932, 45755150.378]
[251, 1700927.876, 25418108.415, 40173419.389]
[252, 1700927.876, 23571743.605, 38055876.767]
[253, 1638014.616, 28693812.151, 39511296.896]
[254, 1700927.876, 31157542.154, 45490619.734]
[255, 1700927.876, 34056000.996, 44851021.653]
[256, 1700927.876, 31366008.387, 43972988.61]
[257, 1700927.876, 30994897.423, 46490799.67]
[258, 1700927.905, 26733379.404, 40893921.019]
[259, 1700927.876, 33328534.987, 45842761.689]
[260, 1700927.905, 28251650.495, 42820165.537]
[261, 1700927.905, 35820044.673, 43144678.095]
[262, 1700927.876, 31371070.989, 39146313.252]
[263, 1700927.876, 29805666.086, 40302984.982]
[264, 1700927.905, 30388714.739, 42420226.257]
[265, 1607192.329, 31208985.08, 44089302.97]
[266, 1700927.905, 39229360.56, 52799130.477]
[267, 1700927.905, 28177286.277, 44301635.378]
[268, 1700927.905, 32150606.163, 42578002.238]
[269, 1607192.329, 37852227.641, 47655971.419]
[270, 1607192.329, 43165370.939, 56841486.056]
[271, 1607192.329, 41032571.79, 52281537.737]
[272, 1607192.329, 40152099.269, 50479702.37]
[273, 1607192.329, 28282899.998, 41727197.385]
[274, 1600958.707, 27785386.191, 45366165.924]
[275, 1600958.707, 30464895.573, 43718824.02]
[276, 1600958.707, 34717310.528, 48302522.478]
[277, 1600958.707, 45433778.135, 52172686.093]
[278, 1600958.707, 43539054.104, 51419620.751]
[279, 1619589.294, 39800879.578, 55735099.033]
[280, 1700924.509, 36704203.285, 51760576.18]
[281, 1700927.876, 37392650.929, 52866706.707]
[282, 1700927.876, 35902474.349, 44892574.069]
[283, 1662253.585, 31179935.943, 44640061.038]
[284, 1638021.882, 32951879.976, 45653728.323]
[285, 1700922.892, 41534980.456, 51499099.442]
[286, 1700922.892, 39183470.071, 48817055.805]
[287, 1700927.876, 47350189.196, 54711865.178]
[288, 1700927.876, 40415765.334, 50722165.303]
[289, 1700927.876, 30798536.885, 44309239.401]
[290, 1700927.876, 23233588.266, 39886050.735]
[291, 1700927.876, 19916716.523, 36301864.763]
[292, 1700927.876, 25225405.887, 40219067.526]
[293, 1700927.876, 25138990.438, 42680915.35]
[294, 1700927.876, 25889799.672, 45647852.456]
[295, 1700927.876, 27559957.635, 43646225.904]
[296, 1700927.876, 35032727.692, 45447877.568]
[297, 1700922.217, 33355342.228, 48758915.706]
[298, 1700927.876, 33241992.818, 48005880.177]
[299, 1700927.876, 31855918.714, 50972508.907]
[300, 1700927.876, 28997922.985, 41877364.453]
[301, 1700927.876, 26640055.497, 41342445.905]
[302, 1700927.876, 31875152.03, 42699339.623]
[303, 1700927.876, 25037719.797, 38311939.738]
[304, 1700927.876, 32818909.02, 41626400.103]
[305, 1607194.475, 24999977.962, 39833961.216]
[306, 1700927.876, 32950952.12, 45696182.534]
[307, 1700899.712, 39542731.704, 50122549.74]
[308, 1700927.876, 36217794.855, 48059737.74]
[309, 1700899.712, 33864739.504, 46781835.292]
[310, 1700899.712, 27614906.158, 47255857.847]
[311, 1700899.712, 23862568.428, 40535955.631]
[312, 1700899.712, 37229784.302, 46451162.103]
[313, 1700899.712, 27399104.151, 41507832.449]
[314, 1700899.712, 26648025.342, 37270589.663]
[315, 1700899.712, 20681975.787, 35348914.004]
[316, 1700899.712, 23764080.737, 36973807.333]
[317, 1700899.712, 41927400.292, 53870646.626]
[318, 1700899.712, 29732107.162, 40909507.06]
[319, 1700899.712, 26863099.918, 39236478.887]
[320, 1700899.712, 35655679.581, 48531831.402]
[321, 1700899.712, 34909875.55, 51415271.441]
[322, 1700922.217, 29199448.543, 44087463.541]
[323, 1700900.711, 31704549.694, 42434807.079]
[324, 1700900.711, 35543012.836, 49004127.453]
[325, 1700900.711, 34544056.187, 46705385.992]
[326, 1700900.711, 28314987.392, 42280261.543]
[327, 1700900.711, 29753911.823, 41386807.883]
[328, 1700900.711, 27228909.124, 39044037.298]
[329, 1700900.711, 32690183.651, 46317979.38]
[330, 1700900.711, 28628724.351, 39145770.588]
[331, 1700900.711, 23388592.684, 39295546.695]
[332, 1700900.711, 26657798.595, 40372046.871]
[333, 1700895.051, 24983048.37, 36131787.754]
[334, 1700900.711, 44523771.753, 56317653.881]
[335, 1700900.711, 35703728.949, 46886509.624]
[336, 1700900.711, 40126187.772, 44062627.416]
[337, 1607194.475, 38475869.282, 46796520.709]
[338, 1607194.475, 35963487.613, 47474156.772]
[339, 1619592.845, 28555833.516, 40658677.942]
[340, 1619592.845, 31691904.163, 45241458.163]
[341, 1700900.711, 35309867.923, 47441785.068]
[342, 1700900.711, 28919202.202, 46020485.445]
[343, 1700900.711, 28896244.803, 46428742.986]
[344, 1700900.711, 26072636.311, 38746538.543]
[345, 1700900.711, 20037099.838, 33906941.548]
[346, 1700900.711, 20557901.44, 34829267.898]
[347, 1700900.711, 26619608.512, 37248650.863]
[348, 1700900.711, 22654884.555, 38568462.63]
[349, 1700895.051, 19525844.583, 34205376.454]
[350, 1700900.711, 27453068.59, 41392225.695]
[351, 1700900.711, 29895160.446, 41281323.626]
[352, 1700900.711, 26388426.223, 39020262.545]
[353, 1700900.711, 27660645.736, 39243838.62]
[354, 1700895.051, 26000626.989, 38212320.84]
[355, 1700895.051, 24451828.241, 39727495.056]
[356, 1700895.051, 30092128.778, 43940779.871]
[357, 1700895.051, 34910305.49, 48610723.439]
[358, 1700895.051, 30529393.544, 41353348.375]
[359, 1700895.051, 33905519.028, 45913374.228]
[360, 1700895.051, 25407805.157, 40181498.144]
[361, 1700895.051, 31376632.983, 44926598.264]
[362, 1700900.711, 35353835.376, 47982776.954]
[363, 1700900.711, 31996368.639, 50155248.078]
[364, 1700900.711, 26360415.372, 39009104.13]
[365, 1700900.711, 32255700.413, 44323354.524]
[366, 1700900.711, 30354921.47, 42372259.813]
[367, 1700900.711, 24760208.228, 37951400.186]
[368, 1700900.711, 40220876.962, 52854791.096]
[369, 1700900.711, 28382274.204, 47210848.66]
[370, 1700900.711, 30733307.82, 44860185.544]
[371, 1700900.711, 37063832.873, 56116072.164]
[372, 1700900.711, 27830406.807, 43555258.121]
[373, 1700900.711, 26148060.677, 42679418.319]
[374, 1700900.711, 30539938.704, 41220725.458]
[375, 1700900.711, 32311221.637, 40885539.464]
[376, 1700900.711, 33779441.229, 43693785.761]
[377, 1700900.711, 27080729.865, 39612746.897]
[378, 1700900.711, 23104358.646, 35682183.13]
[379, 1700900.711, 23482518.997, 36575831.978]
[380, 1700900.711, 24451120.312, 37528127.238]
[381, 1700900.711, 26248317.117, 38534449.955]
[382, 1700895.051, 33041046.218, 45569049.87]
[383, 1700895.051, 36434664.743, 50785582.299]
[384, 1700900.711, 25179980.668, 41309896.828]
[385, 1700900.358, 22301599.102, 35543491.142]
[386, 1700895.051, 25363314.388, 40076599.725]
[387, 1700895.051, 25767562.812, 37858776.358]
[388, 1700895.051, 23999420.344, 38407834.166]
[389, 1700895.051, 22692695.308, 37555669.621]
[390, 1700895.051, 28823765.75, 39981055.612]
[391, 1700900.711, 36953971.494, 45343119.939]
[392, 1700900.711, 46193459.936, 62903149.613]
[393, 1700900.711, 34587367.953, 47140535.64]
[394, 1700900.711, 28632262.329, 44444449.595]
[395, 1700900.711, 32622671.862, 43136849.052]
[396, 1700900.711, 37478849.865, 47163258.932]
[397, 1700900.711, 25748663.296, 40910124.45]
[398, 1700900.711, 20286336.775, 35521928.267]
[399, 1700900.711, 23214411.579, 37243101.014]
[400, 1700900.711, 27452442.118, 45119947.77]
[401, 1700900.711, 31553970.997, 47816133.013]
[402, 1700900.711, 31951196.161, 39151431.531]
[403, 1700900.711, 29774419.28, 41820664.534]
[404, 1700895.051, 22187880.646, 36174889.72]
[405, 1700900.711, 32798987.871, 44881748.049]
[406, 1700900.711, 30087829.747, 41125234.679]
[407, 1700900.711, 27576835.891, 37744325.252]
[408, 1700900.711, 26766024.061, 37747693.063]
[409, 1700895.051, 33278960.341, 43117959.574]
[410, 1700900.711, 25730400.43, 40918303.092]
[411, 1700900.711, 27168053.639, 40064436.422]
[412, 1700900.711, 29010172.396, 44698305.15]
[413, 1700900.711, 19892148.122, 35167933.72]
[414, 1700900.711, 24825865.113, 38368895.867]
[415, 1700900.711, 34254232.373, 47396440.988]
[416, 1700900.711, 30230182.747, 41975265.768]
[417, 1700900.711, 36646080.598, 43395896.248]
[418, 1700900.711, 23391988.84, 36068609.781]
[419, 1700900.711, 30572822.744, 42606322.549]
[420, 1700900.711, 27643165.834, 41226967.481]
[421, 1700900.711, 26392661.903, 41045526.889]
[422, 1700900.711, 33091516.637, 45076742.827]
[423, 1700900.711, 26118380.929, 40693243.153]
[424, 1700900.711, 25855636.883, 42268836.961]
[425, 1700900.711, 25211766.126, 41168595.999]
[426, 1700900.711, 25121346.236, 42708243.924]
[427, 1700900.711, 24349703.703, 37681985.204]
[428, 1700900.711, 25518850.817, 41506916.97]
[429, 1700900.711, 33544899.749, 43414766.476]
[430, 1700900.358, 33815748.333, 44597001.042]
[431, 1700900.711, 27629319.394, 41176003.625]
[432, 1700900.711, 25774718.709, 39919436.34]
[433, 1700900.711, 30985209.081, 43335436.338]
[434, 1700900.711, 29058549.05, 41290343.576]
[435, 1700900.711, 34968656.775, 45980659.862]
[436, 1700900.711, 33766116.258, 40813161.825]
[437, 1700900.711, 35262842.288, 41534800.862]
[438, 1700900.711, 33539384.406, 44276892.305]
[439, 1700900.711, 33870731.989, 45830792.341]
[440, 1700895.051, 41257739.699, 52744184.012]
[441, 1700895.051, 39973218.334, 54841438.763]
[442, 1700900.711, 26806179.72, 40807289.789]
[443, 1700900.711, 31663384.107, 48300414.366]
[444, 1700900.711, 34336903.779, 50651009.497]
[445, 1700900.711, 28785439.591, 46113407.562]
[446, 1700900.711, 27858573.659, 41177479.395]
[447, 1700900.711, 31410859.773, 39673844.956]
[448, 1700900.711, 24604942.205, 42063786.939]
[449, 1700900.711, 18077226.015, 32522685.524]
[450, 1700900.711, 28830292.241, 39995138.445]
[451, 1700900.711, 26649323.371, 40360506.198]
[452, 1700900.711, 36209781.094, 45825435.138]
[453, 1700895.051, 28820607.304, 42868401.884]
[454, 1700895.051, 44361830.37, 48676679.317]
[455, 1700895.051, 40573671.547, 54079886.594]
[456, 1700895.051, 41081829.396, 49328653.966]
[457, 1700895.051, 37620426.518, 50832910.047]
[458, 1700895.051, 29300142.673, 45803773.511]
[459, 1700900.711, 36825219.181, 50215551.357]
[460, 1700900.711, 31927509.193, 45468508.966]
[461, 1700900.711, 30087072.616, 40069775.312]
[462, 1700895.051, 27300190.067, 40479728.769]
[463, 1700900.711, 26960769.169, 42706188.756]
[464, 1700900.711, 30071421.201, 42038913.323]
[465, 1700900.711, 26611548.727, 39348275.76]
[466, 1700900.711, 34304464.728, 43302071.961]
[467, 1700900.711, 27644675.818, 40226789.646]
[468, 1700900.711, 25434576.314, 36970348.396]
[469, 1700900.711, 21041209.682, 32761090.998]
[470, 1700895.051, 29453188.478, 42001496.551]
[471, 1700895.051, 25863926.788, 38266935.961]
[472, 1700900.711, 23056532.19, 37309132.94]
[473, 1700900.711, 29340179.375, 38572766.866]
[474, 1700900.711, 22037435.502, 36211911.738]
[475, 1700900.711, 25650776.384, 38465479.857]
[476, 1700900.711, 28556209.436, 41652061.568]
[477, 1700895.051, 22047209.348, 35115725.559]
[478, 1700895.051, 25074603.789, 39267836.114]
[479, 1700895.051, 24190293.865, 38227147.591]
[480, 1700895.051, 30781629.592, 37428764.424]
[481, 1700895.051, 36484836.853, 47904205.166]
[482, 1700895.051, 34540764.397, 49267365.005]
[483, 1700900.711, 36277342.959, 49020678.888]
[484, 1700895.051, 36645335.367, 46524622.78]
[485, 1700895.051, 31345563.695, 41176326.32]
[486, 1700900.711, 36151857.478, 48917355.011]
[487, 1700900.711, 32710639.732, 47901734.24]
[488, 1700900.711, 37589011.289, 48695452.322]
[489, 1700900.711, 36437751.243, 45727706.555]
[490, 1700895.051, 36168037.433, 51820753.903]
[491, 1700895.051, 36976102.053, 47098770.651]
[492, 1700895.051, 32900410.76, 50331850.619]
[493, 1700895.051, 34299180.672, 47758185.404]
[494, 1700895.051, 33863019.395, 46830442.957]
[495, 1700900.711, 31953424.736, 43091943.802]
[496, 1700900.711, 35657150.352, 42654850.788]
[497, 1700900.711, 33373191.381, 47164860.392]
[498, 1700900.711, 23562904.11, 38600275.698]
[499, 1700900.711, 24691818.871, 39532378.316]
[500, 1700900.711, 22842595.283, 37461934.403]
[501, 1700900.711, 21589074.585, 37100667.134]
[502, 1700895.051, 26112955.142, 39663708.106]
[503, 1700895.051, 20482662.61, 35463676.556]
[504, 1700900.711, 30501230.219, 39847718.993]
[505, 1700900.711, 26629983.361, 38317444.778]
[506, 1700895.051, 25347197.405, 34731901.459]
[507, 1700900.711, 30742046.276, 44022306.018]
[508, 1700900.711, 32898547.484, 44881640.608]
[509, 1700900.711, 31729053.895, 45092664.133]
[510, 1700895.051, 24976297.661, 41844371.959]
[511, 1700900.711, 27555665.561, 39778803.567]
[512, 1700900.711, 33690694.004, 42856586.535]
[513, 1700900.711, 35453153.985, 48146551.96]
[514, 1700900.711, 34335332.205, 45028189.087]
[515, 1700900.711, 40132202.094, 54312730.482]
[516, 1700900.711, 27659148.849, 45897205.513]
[517, 1700900.711, 26372967.688, 37982102.127]
[518, 1700895.051, 26628783.224, 41318882.827]
[519, 1700895.051, 30564980.859, 42234424.437]
[520, 1700900.711, 36665564.095, 46505684.874]
[521, 1700900.711, 39629542.693, 51704560.337]
[522, 1700900.711, 37249671.323, 54070879.636]
[523, 1700900.711, 41059336.37, 46418985.7]
[524, 1700900.711, 32782411.047, 40625485.133]
[525, 1700900.711, 24463756.491, 35344537.011]
[526, 1700900.711, 26748525.191, 38752619.124]
[527, 1700895.051, 37723703.324, 55292059.956]
[528, 1700895.051, 34019415.88, 50441896.195]
[529, 1700900.711, 32260204.092, 42942412.433]
[530, 1700900.711, 38076488.43, 47576253.843]
[531, 1700900.711, 30265511.138, 45223643.761]
[532, 1700900.711, 32955277.196, 44793405.606]
[533, 1700900.711, 22670620.203, 35301932.333]
[534, 1700900.711, 25111170.516, 38749117.872]
[535, 1700895.051, 29320573.476, 40607739.155]
[536, 1700895.051, 25157834.031, 38762157.736]
[537, 1700900.711, 25393093.112, 39136556.35]
[538, 1700900.711, 22039938.104, 38406829.49]
[539, 1700900.711, 26986804.491, 39122153.978]
[540, 1700895.051, 29682569.881, 40354300.58]
[541, 1700895.051, 36630190.943, 53758179.958]
[542, 1700900.711, 28347093.512, 39824006.482]
[543, 1700900.711, 27013679.272, 38096989.404]
[544, 1700900.711, 31234461.506, 42221013.198]
[545, 1700900.711, 36851467.938, 45474510.064]
[546, 1700900.711, 34343652.836, 40394738.236]
[547, 1700900.711, 37498167.425, 48388841.915]
[548, 1700900.711, 28814926.387, 44698404.792]
[549, 1700900.711, 28771095.577, 40563939.602]
[550, 1700900.711, 24395220.47, 40207413.297]
[551, 1700900.711, 28549045.998, 40633725.435]
[552, 1700900.711, 33110351.251, 47747372.995]
[553, 1700900.711, 40057423.885, 46469936.931]
[554, 1700900.711, 54911782.7, 61882816.537]
[555, 1700900.711, 32814591.914, 47897163.658]
[556, 1700900.711, 28231238.016, 40902329.812]
[557, 1700900.711, 24739956.867, 35748871.845]
[558, 1700900.711, 18254497.028, 32420031.738]
[559, 1700900.711, 25360694.359, 39097361.888]
[560, 1700895.051, 37673490.606, 49519520.524]
[561, 1700900.711, 29819123.031, 44101539.54]
[562, 1700900.711, 31265635.24, 45893132.764]
[563, 1700900.711, 28778199.567, 41904278.114]
[564, 1700900.711, 24909399.774, 37872232.803]
[565, 1700900.711, 22109651.354, 34559125.691]
[566, 1700895.051, 31132791.037, 42310070.465]
[567, 1700895.051, 28200334.43, 41891825.177]
[568, 1700900.711, 22952298.143, 38972188.398]
[569, 1700900.711, 31149866.699, 41247110.668]
[570, 1700900.711, 35671366.329, 49269565.662]
[571, 1700900.711, 20898340.099, 38494452.745]
[572, 1700900.711, 30356189.782, 41388665.779]
[573, 1700900.711, 31263137.678, 45817792.978]
[574, 1700900.711, 28171228.361, 40870497.004]
[575, 1700900.711, 21050602.6, 37341856.023]
[576, 1700895.051, 28930163.891, 42362044.938]
[577, 1700895.051, 21669556.574, 36461087.961]
[578, 1700900.711, 23758672.866, 38040220.326]
[579, 1700895.051, 29990856.819, 38661374.811]
[580, 1700900.711, 19953252.682, 35768997.468]
[581, 1700900.711, 24651595.058, 35278371.698]
[582, 1700900.711, 46338366.157, 59112399.088]
[583, 1700895.051, 39919520.0, 56350740.156]
[584, 1700900.711, 23922125.039, 35657734.299]
[585, 1700900.711, 21240146.447, 34979841.269]
[586, 1700900.711, 21659187.757, 35312288.842]
[587, 1700900.711, 23477383.093, 38640714.148]
[588, 1700900.711, 25289299.965, 40765235.833]
[589, 1700900.711, 32373262.918, 42860809.64]
[590, 1700900.711, 30209605.603, 46125120.209]
[591, 1700900.711, 28659561.79, 39071662.721]
[592, 1700900.711, 27992839.391, 38941403.955]
[593, 1700900.711, 28205839.879, 41882192.916]
[594, 1700900.711, 35408910.975, 49093725.523]
[595, 1700900.711, 41760519.168, 48392269.935]
[596, 1700900.711, 28843241.85, 41901417.3]
[597, 1700900.711, 40050628.582, 48076082.963]
[598, 1700900.711, 39762686.275, 43021152.964]
[599, 1700900.711, 30992609.063, 41443888.07]
[600, 1700900.711, 30367882.447, 42377347.263]
[601, 1700900.711, 28422427.393, 38158286.028]
[602, 1700900.711, 25495815.443, 39575806.757]
[603, 1700900.711, 17634416.201, 32171947.225]
[604, 1700900.711, 28551147.562, 41631660.5]
[605, 1700900.711, 25646882.523, 39499337.67]
[606, 1700900.711, 30470751.499, 43780842.14]
[607, 1700900.711, 23505475.466, 38712428.059]
[608, 1700895.051, 24933073.032, 40831500.095]
[609, 1700895.051, 33495514.375, 45204603.498]
[610, 1700895.051, 25361125.369, 41112262.711]
[611, 1700895.051, 28982194.485, 41735863.87]
[612, 1700900.711, 33168771.296, 47313110.967]
[613, 1700900.711, 26874084.008, 46733251.65]
[614, 1700900.711, 26126872.981, 42673147.27]
[615, 1700900.711, 33862044.884, 47570196.823]
[616, 1700900.711, 31221309.07, 38710852.159]
[617, 1700900.711, 24607664.928, 40089273.05]
[618, 1700900.711, 26651790.873, 41344628.535]
[619, 1700900.711, 22846200.904, 37468152.692]
[620, 1700900.711, 25903425.604, 37755983.434]
[621, 1700895.051, 24127706.796, 39880045.932]
[622, 1700895.051, 30462403.947, 43702383.626]
[623, 1700895.051, 33441500.076, 47144506.9]
[624, 1700900.711, 30562956.57, 42205730.159]
[625, 1700895.051, 21775566.334, 36926289.787]
[626, 1700895.051, 28817480.54, 41962981.387]
[627, 1700900.711, 31560047.589, 44773004.611]
[628, 1700900.711, 29427988.107, 41017444.501]
[629, 1700900.711, 24384185.94, 39233521.489]
[630, 1700900.711, 22945701.807, 36863985.944]
[631, 1700900.711, 26477343.696, 35129173.531]
[632, 1700900.711, 25132602.189, 37759382.024]
[633, 1700900.711, 26801115.912, 40319545.657]
[634, 1700900.711, 28014088.864, 40989727.15]
[635, 1700900.711, 27450263.925, 41401640.875]
[636, 1700900.711, 28192632.526, 39918120.246]
[637, 1700900.711, 24421888.136, 39241143.883]
[638, 1700900.711, 23760542.542, 38053256.59]
[639, 1700900.711, 29961760.063, 40216992.961]
[640, 1700900.711, 30963175.682, 40441900.213]
[641, 1700900.711, 43951411.838, 51403375.867]
[642, 1607194.475, 27653145.946, 43176147.368]
[643, 1700900.711, 30086356.188, 39103804.538]
[644, 1700900.711, 46263344.412, 48606985.064]
[645, 1700900.711, 45817694.051, 55158741.223]
[646, 1700895.051, 29132678.558, 44092237.906]
[647, 1700900.711, 31258795.73, 46781982.983]
[648, 1700900.711, 33540803.567, 45247511.123]
[649, 1700900.711, 30623213.013, 42640925.058]
[650, 1700900.711, 31732091.656, 42810383.042]
[651, 1700900.711, 29732876.743, 39359395.251]
[652, 1700900.711, 34132370.812, 43389876.359]
[653, 1700900.711, 34700002.398, 50790066.434]
[654, 1700895.051, 29669783.892, 45542624.703]
[655, 1700895.051, 31616266.246, 42899083.969]
[656, 1700895.051, 29023230.932, 42334909.64]
[657, 1700895.051, 22115507.842, 35692175.462]
[658, 1700900.711, 27164231.242, 45306470.99]
[659, 1700900.711, 20052956.315, 35112688.352]
[660, 1700900.711, 29993340.311, 42609485.452]
[661, 1700900.711, 29651277.226, 40863556.057]
[662, 1700900.711, 26559259.733, 41947160.023]
[663, 1700900.711, 29183456.889, 42635734.686]
[664, 1700900.711, 32267104.031, 46559384.115]
[665, 1700900.711, 29363266.624, 43042077.727]
[666, 1700900.711, 20336980.308, 35558597.066]
[667, 1700900.711, 21938952.113, 34744121.17]
[668, 1700900.711, 24490938.562, 37576978.967]
[669, 1700900.711, 31439662.667, 42513090.037]
[670, 1700900.711, 32390487.014, 50635800.575]
[671, 1700900.711, 37021829.058, 54658407.631]
[672, 1700900.711, 35629314.04, 54013897.301]
[673, 1700900.711, 29803092.581, 45902944.358]
[674, 1700900.711, 25801156.584, 39908670.942]
[675, 1700900.711, 30893229.387, 42960601.497]
[676, 1700895.051, 30814562.314, 44343553.753]
[677, 1700895.051, 30108466.945, 50799388.786]
[678, 1700895.051, 40245657.865, 52391347.409]
[679, 1700895.051, 44519923.377, 58737694.777]
[680, 1700900.711, 37430044.89, 52443739.033]
[681, 1700895.051, 28873340.104, 40974319.686]
[682, 1700900.711, 19901304.707, 36303730.903]
[683, 1700900.711, 27483750.205, 42267181.607]
[684, 1700895.051, 31387897.726, 44036521.291]
[685, 1700895.051, 28698460.234, 39516855.186]
[686, 1700895.051, 35048857.051, 42256089.043]
[687, 1700895.051, 37951357.178, 49727172.504]
[688, 1700900.711, 31179519.081, 43680716.98]
[689, 1700900.711, 18243371.021, 33651850.624]
[690, 1700900.711, 20405030.425, 33716521.283]
[691, 1700900.711, 29184604.593, 38686512.328]
[692, 1700900.711, 26018787.327, 37146872.847]
[693, 1700900.711, 36311522.94, 45866004.346]
[694, 1700900.711, 33311689.366, 42655436.499]
[695, 1700900.711, 25932653.682, 42304490.234]
[696, 1700900.711, 22692514.043, 40617394.023]
[697, 1700900.711, 34857428.443, 45673034.027]
[698, 1700900.711, 31299142.383, 40626814.694]
[699, 1700900.711, 34744403.872, 48822208.572]
[700, 1700895.051, 31643882.581, 45682420.07]
[701, 1700900.711, 33922384.887, 47518776.115]
[702, 1700900.711, 27640839.723, 40194285.023]
[703, 1700900.711, 34929348.859, 41379496.301]
[704, 1700900.711, 25099524.037, 37705172.546]
[705, 1700900.711, 30373090.906, 41444581.03]
[706, 1700895.051, 27016628.2, 38118278.378]
[707, 1700895.051, 33694223.205, 44253457.985]
[708, 1700895.051, 42818447.997, 53248683.674]
[709, 1700895.051, 34317907.585, 40944494.462]
[710, 1700895.051, 43320023.586, 53525308.323]
[711, 1700895.051, 43073470.759, 60183543.528]
[712, 1700895.051, 43819768.68, 54270692.237]
[713, 1700895.051, 46631196.912, 59208647.401]
[714, 1700900.711, 35326208.588, 49573123.449]
[715, 1700895.051, 30957510.571, 43810310.857]
[716, 1700895.051, 31368172.326, 44953924.826]
[717, 1700895.051, 41208935.577, 51671475.364]
[718, 1700895.051, 43245963.413, 56568222.673]
[719, 1700895.051, 51868287.758, 58784304.424]
[720, 1700895.051, 43442760.775, 55672555.954]
[721, 1700895.051, 41670936.731, 59809344.683]
[722, 1700895.051, 42418885.513, 57557767.332]
[723, 1700900.711, 52338083.714, 58710055.022]
[724, 1700900.711, 34631841.091, 43593884.722]
[725, 1700895.051, 26221744.328, 39078997.387]
[726, 1700900.711, 36677207.133, 48196472.045]
[727, 1700900.711, 23535443.72, 37664785.477]
[728, 1700900.711, 29829820.341, 40766134.851]
[729, 1700895.051, 30975870.927, 43817547.109]
[730, 1700895.051, 32128955.825, 48799198.877]
[731, 1700900.711, 33098491.634, 48520502.395]
[732, 1700900.711, 41048451.296, 55570339.958]
[733, 1700900.711, 37745435.344, 48204033.706]
[734, 1700900.711, 25754899.824, 41402802.917]
[735, 1700895.051, 29448118.267, 43882218.874]
[736, 1700895.051, 33499522.032, 48687933.168]
[737, 1700895.051, 33808504.213, 47253490.465]
[738, 1700895.051, 40271676.987, 50492977.321]
[739, 1700895.051, 31232714.767, 43161891.163]
[740, 1700900.711, 37190814.931, 50704367.408]
[741, 1700895.051, 33261469.867, 44550148.454]
[742, 1700895.051, 39634608.855, 46290183.485]
[743, 1700895.051, 45810817.305, 57466238.876]
[744, 1700895.051, 29351478.565, 47979312.757]
[745, 1700895.051, 43403856.568, 53079040.267]
[746, 1700895.051, 44014294.66, 51491603.191]
[747, 1700895.051, 38801400.113, 51578542.839]
[748, 1700895.051, 44293348.659, 50720943.592]
[749, 1700900.711, 44433188.321, 56135036.416]
[750, 1700895.375, 34996123.308, 47730086.521]
[751, 1700895.375, 26619879.233, 38992481.176]
[752, 1700895.375, 33056275.995, 52233014.325]
[753, 1700895.375, 24507254.448, 37597926.282]
[754, 1700900.711, 27311219.42, 39487512.973]
[755, 1700900.711, 20421234.615, 33744629.826]
[756, 1700900.711, 17459446.674, 32232157.253]
[757, 1700900.711, 27564674.727, 41802581.524]
[758, 1700900.711, 30269815.414, 44664852.581]
[759, 1700900.711, 30806656.443, 44346048.345]
[760, 1700900.711, 36837766.886, 45887118.566]
[761, 1700895.051, 22746679.697, 39099060.588]
[762, 1700895.051, 28303051.746, 41840093.027]
[763, 1700895.051, 18903791.334, 32784789.633]
[764, 1700895.051, 27034341.049, 43066857.519]
[765, 1700895.051, 29754653.731, 42229226.565]
[766, 1700900.711, 34487183.173, 42746551.239]
[767, 1700900.711, 30530642.428, 45970170.544]
[768, 1700900.711, 26940070.889, 37655511.285]
[769, 1700900.711, 30962737.944, 42376840.318]
[770, 1700895.051, 26011789.633, 38188318.892]
[771, 1700900.711, 47063938.38, 61235254.675]
[772, 1700900.711, 36338552.522, 51684148.519]
[773, 1700900.711, 44630508.472, 59412145.441]
[774, 1700900.711, 29305033.389, 44905027.406]
[775, 1700900.711, 26679164.712, 38369408.049]
[776, 1700900.711, 25796473.205, 39411788.328]
[777, 1700900.711, 25212721.859, 38163420.124]
[778, 1700900.711, 21139187.873, 36734685.574]
[779, 1700895.051, 23472183.017, 37639318.228]
[780, 1700895.051, 36755408.616, 46873937.083]
[781, 1700895.051, 27674997.251, 40251682.844]
[782, 1700895.051, 29333094.991, 43979742.516]
[783, 1700895.051, 31486298.361, 44490132.645]
[784, 1700895.051, 41769175.14, 48863281.217]
[785, 1700895.051, 27936388.17, 41561366.953]
[786, 1700895.051, 36711256.321, 50252499.099]
[787, 1700895.051, 33602908.152, 49548904.668]
[788, 1700895.051, 34782465.834, 47912074.732]
[789, 1700900.711, 36015845.394, 47444223.906]
[790, 1700900.711, 37301259.057, 47654074.704]
[791, 1700900.711, 28421299.665, 41193215.007]
[792, 1700900.711, 33483001.136, 42428080.817]
[793, 1700900.711, 31149293.007, 40247385.606]
[794, 1700900.711, 33622358.149, 46997117.588]
[795, 1700900.711, 28470898.727, 39236719.633]
[796, 1700900.711, 17869349.254, 31380277.819]
[797, 1700900.711, 30946467.216, 41397003.231]
[798, 1700900.711, 23202141.421, 38291101.447]
[799, 1700895.051, 30337526.662, 42342021.158]
[800, 1700895.051, 36335009.737, 47585193.567]
[801, 1700895.051, 40091098.94, 53760849.391]
[802, 1700895.051, 31531655.554, 43500119.961]
[803, 1700895.051, 30146556.7, 44389427.714]
[804, 1700895.051, 38224930.971, 48195443.237]
[805, 1700900.711, 36995465.301, 49582483.581]
[806, 1700900.711, 35820696.494, 47901627.627]
[807, 1700900.711, 31044484.124, 43304293.099]
[808, 1700900.711, 34275873.342, 44656101.984]
[809, 1700899.741, 28453516.693, 41225475.606]
[810, 1700900.711, 20583154.846, 33635696.896]
[811, 1700900.711, 27819962.19, 42096842.578]
[812, 1700900.711, 26746494.009, 43196392.552]
[813, 1700900.711, 25382765.262, 39122519.47]
[814, 1700900.711, 29189672.161, 41691719.243]
[815, 1700900.711, 30920945.499, 41911671.178]
[816, 1700900.711, 26026734.085, 38187981.989]
[817, 1700900.711, 45719000.452, 51892506.398]
[818, 1700900.711, 39537091.388, 51420077.81]
[819, 1700900.711, 32913886.921, 44371978.855]
[820, 1700900.711, 37120723.15, 46163764.919]
[821, 1700900.711, 44437844.896, 55617340.521]
[822, 1700900.711, 28583877.056, 40614864.244]
[823, 1700900.711, 37207726.847, 44691442.561]
[824, 1700900.711, 31039949.68, 45166321.734]
[825, 1700900.711, 30769492.594, 44884549.375]
[826, 1700895.081, 26524888.833, 42958273.584]
[827, 1700900.711, 35142362.052, 48502905.284]
[828, 1700900.711, 35058257.251, 47171911.828]
[829, 1700900.711, 30091502.696, 43865856.283]
[830, 1700900.711, 33668495.427, 42375547.204]
[831, 1600959.457, 29114888.233, 39804566.373]
[832, 1600959.457, 28221922.556, 41861433.558]
[833, 1700900.711, 24946897.905, 37793227.93]
[834, 1700895.051, 22435709.503, 37144180.886]
[835, 1700900.711, 35835590.107, 50472211.407]
[836, 1700900.711, 31179769.793, 45978082.664]
[837, 1700895.051, 26937107.961, 42177895.058]
[838, 1700895.051, 32989230.63, 42791469.379]
[839, 1700895.051, 39578942.823, 54432714.471]
[840, 1700895.051, 29734741.665, 47016674.571]
[841, 1700895.051, 33690056.561, 49057900.798]
[842, 1700895.051, 28731247.865, 46257968.255]
[843, 1700895.051, 36885479.423, 53296379.279]
[844, 1700895.051, 38113850.98, 52764151.294]
[845, 1700895.051, 31683271.421, 51135414.376]
[846, 1700900.711, 31407247.215, 47093178.611]
[847, 1700895.051, 28987635.349, 45554168.21]
[848, 1700895.051, 41868730.113, 49585245.46]
[849, 1700895.051, 31392699.173, 44978106.534]
[850, 1700900.711, 22097712.861, 35687266.297]
[851, 1700900.711, 25906825.442, 37750700.639]
[852, 1700900.711, 26885782.535, 37600244.06]
[853, 1700900.711, 28284825.739, 41316264.457]
[854, 1700900.711, 27393412.047, 38900177.589]
[855, 1700900.711, 29590041.736, 40927461.779]
[856, 1700900.711, 28829670.847, 43803813.582]
[857, 1700900.711, 27159959.54, 39570204.672]
[858, 1700900.711, 32129927.695, 40082191.864]
[859, 1700900.711, 27681965.624, 40706522.42]
[860, 1700895.051, 31712738.529, 50341636.23]
[861, 1700895.051, 40475140.742, 53413864.401]
[862, 1700895.051, 27843410.342, 45395314.595]
[863, 1700900.711, 25555569.897, 38556480.884]
[864, 1700900.711, 31681580.509, 43377210.803]
[865, 1700900.711, 25409752.199, 41180394.002]
[866, 1700895.051, 32141808.512, 43952436.215]
[867, 1700896.374, 27072516.346, 42117615.816]
[868, 1700896.374, 31365243.723, 43115126.797]
[869, 1700900.711, 31152379.05, 41851376.933]
[870, 1700900.711, 30440118.54, 39838231.551]
[871, 1700895.051, 30323467.843, 42374688.629]
[872, 1700895.051, 26134261.786, 40716301.386]
[873, 1700900.711, 28010297.713, 43810656.868]
[874, 1700900.711, 26569559.515, 41949809.021]
[875, 1700900.711, 31445057.239, 45316242.575]
[876, 1700900.711, 31501405.091, 42053398.511]
[877, 1700900.711, 43235067.661, 61083209.827]
[878, 1700900.711, 36343306.974, 48448491.008]
[879, 1700895.051, 33534484.43, 46990878.857]
[880, 1700895.051, 32599377.142, 42151809.749]
[881, 1700895.051, 28741046.457, 42518113.885]
[882, 1700895.051, 28806024.987, 42892279.72]
[883, 1700895.051, 45896378.181, 50980666.821]
[884, 1700895.051, 40602416.435, 49335405.086]
[885, 1700900.711, 42983648.458, 49908318.848]
[886, 1700900.711, 28431136.476, 40203392.373]
[887, 1700900.711, 28595288.454, 43573892.647]
[888, 1700900.711, 36037715.636, 47381352.708]
[889, 1700900.711, 22325107.76, 36123059.972]
[890, 1700900.711, 23600852.915, 34805268.239]
[891, 1700900.711, 20158387.66, 36718821.812]
[892, 1700900.711, 30161127.36, 43352493.937]
[893, 1700900.711, 26702196.63, 41843330.129]
[894, 1700900.711, 28541212.759, 40656306.615]
[895, 1700895.051, 26941047.785, 40707283.427]
[896, 1700900.711, 33006512.295, 51084935.253]
[897, 1700900.711, 30534218.747, 44159133.261]
[898, 1700900.711, 40241348.135, 51622153.218]
[899, 1700900.711, 37804043.799, 56679552.145]
[900, 1700900.711, 30323454.106, 42327492.217]
[901, 1700900.711, 29692204.735, 41331861.973]
[902, 1700900.711, 26298206.703, 43529336.385]
[903, 1700900.711, 25458778.254, 39558566.266]
[904, 1700900.711, 20424073.909, 36024403.302]
[905, 1700900.711, 26999372.012, 39093401.397]
[906, 1700900.711, 31082737.179, 44672534.038]
[907, 1700900.711, 27279168.365, 40460656.719]
[908, 1700900.711, 30362322.329, 41405126.413]
[909, 1700900.711, 31993030.097, 43105999.368]
[910, 1700900.711, 39501532.169, 50990929.954]
[911, 1700900.711, 26938568.463, 43595251.015]
[912, 1700900.711, 30746808.094, 40612593.828]
[913, 1700900.711, 26515137.639, 37862527.122]
[914, 1700900.711, 32262059.685, 38457408.089]
[915, 1700900.711, 39673756.379, 46284475.029]
[916, 1700900.711, 28424506.079, 39720463.909]
[917, 1700900.711, 26661575.387, 41384870.022]
[918, 1700895.051, 24638310.97, 38549500.687]
[919, 1700900.711, 30581198.447, 41715248.212]
[920, 1700900.711, 20409555.176, 33720582.652]
[921, 1700900.711, 25809299.16, 39390051.117]
[922, 1700900.711, 26556040.542, 37896537.856]
[923, 1700900.711, 20220001.452, 32672792.151]
[924, 1700900.711, 27534536.742, 40772844.289]
[925, 1700900.711, 29979242.645, 41664763.744]
[926, 1700895.051, 28244496.852, 39298866.444]
[927, 1700900.711, 29932894.145, 41204435.926]
[928, 1700900.711, 20666275.577, 36454548.536]
[929, 1700895.051, 19066649.365, 34973819.698]
[930, 1700895.051, 26857681.281, 43098498.659]
[931, 1700895.051, 23064074.002, 37316516.012]
[932, 1700900.711, 29569462.359, 43354619.183]
[933, 1700900.711, 30371002.742, 45614045.964]
[934, 1700900.711, 26820391.532, 38269290.098]
[935, 1700895.051, 29248908.739, 38063774.675]
[936, 1700900.711, 28626025.193, 39027234.705]
[937, 1700900.711, 40677757.425, 49288000.631]
[938, 1700900.711, 31361956.873, 40187849.713]
[939, 1700900.711, 30964564.48, 41945292.301]
[940, 1700900.711, 35329697.784, 50392857.132]
[941, 1700900.711, 32272442.733, 44292772.65]
[942, 1507643.385, 46321995.657, 54956306.765]
[943, 1700900.711, 42825951.126, 51604532.656]
[944, 1700900.711, 28554366.128, 42641101.704]
[945, 1700900.711, 25991348.485, 40736445.669]
[946, 1700900.711, 29338581.766, 42567057.665]
[947, 1700900.711, 27637477.803, 40231980.339]
[948, 1700900.711, 33277581.211, 46732096.712]
[949, 1700900.711, 34318715.874, 45912244.689]
[950, 1700900.711, 23911966.428, 38889566.013]
[951, 1700900.711, 34117398.585, 43400218.87]
[952, 1700900.711, 31347804.492, 41185312.653]
[953, 1700900.711, 39482473.897, 48664455.931]
[954, 1700900.711, 37686842.905, 47820763.668]
[955, 1700900.711, 31771762.789, 40372629.351]
[956, 1700895.051, 29490222.472, 42462826.149]
[957, 1700895.051, 29597607.296, 43787880.987]
[958, 1700895.051, 35892412.673, 45770543.566]
[959, 1700900.711, 31749408.752, 43404992.36]
[960, 1700900.711, 31865309.161, 41754416.777]
[961, 1700900.711, 30555372.219, 43125629.015]
[962, 1700900.711, 29945734.889, 43206995.876]
[963, 1700900.711, 23727868.177, 39046237.92]
[964, 1700895.051, 26995514.631, 41098292.931]
[965, 1700900.711, 30472476.941, 43313234.307]
[966, 1700900.711, 35470483.258, 45161624.15]
[967, 1700900.711, 38270900.062, 46114501.396]
[968, 1700900.711, 32012677.172, 46307529.812]
[969, 1700900.711, 31446053.883, 44397425.824]
[970, 1700895.051, 34891958.525, 47279333.948]
[971, 1700895.051, 27562457.838, 45100042.94]
[972, 1700895.051, 45274895.168, 53504095.83]
[973, 1700895.051, 46024824.122, 52869606.755]
[974, 1700900.711, 38860700.381, 51071705.553]
[975, 1700900.711, 38418946.627, 46834399.924]
[976, 1700900.711, 28419918.779, 43614148.163]
[977, 1700895.051, 25640199.187, 38439851.663]
[978, 1700895.051, 33608735.373, 45146106.364]
[979, 1700900.711, 26482464.194, 41441783.378]
[980, 1700895.051, 28658302.234, 41058492.838]
[981, 1700895.051, 27936664.575, 40581192.145]
[982, 1700895.051, 28909926.372, 43781048.059]
[983, 1700895.051, 40813671.213, 58586787.085]
[984, 1700900.711, 31061668.672, 49440908.194]
[985, 1700900.711, 41243638.744, 55454680.298]
[986, 1700900.711, 34597949.413, 49671461.5]
[987, 1700900.711, 29888752.175, 44114547.212]
[988, 1700900.711, 27371553.753, 37376821.563]
[989, 1700900.711, 29137349.101, 40791497.971]
[990, 1700900.711, 21666425.064, 36435600.787]
[991, 1700900.711, 30503875.311, 41315298.647]
[992, 1700900.711, 22605910.403, 35956653.202]
[993, 1700900.711, 22058299.439, 33962117.197]
[994, 1700900.711, 36462494.282, 44385921.006]
[995, 1700900.711, 20204294.738, 37799163.52]
[996, 1700900.711, 27997085.954, 39953704.656]
[997, 1700900.711, 25186332.606, 37208504.607]
[998, 1700900.711, 32764443.454, 43924315.381]
[999, 1700900.711, 29435954.876, 43844898.23]
[1000, 1700900.711, 33603939.365, 47296595.634]
[0020_k2
0 9 3 14 19 10 15 13 16 12 5 18 11 2 8 17 1 7 4 6 
 1 1 0 0 0 0 0 0 1 1 0 0 1 1 0 1 0 1 0 1 , 0020_k2
0 9 3 14 19 18 11 2 5 12 16 13 15 10 8 17 1 7 4 6 
 0 1 0 1 0 1 0 0 1 1 1 0 0 1 1 1 0 1 0 1 , 0020_k2
4 7 1 17 8 10 15 13 16 12 5 2 11 18 19 14 3 9 0 6 
 0 0 0 0 1 1 0 1 1 1 0 0 1 0 1 0 1 1 1 1 ]
