[0, 9554.467, 11394.173, 869.732]
[1, 8761.843, 10962.123, 765.19]
[2, 9057.121, 10671.133, 742.967]
[3, 8590.573, 10254.355, 738.344]
[4, 7778.05, 9792.788, 819.641]
[5, 7656.584, 9459.865, 753.013]
[6, 7673.545, 9151.632, 663.951]
[7, 7581.999, 8991.054, 661.274]
[8, 7095.921, 8645.071, 630.976]
[9, 6519.143, 8528.841, 763.528]
[10, 6519.143, 8313.934, 782.557]
[11, 6383.243, 8102.612, 718.798]
[12, 6588.021, 7965.945, 677.798]
[13, 6588.021, 8041.403, 628.185]
[14, 6689.239, 8162.914, 648.876]
[15, 6486.362, 8181.805, 611.437]
[16, 6288.372, 8166.594, 721.114]
[17, 6529.606, 8023.025, 629.827]
[18, 6208.001, 7980.461, 691.943]
[19, 6498.945, 8086.541, 709.592]
[20, 6477.758, 7985.05, 702.553]
[21, 6505.227, 8014.246, 755.313]
[22, 6407.208, 7785.671, 722.727]
[23, 6394.421, 7703.96, 612.595]
[24, 5741.11, 7573.713, 655.106]
[25, 6330.152, 7652.708, 668.015]
[26, 6119.481, 7652.99, 734.346]
[27, 6008.797, 7526.246, 693.497]
[28, 5879.172, 7399.13, 591.156]
[29, 5879.172, 7404.727, 613.58]
[30, 6276.303, 7450.571, 610.652]
[31, 5627.64, 7380.03, 628.49]
[32, 5871.392, 7458.688, 597.522]
[33, 6028.617, 7451.118, 623.966]
[34, 5964.222, 7308.669, 610.269]
[35, 5791.754, 7201.031, 636.871]
[36, 5791.754, 7175.304, 571.751]
[37, 5862.839, 7149.263, 689.672]
[38, 5827.259, 7098.727, 632.213]
[39, 5623.699, 6975.295, 639.87]
[40, 5493.248, 6811.216, 596.166]
[41, 5502.052, 6691.947, 577.267]
[42, 5543.119, 6670.938, 524.575]
[43, 5418.681, 6705.908, 657.729]
[44, 4767.479, 6590.154, 648.413]
[45, 5148.14, 6434.795, 597.361]
[46, 4949.996, 6392.006, 688.65]
[47, 4888.704, 6296.284, 698.067]
[48, 4830.311, 6213.878, 659.01]
[49, 4907.0, 6052.981, 636.308]
[50, 4650.388, 6003.154, 686.874]
[51, 4917.991, 5994.186, 598.345]
[52, 4302.809, 5993.695, 666.257]
[53, 4424.163, 5801.603, 607.26]
[54, 4420.916, 5675.982, 582.003]
[55, 4244.452, 5514.872, 598.418]
[56, 4334.771, 5382.42, 480.892]
[57, 4154.533, 5432.853, 517.125]
[58, 4608.099, 5474.043, 534.769]
[59, 4287.708, 5524.358, 565.142]
[60, 4370.695, 5526.58, 607.114]
[61, 4133.114, 5399.05, 631.34]
[62, 4229.904, 5366.059, 627.193]
[63, 4369.03, 5356.634, 565.987]
[64, 4292.359, 5448.574, 593.377]
[65, 3941.156, 5351.379, 593.679]
[66, 4073.128, 5338.29, 525.57]
[67, 4450.043, 5384.199, 560.937]
[68, 4195.438, 5403.051, 557.424]
[69, 4172.61, 5389.646, 604.647]
[70, 4195.438, 5518.532, 670.315]
[71, 4193.676, 5352.519, 592.038]
[72, 4187.247, 5363.249, 597.701]
[73, 3708.831, 5346.781, 665.625]
[74, 3488.26, 5359.053, 637.09]
[75, 4073.094, 5330.851, 586.532]
[76, 4228.707, 5382.515, 543.944]
[77, 3648.699, 5309.823, 660.243]
[78, 3648.699, 5347.588, 701.188]
[79, 3699.144, 5324.261, 635.583]
[80, 3888.613, 5423.249, 593.102]
[81, 4152.484, 5499.492, 778.876]
[82, 4152.484, 5364.731, 712.689]
[83, 4152.484, 5313.33, 602.846]
[84, 3852.333, 5175.055, 482.181]
[85, 3785.599, 5250.704, 648.595]
[86, 3959.823, 5272.703, 660.28]
[87, 3844.79, 5230.317, 565.075]
[88, 3844.79, 5098.866, 524.739]
[89, 3704.971, 5111.654, 553.685]
[90, 3704.971, 5103.054, 567.327]
[91, 3551.612, 5074.375, 610.717]
[92, 3602.442, 5067.765, 535.04]
[93, 3949.067, 5234.041, 571.717]
[94, 3770.519, 5255.421, 659.797]
[95, 3841.482, 5250.36, 641.366]
[96, 3616.904, 5142.385, 612.698]
[97, 4119.846, 5161.753, 589.526]
[98, 3923.323, 5081.951, 588.092]
[99, 3829.5, 5109.233, 607.138]
[100, 4046.827, 5129.699, 559.578]
[101, 4046.827, 5165.807, 547.902]
[102, 4191.94, 5192.27, 551.365]
[103, 4125.007, 5151.041, 549.943]
[104, 3747.897, 5175.105, 585.023]
[105, 4125.007, 5259.599, 564.58]
[106, 3935.248, 5157.536, 552.776]
[107, 3853.659, 5146.977, 572.521]
[108, 4125.007, 5110.53, 528.973]
[109, 4049.169, 5008.903, 492.31]
[110, 4049.169, 4963.585, 448.533]
[111, 3706.301, 4830.181, 515.464]
[112, 3434.791, 4932.944, 640.653]
[113, 3658.902, 4827.499, 564.683]
[114, 3555.326, 4671.841, 509.638]
[115, 3535.001, 4769.733, 619.815]
[116, 3110.137, 4686.141, 626.574]
[117, 3056.293, 4638.273, 559.78]
[118, 3056.293, 4641.276, 611.721]
[119, 3113.677, 4557.412, 522.682]
[120, 3590.516, 4624.507, 542.649]
[121, 3649.747, 4575.814, 523.142]
[122, 3420.998, 4461.086, 513.338]
[123, 3718.542, 4554.07, 495.348]
[124, 3678.205, 4568.859, 479.292]
[125, 3355.032, 4457.817, 488.665]
[126, 3500.864, 4500.597, 566.828]
[127, 3575.081, 4492.095, 503.086]
[128, 3641.208, 4469.037, 469.314]
[129, 3555.26, 4532.434, 521.841]
[130, 3619.191, 4532.15, 525.265]
[131, 3552.834, 4387.767, 458.312]
[132, 3552.834, 4388.317, 491.233]
[133, 3552.834, 4335.969, 475.885]
[134, 3579.541, 4318.322, 448.407]
[135, 3494.231, 4303.205, 463.366]
[136, 3443.468, 4255.327, 476.092]
[137, 3443.468, 4198.89, 473.503]
[138, 3333.6, 4214.054, 430.716]
[139, 3263.66, 4126.71, 411.006]
[140, 3318.578, 4164.27, 422.993]
[141, 3243.506, 4117.709, 415.767]
[142, 2976.905, 4123.353, 506.043]
[143, 3040.03, 4123.977, 470.702]
[144, 3299.742, 4233.19, 470.209]
[145, 3428.067, 4411.974, 569.078]
[146, 3544.212, 4508.814, 604.892]
[147, 3261.391, 4420.734, 626.982]
[148, 3197.624, 4212.602, 566.397]
[149, 3207.981, 4118.566, 519.442]
[150, 2629.071, 4123.945, 549.298]
[151, 2629.071, 3957.667, 561.938]
[152, 2906.97, 3855.293, 460.218]
[153, 3063.595, 3787.741, 425.18]
[154, 3047.87, 3733.375, 432.443]
[155, 3047.663, 3668.076, 400.144]
[156, 3005.749, 3627.886, 424.232]
[157, 2825.001, 3580.785, 416.544]
[158, 2823.845, 3482.462, 329.816]
[159, 2909.982, 3550.372, 404.195]
[160, 2867.267, 3553.141, 401.001]
[161, 2834.183, 3496.858, 442.74]
[162, 2750.328, 3516.416, 408.454]
[163, 2733.532, 3487.474, 370.881]
[164, 2733.532, 3532.064, 439.185]
[165, 2751.319, 3489.794, 413.029]
[166, 2751.319, 3437.442, 392.548]
[167, 2730.431, 3363.085, 352.175]
[168, 2730.431, 3423.476, 421.207]
[169, 2751.319, 3455.288, 406.26]
[170, 2729.773, 3388.805, 380.437]
[171, 2550.502, 3442.475, 465.112]
[172, 2406.123, 3478.013, 488.756]
[173, 2494.424, 3361.134, 432.832]
[174, 2573.865, 3388.722, 517.27]
[175, 2724.602, 3394.073, 456.466]
[176, 2612.545, 3376.051, 417.777]
[177, 2581.633, 3372.812, 461.85]
[178, 2588.839, 3467.806, 499.679]
[179, 2589.153, 3632.501, 539.515]
[180, 2580.936, 3631.76, 523.506]
[181, 2606.393, 3663.679, 560.981]
[182, 2663.616, 3584.354, 500.391]
[183, 2663.616, 3647.025, 543.535]
[184, 2663.616, 3684.844, 565.473]
[185, 2298.481, 3518.016, 438.753]
[186, 2404.972, 3568.94, 464.101]
[187, 2837.63, 3641.033, 479.304]
[188, 2806.234, 3646.28, 516.35]
[189, 2874.505, 3617.402, 427.968]
[190, 2811.111, 3562.164, 398.279]
[191, 2734.336, 3572.109, 386.172]
[192, 2811.111, 3650.948, 440.041]
[193, 2767.958, 3592.893, 414.194]
[194, 2759.939, 3639.375, 480.968]
[195, 2496.952, 3556.101, 475.281]
[196, 2580.009, 3392.441, 448.415]
[197, 2508.879, 3285.578, 476.665]
[198, 2431.794, 3286.478, 472.974]
[199, 2515.31, 3272.479, 499.739]
[200, 2431.099, 3139.314, 445.443]
[201, 2360.501, 3019.402, 323.609]
[202, 2494.185, 3044.588, 375.217]
[203, 2515.571, 3121.794, 414.435]
[204, 2510.637, 3136.629, 516.115]
[205, 2505.69, 3046.985, 345.407]
[206, 2514.73, 3088.905, 493.836]
[207, 2419.529, 3099.974, 493.488]
[208, 2435.556, 2978.144, 373.457]
[209, 2323.014, 2960.835, 371.143]
[210, 2306.664, 2957.15, 398.061]
[211, 2271.692, 2829.407, 344.843]
[212, 2278.852, 2797.318, 341.082]
[213, 2099.784, 2803.318, 383.522]
[214, 2029.571, 2830.664, 373.935]
[215, 2024.281, 2790.107, 408.973]
[216, 2024.281, 2777.154, 449.25]
[217, 1931.166, 2776.589, 386.504]
[218, 1907.31, 2957.017, 519.31]
[219, 1907.31, 2930.317, 431.043]
[220, 1907.31, 3077.183, 576.085]
[221, 2132.095, 2996.549, 538.029]
[222, 2243.386, 2973.314, 510.58]
[223, 2257.162, 3016.771, 509.473]
[224, 2258.454, 2884.893, 400.658]
[225, 2188.737, 2924.335, 490.045]
[226, 2156.702, 2840.701, 458.397]
[227, 2156.702, 2777.125, 434.481]
[228, 2054.518, 2690.765, 388.355]
[229, 2082.041, 2646.976, 384.029]
[230, 2082.041, 2578.63, 399.665]
[231, 2004.635, 2524.507, 446.693]
[232, 1893.109, 2455.32, 428.866]
[233, 1891.289, 2342.178, 322.633]
[234, 1885.208, 2269.427, 283.997]
[235, 1858.468, 2202.338, 253.08]
[236, 1858.017, 2188.001, 299.272]
[237, 1832.184, 2198.394, 322.593]
[238, 1828.018, 2189.76, 352.408]
[239, 1768.169, 2212.736, 390.925]
[240, 1820.464, 2139.116, 355.02]
[241, 1760.747, 2138.865, 360.078]
[242, 1731.422, 2066.695, 283.959]
[243, 1646.985, 2096.19, 298.221]
[244, 1658.121, 2111.276, 357.256]
[245, 1392.01, 2056.619, 284.834]
[246, 1655.616, 2032.597, 252.286]
[247, 1615.191, 2092.305, 307.912]
[248, 1558.593, 2079.279, 308.952]
[249, 1558.593, 2069.141, 298.998]
[250, 1593.003, 1992.836, 297.027]
[251, 1618.824, 1945.348, 240.681]
[252, 1615.027, 1981.073, 321.003]
[253, 1557.891, 1941.892, 337.142]
[254, 1557.891, 2006.365, 389.986]
[255, 1589.229, 1953.158, 366.45]
[256, 1545.745, 1950.767, 364.288]
[257, 1557.891, 1892.136, 368.63]
[258, 1544.806, 1806.248, 277.039]
[259, 1543.578, 1763.893, 237.321]
[260, 1536.998, 1745.854, 239.755]
[261, 1511.994, 1768.484, 259.144]
[262, 1541.092, 1822.753, 362.439]
[263, 1532.777, 1752.537, 278.716]
[264, 1488.695, 1720.113, 268.673]
[265, 1464.066, 1751.75, 289.621]
[266, 1429.564, 1761.979, 295.794]
[267, 1433.17, 1694.294, 271.608]
[268, 1432.753, 1745.782, 300.882]
[269, 1387.337, 1708.992, 262.481]
[270, 1462.05, 1735.195, 303.916]
[271, 1201.652, 1691.258, 252.285]
[272, 1201.652, 1698.932, 265.716]
[273, 1201.652, 1688.588, 292.743]
[274, 1244.374, 1722.671, 321.674]
[275, 1400.479, 1723.309, 346.606]
[276, 1384.314, 1745.072, 371.047]
[277, 1169.475, 1678.394, 347.808]
[278, 1145.175, 1653.515, 331.152]
[279, 1163.384, 1642.849, 380.917]
[280, 1133.371, 1567.153, 317.215]
[281, 1126.182, 1517.891, 305.25]
[282, 1080.734, 1529.708, 393.308]
[283, 1095.765, 1436.918, 302.652]
[284, 1073.371, 1447.822, 324.749]
[285, 1049.145, 1423.934, 327.961]
[286, 1105.407, 1460.907, 323.692]
[287, 984.876, 1405.699, 341.196]
[288, 999.742, 1401.001, 325.942]
[289, 971.002, 1370.107, 349.152]
[290, 1027.779, 1331.321, 311.812]
[291, 1027.779, 1292.058, 252.282]
[292, 1056.534, 1343.342, 348.559]
[293, 925.879, 1289.169, 245.744]
[294, 925.598, 1250.023, 234.772]
[295, 942.453, 1204.135, 196.699]
[296, 939.57, 1275.498, 333.321]
[297, 958.619, 1181.122, 226.649]
[298, 934.362, 1212.265, 281.955]
[299, 934.362, 1217.34, 275.205]
[300, 915.529, 1248.286, 331.055]
[301, 913.177, 1238.0, 318.887]
[302, 917.961, 1207.131, 309.867]
[303, 990.27, 1200.34, 269.299]
[304, 990.27, 1207.275, 268.455]
[305, 999.437, 1147.792, 216.726]
[306, 987.479, 1214.807, 284.525]
[307, 987.479, 1211.463, 289.899]
[308, 990.006, 1214.928, 298.787]
[309, 950.605, 1212.333, 298.14]
[310, 943.543, 1262.663, 362.073]
[311, 943.543, 1272.082, 389.333]
[312, 946.22, 1327.75, 374.616]
[313, 946.22, 1245.186, 314.032]
[314, 924.059, 1332.904, 324.68]
[315, 924.059, 1260.035, 318.45]
[316, 934.116, 1226.091, 301.209]
[317, 941.634, 1244.458, 285.543]
[318, 938.729, 1255.446, 289.94]
[319, 912.066, 1243.709, 295.395]
[320, 882.901, 1230.053, 322.785]
[321, 908.917, 1252.271, 369.549]
[322, 920.839, 1263.758, 347.423]
[323, 922.989, 1205.736, 315.874]
[324, 912.597, 1247.621, 347.698]
[325, 912.885, 1223.181, 352.927]
[326, 882.524, 1220.015, 360.166]
[327, 867.776, 1210.527, 362.116]
[328, 855.398, 1146.845, 279.397]
[329, 854.033, 1172.397, 300.293]
[330, 838.32, 1176.257, 376.752]
[331, 806.678, 1117.245, 323.72]
[332, 805.676, 1193.681, 351.143]
[333, 805.224, 1131.215, 332.5]
[334, 805.224, 1070.496, 253.534]
[335, 805.559, 1130.309, 337.877]
[336, 805.329, 1105.596, 360.687]
[337, 805.001, 1078.478, 329.561]
[338, 805.001, 1058.005, 310.02]
[339, 805.01, 1051.234, 312.52]
[340, 805.01, 1083.553, 374.011]
[341, 805.05, 991.884, 296.37]
[342, 805.006, 1012.799, 286.693]
[343, 805.001, 1014.529, 318.045]
[344, 805.001, 1034.877, 310.368]
[345, 731.723, 997.723, 338.892]
[346, 805.001, 1068.638, 372.514]
[347, 805.001, 1029.221, 342.341]
[348, 805.062, 987.048, 332.511]
[349, 805.062, 998.725, 322.544]
[350, 805.002, 942.083, 281.361]
[351, 805.002, 924.945, 272.615]
[352, 805.006, 986.033, 298.885]
[353, 805.001, 994.47, 339.817]
[354, 805.04, 992.687, 302.423]
[355, 805.04, 956.821, 229.326]
[356, 805.03, 964.828, 253.248]
[357, 800.189, 944.475, 245.312]
[358, 800.189, 948.456, 252.2]
[359, 805.075, 956.398, 252.033]
[360, 805.075, 1025.469, 331.789]
[361, 805.01, 947.698, 249.773]
[362, 801.528, 939.853, 284.408]
[363, 805.022, 1005.216, 305.453]
[364, 805.01, 983.31, 278.686]
[365, 805.01, 975.6, 291.122]
[366, 805.01, 967.593, 277.82]
[367, 805.01, 940.885, 231.253]
[368, 805.001, 984.761, 286.175]
[369, 798.573, 1011.58, 308.696]
[370, 805.006, 951.43, 261.964]
[371, 711.883, 1011.777, 308.086]
[372, 709.119, 986.327, 302.449]
[373, 714.077, 1040.876, 320.025]
[374, 714.077, 974.143, 288.388]
[375, 714.077, 998.556, 272.688]
[376, 709.119, 976.538, 296.616]
[377, 704.866, 1018.126, 389.586]
[378, 710.832, 1085.503, 403.922]
[379, 709.119, 992.653, 368.55]
[380, 708.204, 945.115, 329.297]
[381, 696.134, 942.562, 318.036]
[382, 696.134, 872.827, 229.777]
[383, 696.134, 937.066, 326.214]
[384, 696.134, 906.276, 348.29]
[385, 699.251, 855.506, 271.03]
[386, 703.217, 911.433, 343.157]
[387, 668.57, 904.455, 345.918]
[388, 694.801, 851.051, 253.215]
[389, 694.801, 893.721, 305.088]
[390, 693.502, 872.414, 295.583]
[391, 693.505, 979.068, 334.115]
[392, 693.505, 901.844, 277.362]
[393, 682.539, 864.006, 269.858]
[394, 682.539, 883.143, 322.607]
[395, 674.403, 868.03, 279.786]
[396, 671.34, 888.311, 304.208]
[397, 669.167, 862.754, 275.288]
[398, 671.34, 884.464, 335.051]
[399, 665.204, 923.828, 330.321]
[400, 664.019, 921.566, 317.183]
[401, 664.001, 934.86, 351.708]
[402, 608.059, 852.936, 291.58]
[403, 606.515, 835.657, 258.161]
[404, 606.515, 890.268, 326.041]
[405, 606.267, 901.985, 336.56]
[406, 596.561, 893.392, 330.966]
[407, 596.561, 896.855, 353.884]
[408, 596.561, 872.886, 342.295]
[409, 606.03, 825.102, 305.708]
[410, 606.003, 828.528, 334.944]
[411, 598.012, 767.458, 249.144]
[412, 598.012, 751.348, 234.661]
[413, 596.547, 796.864, 299.696]
[414, 596.535, 756.417, 245.818]
[415, 596.535, 805.941, 303.958]
[416, 596.535, 788.132, 300.35]
[417, 562.445, 841.529, 374.449]
[418, 532.692, 851.522, 351.112]
[419, 596.535, 837.062, 349.887]
[420, 591.919, 758.029, 313.193]
[421, 591.919, 786.327, 305.234]
[422, 532.029, 799.943, 274.512]
[423, 532.029, 812.239, 339.078]
[424, 596.535, 817.483, 344.419]
[425, 596.535, 796.645, 264.21]
[426, 589.644, 851.255, 357.629]
[427, 588.003, 770.175, 286.46]
[428, 588.003, 768.451, 314.048]
[429, 588.003, 813.144, 345.054]
[430, 588.003, 800.887, 359.971]
[431, 588.003, 794.923, 372.365]
[432, 588.003, 835.231, 394.243]
[433, 514.072, 759.151, 302.194]
[434, 588.003, 782.239, 331.77]
[435, 588.003, 751.357, 299.346]
[436, 588.003, 762.554, 285.92]
[437, 588.003, 798.879, 323.821]
[438, 550.364, 766.544, 282.097]
[439, 588.003, 779.901, 322.475]
[440, 588.003, 750.52, 257.554]
[441, 582.445, 713.717, 241.808]
[442, 516.053, 735.899, 268.321]
[443, 520.204, 737.6, 273.262]
[444, 520.204, 791.426, 313.715]
[445, 588.003, 803.098, 279.423]
[446, 588.003, 861.592, 329.93]
[447, 588.003, 808.954, 337.851]
[448, 588.003, 834.51, 349.37]
[449, 588.003, 748.333, 255.284]
[450, 588.003, 775.06, 303.513]
[451, 588.003, 768.27, 307.194]
[452, 588.003, 811.312, 350.972]
[453, 516.053, 747.739, 261.823]
[454, 516.053, 731.399, 267.546]
[455, 532.506, 783.402, 317.595]
[456, 516.053, 811.027, 371.41]
[457, 515.075, 771.842, 327.601]
[458, 515.075, 763.08, 321.0]
[459, 515.075, 728.023, 284.177]
[460, 515.075, 699.421, 259.95]
[461, 513.296, 739.213, 327.555]
[462, 510.678, 735.861, 340.9]
[463, 438.651, 732.974, 362.292]
[464, 438.651, 698.08, 280.452]
[465, 459.254, 746.536, 311.884]
[466, 459.254, 679.668, 322.256]
[467, 459.254, 678.747, 293.908]
[468, 438.582, 793.676, 497.522]
[469, 287.719, 730.306, 395.595]
[470, 285.994, 667.384, 324.755]
[471, 285.994, 684.713, 342.658]
[472, 285.994, 666.983, 310.673]
[473, 281.504, 629.337, 282.635]
[474, 281.504, 656.88, 303.462]
[475, 282.745, 612.939, 253.975]
[476, 282.745, 601.192, 273.902]
[477, 282.745, 593.913, 269.036]
[478, 281.504, 580.958, 301.433]
[479, 281.504, 577.013, 332.043]
[480, 281.504, 626.072, 348.071]
[481, 281.504, 550.699, 321.603]
[482, 281.5, 537.043, 306.741]
[483, 281.504, 538.526, 321.011]
[484, 281.504, 519.446, 249.543]
[485, 281.504, 447.702, 260.449]
[486, 281.504, 553.336, 337.771]
[487, 281.504, 520.945, 310.566]
[488, 281.504, 523.415, 356.107]
[489, 281.504, 428.572, 227.881]
[490, 281.504, 512.689, 323.776]
[491, 281.5, 517.859, 328.349]
[492, 281.5, 531.028, 337.101]
[493, 281.5, 470.024, 286.846]
[494, 281.5, 480.459, 353.876]
[495, 281.5, 468.141, 306.208]
[496, 281.5, 504.476, 347.542]
[497, 281.5, 456.123, 265.944]
[498, 281.5, 454.889, 278.496]
[499, 281.5, 438.986, 272.841]
[500, 281.5, 417.471, 261.551]
[501, 281.5, 498.239, 346.166]
[502, 281.5, 469.337, 285.544]
[503, 260.477, 432.293, 256.769]
[504, 260.477, 450.567, 273.379]
[505, 281.5, 445.228, 289.241]
[506, 281.5, 516.159, 331.023]
[507, 281.5, 489.195, 281.689]
[508, 256.497, 481.922, 292.085]
[509, 256.497, 491.917, 306.6]
[510, 249.681, 471.688, 276.355]
[511, 281.177, 500.153, 314.274]
[512, 280.825, 530.924, 328.433]
[513, 280.511, 414.302, 229.985]
[514, 280.511, 440.462, 296.991]
[515, 280.511, 428.3, 258.896]
[516, 280.696, 448.24, 262.82]
[517, 280.575, 473.808, 322.067]
[518, 280.736, 475.746, 290.097]
[519, 280.736, 520.05, 336.546]
[520, 280.736, 580.272, 368.012]
[521, 280.736, 545.642, 346.39]
[522, 280.5, 532.498, 347.348]
[523, 258.999, 515.072, 344.137]
[524, 279.762, 482.332, 331.45]
[525, 280.736, 477.498, 313.71]
[526, 280.504, 492.316, 323.519]
[527, 280.504, 480.449, 302.999]
[528, 280.504, 452.106, 256.776]
[529, 253.264, 518.051, 357.269]
[530, 280.504, 513.255, 369.044]
[531, 280.504, 542.583, 326.507]
[532, 280.504, 485.677, 344.582]
[533, 280.504, 548.232, 380.097]
[534, 250.425, 438.602, 283.936]
[535, 250.425, 475.865, 294.317]
[536, 279.736, 500.274, 325.964]
[537, 253.796, 456.934, 257.93]
[538, 250.113, 488.179, 321.485]
[539, 249.561, 463.081, 305.98]
[540, 249.561, 473.007, 307.976]
[541, 249.561, 443.789, 278.897]
[542, 249.561, 442.299, 300.98]
[543, 249.561, 446.796, 268.662]
[544, 249.561, 430.86, 267.912]
[545, 249.561, 505.24, 343.13]
[546, 249.561, 438.014, 290.017]
[547, 249.561, 472.104, 322.452]
[548, 249.561, 472.488, 307.531]
[549, 249.561, 419.052, 291.305]
[550, 249.561, 438.171, 324.686]
[551, 249.561, 419.447, 253.836]
[552, 249.561, 413.12, 319.869]
[553, 249.561, 494.653, 384.461]
[554, 249.561, 456.864, 333.997]
[555, 249.561, 425.369, 299.229]
[556, 249.561, 425.674, 297.068]
[557, 249.561, 435.486, 310.7]
[558, 249.561, 430.321, 296.751]
[559, 249.561, 435.215, 311.619]
[560, 249.561, 446.331, 309.097]
[561, 249.561, 448.289, 315.07]
[562, 249.561, 401.368, 291.878]
[563, 249.561, 478.893, 382.586]
[564, 249.561, 409.964, 246.791]
[565, 249.505, 452.104, 311.008]
[566, 249.505, 422.339, 302.822]
[567, 249.505, 459.622, 363.54]
[568, 249.505, 474.289, 347.288]
[569, 249.505, 383.002, 228.29]
[570, 249.505, 437.86, 300.096]
[571, 249.505, 436.546, 325.281]
[572, 249.525, 420.005, 310.413]
[573, 249.525, 441.202, 310.832]
[574, 249.561, 437.955, 272.048]
[575, 249.561, 438.352, 293.862]
[576, 249.561, 476.593, 314.954]
[577, 249.501, 495.963, 350.131]
[578, 249.501, 444.455, 339.284]
[579, 249.561, 478.782, 351.731]
[580, 249.561, 472.568, 348.531]
[581, 241.406, 456.929, 336.307]
[582, 235.394, 437.912, 292.511]
[583, 235.394, 451.936, 305.85]
[584, 235.394, 453.665, 367.888]
[585, 235.394, 420.495, 293.36]
[586, 234.654, 489.232, 364.234]
[587, 235.394, 487.991, 340.194]
[588, 237.683, 454.902, 291.07]
[589, 246.165, 448.24, 305.252]
[590, 246.165, 480.784, 332.102]
[591, 246.165, 453.485, 354.157]
[592, 246.073, 478.685, 326.006]
[593, 246.165, 453.651, 342.2]
[594, 246.165, 398.546, 264.678]
[595, 246.165, 423.318, 307.395]
[596, 246.165, 488.389, 377.327]
[597, 246.165, 443.851, 365.087]
[598, 246.165, 429.718, 322.029]
[599, 246.165, 463.041, 347.389]
[600, 246.165, 414.675, 301.982]
[601, 246.165, 437.967, 313.813]
[602, 246.165, 494.904, 374.805]
[603, 246.165, 468.902, 358.744]
[604, 246.051, 433.464, 287.874]
[605, 246.051, 401.754, 266.496]
[606, 246.165, 410.634, 297.652]
[607, 246.165, 431.413, 262.877]
[608, 246.165, 433.26, 283.599]
[609, 246.165, 365.289, 205.284]
[610, 246.165, 430.581, 342.097]
[611, 246.165, 415.293, 295.683]
[612, 246.165, 395.176, 283.124]
[613, 246.073, 430.822, 342.944]
[614, 246.073, 374.849, 250.686]
[615, 246.073, 466.516, 314.765]
[616, 246.073, 423.436, 306.073]
[617, 246.073, 448.241, 366.736]
[618, 246.073, 404.63, 263.736]
[619, 246.073, 442.842, 316.645]
[620, 246.073, 395.311, 254.751]
[621, 246.073, 457.941, 369.589]
[622, 246.073, 450.997, 292.995]
[623, 246.073, 365.141, 200.021]
[624, 246.073, 402.552, 293.499]
[625, 246.073, 424.038, 302.381]
[626, 246.073, 455.194, 318.75]
[627, 246.073, 450.519, 321.504]
[628, 246.073, 448.65, 322.64]
[629, 246.073, 387.976, 247.007]
[630, 246.073, 417.106, 286.178]
[631, 246.073, 437.268, 284.173]
[632, 246.073, 462.893, 372.199]
[633, 246.073, 473.827, 361.456]
[634, 246.002, 457.082, 341.568]
[635, 246.002, 453.536, 365.453]
[636, 246.002, 441.163, 335.973]
[637, 246.073, 371.967, 242.927]
[638, 246.073, 373.713, 222.969]
[639, 246.073, 457.081, 305.779]
[640, 246.0, 416.618, 287.509]
[641, 246.0, 413.481, 301.304]
[642, 231.175, 447.482, 289.098]
[643, 231.175, 421.366, 289.297]
[644, 231.175, 538.001, 446.711]
[645, 231.175, 455.337, 341.73]
[646, 231.175, 480.673, 365.678]
[647, 231.175, 397.659, 262.101]
[648, 231.175, 413.148, 250.149]
[649, 231.175, 464.407, 321.353]
[650, 231.175, 430.338, 308.816]
[651, 230.696, 406.633, 270.398]
[652, 230.696, 429.217, 318.569]
[653, 230.696, 405.061, 306.486]
[654, 230.696, 467.461, 343.49]
[655, 230.696, 382.73, 257.828]
[656, 230.696, 394.139, 302.104]
[657, 230.696, 421.312, 326.998]
[658, 230.696, 475.278, 330.041]
[659, 230.696, 456.007, 363.318]
[660, 230.696, 407.976, 318.315]
[661, 230.696, 379.5, 293.491]
[662, 230.696, 363.902, 219.3]
[663, 230.696, 367.385, 246.167]
[664, 230.696, 383.573, 263.854]
[665, 230.696, 390.773, 289.944]
[666, 230.696, 392.434, 290.774]
[667, 230.696, 410.402, 339.214]
[668, 230.696, 401.485, 272.472]
[669, 230.696, 490.11, 394.341]
[670, 230.696, 524.78, 374.568]
[671, 230.696, 430.471, 334.779]
[672, 230.696, 484.237, 378.307]
[673, 230.696, 437.549, 347.769]
[674, 230.696, 377.823, 264.753]
[675, 230.696, 336.066, 233.898]
[676, 230.696, 449.517, 335.662]
[677, 230.657, 416.345, 328.652]
[678, 230.696, 376.753, 278.525]
[679, 230.696, 422.567, 295.777]
[680, 230.696, 463.401, 326.023]
[681, 230.696, 413.431, 290.196]
[682, 230.696, 434.259, 311.983]
[683, 230.696, 427.212, 353.227]
[684, 230.696, 410.12, 331.868]
[685, 230.696, 463.889, 395.114]
[686, 230.696, 447.905, 345.658]
[687, 230.696, 409.287, 305.26]
[688, 230.696, 389.419, 284.328]
[689, 230.696, 434.097, 310.889]
[690, 230.696, 444.293, 342.668]
[691, 230.696, 439.879, 302.922]
[692, 230.696, 389.803, 263.472]
[693, 230.696, 362.28, 277.405]
[694, 230.696, 449.626, 359.637]
[695, 230.696, 405.127, 279.653]
[696, 230.696, 372.062, 273.301]
[697, 230.696, 448.237, 346.02]
[698, 230.696, 452.476, 312.033]
[699, 230.696, 422.045, 288.889]
[700, 230.696, 411.905, 253.321]
[701, 230.657, 455.279, 324.428]
[702, 230.657, 439.603, 338.023]
[703, 230.657, 459.251, 370.428]
[704, 230.657, 401.271, 282.674]
[705, 230.696, 417.517, 339.22]
[706, 230.696, 385.061, 275.602]
[707, 230.696, 439.799, 347.483]
[708, 230.696, 425.383, 304.952]
[709, 230.696, 473.516, 344.05]
[710, 230.696, 417.454, 319.572]
[711, 230.501, 387.252, 265.005]
[712, 230.696, 397.686, 303.245]
[713, 230.696, 457.15, 351.506]
[714, 230.696, 401.789, 280.733]
[715, 230.696, 412.524, 308.317]
[716, 230.696, 437.166, 336.181]
[717, 230.696, 443.45, 342.172]
[718, 230.696, 397.761, 290.456]
[719, 230.527, 416.109, 270.472]
[720, 230.527, 388.216, 275.233]
[721, 230.696, 400.669, 281.028]
[722, 230.696, 440.21, 339.632]
[723, 230.696, 416.182, 289.01]
[724, 230.696, 443.331, 318.787]
[725, 230.696, 396.877, 250.232]
[726, 230.696, 464.866, 335.825]
[727, 230.696, 445.265, 326.649]
[728, 230.696, 558.697, 412.48]
[729, 230.696, 413.144, 302.847]
[730, 230.696, 407.4, 318.676]
[731, 230.696, 440.302, 329.843]
[732, 230.696, 371.023, 247.216]
[733, 230.696, 480.202, 350.968]
[734, 228.316, 431.395, 319.936]
[735, 230.696, 443.565, 337.952]
[736, 230.527, 498.001, 376.096]
[737, 230.527, 494.839, 356.353]
[738, 230.527, 449.433, 289.705]
[739, 230.527, 404.134, 272.312]
[740, 230.527, 429.505, 305.914]
[741, 230.527, 470.353, 341.492]
[742, 230.527, 435.873, 369.992]
[743, 230.527, 486.827, 405.062]
[744, 230.527, 456.887, 377.55]
[745, 230.527, 382.706, 265.854]
[746, 230.527, 456.965, 373.369]
[747, 230.527, 440.062, 339.941]
[748, 230.527, 429.82, 332.66]
[749, 230.527, 444.479, 340.043]
[750, 230.696, 456.188, 365.296]
[751, 230.505, 434.825, 361.405]
[752, 230.696, 453.339, 324.92]
[753, 230.696, 436.895, 316.191]
[754, 230.566, 411.381, 287.322]
[755, 230.566, 381.496, 268.424]
[756, 230.566, 426.1, 302.393]
[757, 230.566, 437.649, 348.343]
[758, 230.566, 409.49, 280.006]
[759, 230.566, 418.476, 276.697]
[760, 230.566, 379.306, 234.371]
[761, 230.566, 416.363, 290.617]
[762, 230.566, 421.539, 392.76]
[763, 230.544, 412.07, 296.909]
[764, 230.566, 441.855, 350.418]
[765, 230.566, 421.365, 300.654]
[766, 230.566, 421.356, 330.264]
[767, 230.566, 379.25, 285.933]
[768, 230.566, 393.256, 309.065]
[769, 230.566, 449.557, 327.542]
[770, 230.566, 477.83, 358.181]
[771, 230.566, 503.919, 402.433]
[772, 230.566, 495.991, 370.138]
[773, 230.566, 479.319, 390.237]
[774, 230.566, 462.707, 381.887]
[775, 230.566, 454.094, 333.064]
[776, 230.566, 408.102, 309.254]
[777, 230.566, 486.71, 358.55]
[778, 230.566, 440.832, 324.106]
[779, 230.566, 438.272, 356.636]
[780, 230.566, 417.432, 340.959]
[781, 230.566, 450.11, 346.276]
[782, 230.566, 426.013, 323.302]
[783, 230.544, 369.366, 264.386]
[784, 230.566, 430.047, 341.53]
[785, 230.566, 385.126, 269.771]
[786, 230.566, 395.028, 277.302]
[787, 230.566, 405.507, 292.453]
[788, 230.566, 391.453, 292.411]
[789, 230.566, 395.911, 304.674]
[790, 230.566, 396.635, 242.309]
[791, 230.566, 431.912, 336.63]
[792, 230.566, 419.008, 290.86]
[793, 230.566, 413.9, 273.169]
[794, 230.566, 412.305, 275.822]
[795, 230.566, 390.578, 258.691]
[796, 230.566, 414.22, 324.534]
[797, 230.566, 442.547, 321.907]
[798, 230.566, 405.684, 291.747]
[799, 230.566, 449.879, 331.43]
[800, 230.566, 421.167, 305.285]
[801, 230.566, 359.09, 245.682]
[802, 230.566, 402.812, 302.304]
[803, 230.566, 427.433, 315.828]
[804, 230.566, 430.537, 293.472]
[805, 230.566, 408.354, 280.812]
[806, 230.566, 373.325, 244.865]
[807, 230.566, 421.755, 316.816]
[808, 230.566, 448.18, 340.918]
[809, 230.566, 450.025, 384.515]
[810, 230.566, 412.658, 290.574]
[811, 230.566, 437.86, 320.191]
[812, 230.566, 478.217, 359.354]
[813, 230.566, 435.657, 310.018]
[814, 230.566, 476.135, 352.956]
[815, 230.566, 443.259, 312.897]
[816, 230.566, 404.023, 279.943]
[817, 230.566, 434.187, 325.164]
[818, 230.566, 457.861, 341.833]
[819, 230.566, 484.15, 376.796]
[820, 230.566, 412.79, 328.588]
[821, 230.566, 389.667, 309.806]
[822, 230.566, 429.181, 340.941]
[823, 230.566, 410.136, 310.687]
[824, 230.566, 410.202, 336.533]
[825, 230.566, 457.218, 355.154]
[826, 230.566, 441.555, 288.686]
[827, 230.566, 427.678, 288.115]
[828, 230.566, 444.11, 348.742]
[829, 230.566, 441.96, 338.836]
[830, 230.566, 426.892, 342.664]
[831, 230.566, 512.175, 407.913]
[832, 230.566, 448.653, 282.917]
[833, 230.566, 485.823, 345.173]
[834, 230.566, 435.784, 273.017]
[835, 230.566, 417.714, 305.467]
[836, 230.566, 306.569, 165.555]
[837, 230.566, 396.918, 270.508]
[838, 230.566, 425.922, 333.22]
[839, 230.566, 416.887, 332.771]
[840, 230.566, 418.526, 395.812]
[841, 230.566, 436.033, 334.414]
[842, 230.566, 465.645, 342.497]
[843, 230.566, 468.058, 354.462]
[844, 230.566, 441.465, 300.596]
[845, 230.566, 491.461, 374.822]
[846, 230.566, 487.402, 403.595]
[847, 230.566, 441.774, 362.707]
[848, 230.566, 402.103, 327.078]
[849, 230.566, 430.21, 340.9]
[850, 230.566, 414.537, 283.779]
[851, 230.566, 471.142, 363.018]
[852, 230.566, 340.05, 197.075]
[853, 230.566, 394.25, 269.971]
[854, 230.566, 451.489, 366.298]
[855, 230.566, 451.355, 343.264]
[856, 230.566, 380.723, 257.335]
[857, 230.566, 415.871, 310.223]
[858, 230.566, 481.146, 388.783]
[859, 230.566, 464.729, 357.206]
[860, 228.561, 413.428, 281.138]
[861, 230.566, 407.725, 284.483]
[862, 230.566, 408.305, 259.877]
[863, 230.514, 403.367, 254.071]
[864, 230.514, 446.868, 299.239]
[865, 230.514, 434.967, 314.436]
[866, 230.002, 445.933, 322.183]
[867, 230.002, 474.379, 369.361]
[868, 230.002, 388.77, 274.364]
[869, 230.002, 464.758, 370.678]
[870, 230.002, 416.366, 328.571]
[871, 230.002, 373.554, 233.457]
[872, 230.002, 456.851, 324.417]
[873, 230.002, 451.197, 306.866]
[874, 230.002, 424.394, 273.555]
[875, 230.002, 484.858, 346.729]
[876, 230.002, 469.801, 342.967]
[877, 230.002, 424.699, 289.091]
[878, 230.263, 391.566, 297.97]
[879, 230.263, 390.226, 239.72]
[880, 230.566, 417.466, 308.213]
[881, 230.566, 427.074, 279.6]
[882, 230.566, 412.993, 293.363]
[883, 230.566, 436.171, 315.722]
[884, 230.566, 464.769, 361.35]
[885, 230.566, 450.449, 358.501]
[886, 230.566, 453.967, 397.361]
[887, 230.566, 421.246, 290.961]
[888, 230.566, 389.309, 248.48]
[889, 230.566, 414.074, 284.805]
[890, 230.566, 394.5, 283.551]
[891, 230.566, 443.849, 307.308]
[892, 222.441, 486.293, 367.568]
[893, 222.441, 460.886, 350.278]
[894, 222.441, 493.813, 345.924]
[895, 222.441, 410.474, 299.371]
[896, 222.441, 421.472, 302.774]
[897, 222.441, 426.841, 357.154]
[898, 222.441, 413.838, 350.941]
[899, 222.441, 396.354, 284.759]
[900, 222.441, 465.647, 327.453]
[901, 222.441, 464.532, 345.553]
[902, 222.441, 467.279, 367.866]
[903, 222.441, 361.08, 263.231]
[904, 222.441, 464.032, 370.745]
[905, 222.441, 469.14, 401.653]
[906, 222.441, 539.647, 394.552]
[907, 222.225, 484.455, 332.639]
[908, 222.225, 454.151, 329.189]
[909, 222.441, 398.63, 271.126]
[910, 222.081, 406.416, 361.782]
[911, 222.441, 396.892, 322.614]
[912, 222.441, 401.811, 298.468]
[913, 222.441, 396.504, 295.402]
[914, 222.441, 380.001, 295.1]
[915, 222.441, 403.62, 287.843]
[916, 222.441, 354.658, 224.036]
[917, 222.056, 383.81, 300.375]
[918, 222.056, 426.588, 320.099]
[919, 222.056, 403.982, 324.192]
[920, 222.056, 384.096, 280.883]
[921, 222.056, 389.951, 291.246]
[922, 222.056, 382.628, 251.296]
[923, 222.056, 369.187, 290.859]
[924, 222.056, 423.319, 343.872]
[925, 222.056, 404.346, 327.82]
[926, 222.056, 389.785, 312.731]
[927, 222.056, 415.35, 332.633]
[928, 222.056, 434.161, 359.643]
[929, 222.056, 408.837, 312.078]
[930, 222.056, 461.857, 330.937]
[931, 222.056, 416.011, 310.008]
[932, 222.056, 389.411, 275.107]
[933, 222.056, 392.668, 258.844]
[934, 222.056, 386.597, 287.691]
[935, 222.056, 391.87, 258.69]
[936, 222.056, 422.224, 324.913]
[937, 222.056, 432.394, 380.474]
[938, 222.056, 385.342, 322.222]
[939, 222.036, 398.535, 343.795]
[940, 222.056, 382.572, 350.535]
[941, 222.056, 422.385, 293.917]
[942, 222.056, 414.786, 285.422]
[943, 222.056, 449.013, 316.944]
[944, 222.036, 455.935, 357.812]
[945, 222.036, 417.902, 333.411]
[946, 222.036, 413.386, 362.388]
[947, 222.036, 406.445, 293.884]
[948, 222.036, 410.96, 303.495]
[949, 222.056, 442.058, 375.739]
[950, 222.056, 421.821, 320.756]
[951, 222.002, 416.382, 322.63]
[952, 222.002, 424.67, 328.061]
[953, 222.002, 372.278, 279.737]
[954, 222.002, 435.305, 378.453]
[955, 222.002, 415.817, 311.104]
[956, 222.002, 460.279, 370.576]
[957, 220.047, 396.098, 313.669]
[958, 222.002, 432.652, 281.801]
[959, 220.047, 423.216, 336.923]
[960, 220.047, 383.624, 282.922]
[961, 220.047, 438.169, 325.837]
[962, 220.047, 393.276, 288.894]
[963, 220.047, 395.242, 271.286]
[964, 220.047, 416.546, 284.139]
[965, 220.047, 461.968, 333.527]
[966, 220.047, 487.135, 374.909]
[967, 220.047, 383.975, 329.32]
[968, 220.047, 405.783, 350.612]
[969, 220.047, 407.099, 307.322]
[970, 220.047, 425.403, 334.192]
[971, 220.047, 454.341, 364.531]
[972, 220.047, 467.003, 346.933]
[973, 220.047, 375.59, 272.727]
[974, 220.047, 423.177, 337.861]
[975, 220.047, 385.548, 314.409]
[976, 220.047, 437.253, 343.385]
[977, 220.047, 427.023, 298.094]
[978, 220.047, 403.412, 303.83]
[979, 220.047, 403.629, 317.319]
[980, 220.047, 439.615, 331.532]
[981, 220.047, 435.405, 348.46]
[982, 220.047, 437.621, 323.846]
[983, 220.047, 419.148, 325.614]
[984, 219.002, 459.918, 319.314]
[985, 220.047, 434.668, 325.422]
[986, 220.047, 414.862, 278.134]
[987, 220.047, 378.071, 300.299]
[988, 220.047, 434.073, 350.177]
[989, 220.047, 418.462, 333.791]
[990, 220.047, 408.849, 333.475]
[991, 220.047, 454.91, 372.105]
[992, 220.047, 395.526, 336.321]
[993, 220.047, 434.171, 349.557]
[994, 220.047, 368.308, 299.095]
[995, 220.047, 423.215, 358.115]
[996, 220.047, 434.445, 330.263]
[997, 220.047, 426.599, 308.208]
[998, 220.047, 439.058, 321.019]
[999, 220.047, 443.726, 322.857]
[1000, 220.047, 410.813, 309.102]
[berlin52_k2_1
27 11 24 3 5 14 4 37 36 45 47 23 39 38 35 33 34 48 31 21 0 43 15 28 49 19 22 30 17 20 29 41 1 6 16 2 44 18 40 7 8 9 42 32 50 10 51 13 12 46 25 26 
 1 1 0 0 1 0 0 1 0 1 0 0 0 1 0 0 0 0 0 0 1 0 0 0 0 0 1 0 1 0 0 1 1 1 0 1 0 0 1 1 1 1 1 1 0 0 1 1 0 0 0 0 , berlin52_k2_1
25 46 13 12 51 10 50 32 42 9 8 7 40 18 44 2 16 6 1 41 29 20 17 30 22 19 49 28 15 43 0 21 31 48 34 33 35 38 39 23 47 45 36 37 4 14 5 3 24 11 27 26 
 0 0 1 1 0 0 1 1 1 1 1 1 0 0 1 0 1 1 1 0 0 1 0 1 0 1 0 0 0 1 0 0 0 0 0 0 1 0 0 0 1 0 1 0 0 1 0 0 1 1 0 0 , berlin52_k2_1
27 11 24 3 5 14 4 37 39 23 47 45 36 38 35 33 34 48 31 21 0 43 15 28 49 19 22 30 17 20 29 41 1 6 16 2 44 18 40 7 8 9 42 32 50 10 51 12 13 46 25 26 
 1 1 0 0 1 0 0 1 0 0 1 0 0 1 1 0 0 0 0 0 1 0 0 0 0 0 1 0 1 0 0 1 1 1 0 1 0 0 1 1 1 1 1 1 0 0 1 1 0 0 0 0 ]
