[0, 157239.217, 173707.718, 6557.462]
[1, 155397.172, 170282.862, 6077.994]
[2, 146449.236, 165667.135, 6775.014]
[3, 143647.621, 163140.661, 6348.061]
[4, 143377.236, 160822.098, 6487.859]
[5, 143577.304, 158625.965, 5314.875]
[6, 143741.56, 156158.162, 5444.889]
[7, 138751.206, 154674.342, 6440.301]
[8, 139078.873, 152416.038, 5690.01]
[9, 139281.129, 151826.755, 5093.874]
[10, 136758.708, 150666.04, 5567.105]
[11, 135447.496, 149209.78, 5795.246]
[12, 135908.874, 148003.193, 4866.858]
[13, 134003.141, 146351.423, 4370.253]
[14, 134121.017, 146453.225, 4916.171]
[15, 129499.358, 144993.903, 5553.882]
[16, 129248.254, 143349.644, 5189.781]
[17, 129248.254, 141002.559, 5242.567]
[18, 127853.892, 140105.072, 4880.367]
[19, 129248.254, 139401.262, 4496.946]
[20, 128373.092, 139101.183, 4732.011]
[21, 127496.645, 138662.626, 5076.585]
[22, 124469.991, 137710.331, 5122.08]
[23, 124469.991, 136415.534, 4735.569]
[24, 125737.811, 135381.057, 4769.787]
[25, 125284.135, 136380.803, 4510.612]
[26, 123896.172, 136250.52, 4692.895]
[27, 125994.606, 135224.32, 5036.273]
[28, 124562.362, 133933.008, 4400.264]
[29, 124266.911, 134107.707, 5211.902]
[30, 122230.469, 133943.313, 4919.604]
[31, 121900.373, 133211.917, 4993.525]
[32, 120714.638, 131767.268, 5327.18]
[33, 120967.825, 130717.728, 5046.86]
[34, 119420.67, 129740.567, 4956.335]
[35, 118242.549, 128454.501, 4904.867]
[36, 114850.106, 126688.413, 4416.947]
[37, 110133.654, 125027.455, 4391.36]
[38, 114214.035, 122987.208, 3941.119]
[39, 112833.93, 122492.034, 4535.386]
[40, 112764.472, 120900.627, 4195.045]
[41, 110194.377, 120541.662, 4345.245]
[42, 110758.938, 119972.511, 4246.561]
[43, 110830.926, 119758.371, 4231.909]
[44, 110830.926, 119257.348, 4279.309]
[45, 106472.723, 118577.342, 4788.257]
[46, 108781.425, 118437.178, 4447.078]
[47, 104861.598, 117468.343, 4366.858]
[48, 101030.034, 116548.696, 4819.912]
[49, 101030.034, 116575.513, 5033.835]
[50, 100469.52, 115232.92, 6279.211]
[51, 100469.52, 114251.586, 5554.148]
[52, 101292.713, 112690.971, 5905.284]
[53, 99595.033, 111902.445, 5321.082]
[54, 99358.219, 110779.249, 5223.441]
[55, 99319.787, 109627.601, 4463.732]
[56, 101424.697, 109511.668, 4811.072]
[57, 100537.842, 109244.605, 4824.265]
[58, 98594.679, 107918.239, 4451.731]
[59, 96125.174, 107309.975, 4606.724]
[60, 95386.112, 106630.356, 4406.78]
[61, 95386.112, 107130.434, 4417.837]
[62, 96091.796, 106960.121, 4797.661]
[63, 96822.462, 105902.638, 4366.589]
[64, 96913.687, 105851.066, 3927.812]
[65, 96281.347, 105957.765, 3765.22]
[66, 96999.339, 106043.508, 4029.848]
[67, 96623.679, 106366.909, 4458.062]
[68, 98436.001, 107174.993, 4564.097]
[69, 95917.939, 106505.984, 4422.574]
[70, 96892.047, 106138.816, 4117.011]
[71, 96575.278, 106736.652, 4873.195]
[72, 98479.392, 106993.958, 4711.666]
[73, 94842.903, 107331.67, 4911.199]
[74, 95181.187, 106640.395, 5348.908]
[75, 95570.173, 107022.292, 4950.173]
[76, 94567.947, 106823.322, 5399.141]
[77, 94567.947, 107382.243, 5041.32]
[78, 96371.76, 108141.3, 5376.959]
[79, 97465.911, 107005.827, 4855.566]
[80, 96223.173, 107596.57, 5815.694]
[81, 98159.549, 107552.871, 4596.065]
[82, 95810.904, 108167.896, 4904.763]
[83, 96018.641, 108494.901, 4966.578]
[84, 95565.874, 107379.9, 4822.301]
[85, 96018.641, 107164.049, 5137.884]
[86, 94979.029, 106320.039, 4863.724]
[87, 96184.575, 107364.326, 5127.833]
[88, 96184.575, 108160.059, 4361.413]
[89, 97656.128, 109049.43, 4277.13]
[90, 98716.892, 108620.831, 3983.817]
[91, 98541.262, 109161.871, 4403.076]
[92, 100086.533, 108520.87, 4370.436]
[93, 98843.722, 108302.625, 4486.612]
[94, 98516.79, 108498.344, 4689.275]
[95, 97879.337, 108015.772, 4438.233]
[96, 96956.763, 108451.944, 4758.385]
[97, 95757.62, 108830.365, 5172.492]
[98, 95654.153, 107749.958, 4882.633]
[99, 95858.895, 107318.569, 4586.415]
[100, 94839.186, 107143.767, 5353.019]
[101, 94640.029, 105639.852, 4812.442]
[102, 93484.021, 105083.454, 4807.751]
[103, 93484.021, 103823.471, 3928.319]
[104, 96265.012, 104351.906, 4600.377]
[105, 94078.711, 103517.081, 4070.877]
[106, 92741.933, 102831.689, 4349.034]
[107, 91739.066, 102774.657, 4067.351]
[108, 90777.89, 102274.131, 4889.458]
[109, 90506.484, 100741.105, 4081.182]
[110, 91350.382, 100778.65, 4199.83]
[111, 91350.382, 101071.975, 4261.998]
[112, 91350.382, 101625.894, 4616.229]
[113, 91350.382, 101869.587, 4569.82]
[114, 90444.958, 102597.202, 4902.743]
[115, 88475.208, 101481.873, 4654.03]
[116, 93008.508, 100959.333, 4492.602]
[117, 90244.401, 100333.087, 3866.749]
[118, 90143.117, 100605.843, 4499.299]
[119, 86504.361, 99645.511, 4338.222]
[120, 88178.137, 100042.501, 4478.196]
[121, 88767.246, 99865.134, 4589.385]
[122, 88767.246, 99394.247, 4244.99]
[123, 91651.946, 100001.754, 4498.011]
[124, 88995.448, 99245.862, 4416.358]
[125, 86007.59, 99489.664, 5133.983]
[126, 87537.259, 98322.853, 5553.774]
[127, 85805.691, 96978.042, 4880.499]
[128, 85805.691, 95623.174, 4983.499]
[129, 86032.365, 93644.568, 3985.856]
[130, 83451.998, 93234.605, 4930.544]
[131, 84657.922, 92852.804, 4176.353]
[132, 84485.648, 92538.485, 4072.26]
[133, 83826.466, 92849.418, 4194.574]
[134, 83862.066, 91471.808, 4007.087]
[135, 83489.728, 91983.483, 4228.301]
[136, 83489.728, 92447.258, 4025.847]
[137, 84197.594, 92078.273, 4012.085]
[138, 84890.415, 91880.517, 3872.401]
[139, 83828.981, 91902.416, 3674.343]
[140, 82736.384, 93293.747, 4125.081]
[141, 82843.092, 93915.256, 4531.973]
[142, 86279.99, 94340.287, 3720.249]
[143, 87146.112, 95191.199, 3964.848]
[144, 87095.203, 95395.33, 3976.354]
[145, 84983.822, 95528.473, 4495.976]
[146, 86708.199, 95173.575, 4661.158]
[147, 86552.658, 94880.085, 4015.303]
[148, 86312.128, 95377.992, 4269.93]
[149, 84872.685, 94949.602, 3740.059]
[150, 84872.685, 96283.031, 4715.493]
[151, 84412.314, 96424.845, 4733.532]
[152, 81457.683, 95352.93, 5070.831]
[153, 81457.683, 95500.812, 4352.139]
[154, 83807.738, 96683.861, 4988.911]
[155, 85421.441, 96596.152, 5163.622]
[156, 85421.441, 97063.032, 5363.293]
[157, 86936.799, 97409.783, 4635.779]
[158, 83624.424, 96754.854, 5459.491]
[159, 81140.155, 95792.576, 5096.549]
[160, 81140.155, 95170.156, 5368.731]
[161, 81140.155, 95407.574, 5245.696]
[162, 81537.988, 94855.433, 5704.028]
[163, 81522.571, 94026.448, 5152.969]
[164, 79944.335, 92660.551, 5013.422]
[165, 80420.186, 90753.637, 3929.656]
[166, 81474.168, 91206.697, 4064.353]
[167, 78963.423, 91130.228, 4302.282]
[168, 81018.099, 90741.619, 4513.598]
[169, 83341.609, 91678.535, 4606.375]
[170, 80264.774, 91370.015, 4478.364]
[171, 81296.861, 91199.495, 4120.655]
[172, 81651.714, 92094.459, 4828.063]
[173, 82575.146, 92100.317, 4806.303]
[174, 82812.575, 91884.368, 4935.322]
[175, 84004.991, 91721.044, 4199.923]
[176, 82703.207, 91801.55, 4627.796]
[177, 83024.039, 92035.052, 4649.329]
[178, 81809.461, 92483.282, 4759.071]
[179, 81809.461, 93325.679, 4377.059]
[180, 83579.005, 94063.812, 4427.753]
[181, 85214.6, 93829.191, 4286.203]
[182, 81937.085, 93880.456, 4560.9]
[183, 82887.277, 93362.026, 4015.24]
[184, 80095.171, 92881.087, 4666.442]
[185, 83494.144, 93011.053, 3947.865]
[186, 81888.285, 92205.26, 4009.834]
[187, 82100.178, 90299.394, 4018.291]
[188, 81724.521, 89243.069, 3773.164]
[189, 80537.544, 88400.666, 3397.512]
[190, 80537.544, 88033.874, 3608.88]
[191, 79489.646, 88118.799, 3986.698]
[192, 82464.104, 87558.659, 3191.213]
[193, 81088.185, 88693.123, 3539.679]
[194, 81174.917, 88807.355, 3539.858]
[195, 79923.23, 88989.729, 4042.742]
[196, 79780.595, 88441.956, 3973.667]
[197, 80511.788, 88490.224, 4001.712]
[198, 81214.257, 88711.395, 3443.853]
[199, 80414.932, 88332.456, 3597.973]
[200, 78985.39, 89307.15, 4099.365]
[201, 78985.39, 88591.307, 3713.559]
[202, 77163.103, 89767.672, 4818.811]
[203, 79316.072, 89864.378, 4354.541]
[204, 79489.03, 89681.664, 4869.847]
[205, 80795.034, 89836.051, 4524.459]
[206, 79606.749, 88877.564, 4314.02]
[207, 79183.131, 88351.382, 4283.136]
[208, 79183.131, 88106.647, 4090.868]
[209, 78918.715, 87391.526, 3752.125]
[210, 78928.309, 86881.791, 3690.35]
[211, 78412.786, 86266.273, 3806.69]
[212, 78647.5, 85467.148, 3617.685]
[213, 77181.837, 85092.658, 3241.968]
[214, 78804.236, 84534.601, 3630.523]
[215, 78100.305, 84042.439, 3357.716]
[216, 78271.855, 83595.618, 2960.807]
[217, 78271.855, 83593.526, 2913.049]
[218, 78271.855, 83009.198, 2540.147]
[219, 76103.347, 82488.497, 2719.206]
[220, 76236.67, 81944.509, 2643.461]
[221, 76027.754, 81103.664, 2299.618]
[222, 76194.33, 80924.008, 2513.124]
[223, 75872.252, 80287.316, 2748.035]
[224, 75159.334, 79229.839, 2370.667]
[225, 73584.427, 79255.094, 2530.279]
[226, 72982.3, 78927.809, 2372.434]
[227, 72982.3, 78216.792, 2796.215]
[228, 71608.158, 77789.118, 2967.531]
[229, 72511.889, 77818.883, 2740.21]
[230, 72511.889, 77186.93, 2366.316]
[231, 72553.767, 77472.844, 2568.549]
[232, 73085.972, 78294.866, 2923.363]
[233, 73085.972, 78054.068, 3036.95]
[234, 72287.045, 78086.621, 2842.941]
[235, 72287.045, 78515.596, 3166.379]
[236, 72287.045, 78769.92, 3160.966]
[237, 70771.785, 78735.446, 3557.676]
[238, 70771.785, 77997.379, 3036.15]
[239, 72747.068, 78459.719, 2887.531]
[240, 72217.509, 78279.796, 3193.166]
[241, 71537.652, 78217.213, 3191.651]
[242, 71795.288, 78455.455, 3307.302]
[243, 71508.022, 78474.806, 3457.305]
[244, 71585.581, 78236.116, 3234.802]
[245, 71676.468, 78418.595, 3454.883]
[246, 72840.881, 77672.073, 2952.569]
[247, 70064.959, 77875.805, 3503.905]
[248, 71323.011, 78012.053, 3598.895]
[249, 70129.594, 77203.652, 3433.218]
[250, 69187.625, 77177.861, 3621.527]
[251, 70123.337, 76521.963, 3284.388]
[252, 69711.25, 76712.311, 3595.724]
[253, 68420.997, 75952.377, 3395.206]
[254, 68420.997, 75188.14, 3392.824]
[255, 69078.153, 74608.507, 2966.715]
[256, 67869.357, 75062.559, 3300.579]
[257, 68796.271, 75453.906, 3570.19]
[258, 66726.482, 76003.559, 3570.49]
[259, 68254.478, 76874.858, 3774.084]
[260, 68511.618, 76796.823, 3563.195]
[261, 68511.618, 77124.715, 3845.251]
[262, 68491.03, 76950.82, 3586.441]
[263, 68511.618, 77020.745, 2979.938]
[264, 69665.613, 78232.373, 3621.318]
[265, 69481.437, 78746.419, 3752.27]
[266, 67771.599, 79051.156, 3923.025]
[267, 67771.599, 79195.944, 4125.046]
[268, 69933.352, 79717.475, 3968.282]
[269, 70439.157, 80147.549, 4212.038]
[270, 71214.158, 80287.67, 3766.815]
[271, 72579.064, 79749.715, 3870.559]
[272, 74209.318, 79781.639, 3214.174]
[273, 72900.136, 80151.235, 3309.745]
[274, 72326.166, 79717.179, 3666.216]
[275, 70744.008, 79350.856, 3808.929]
[276, 71559.923, 79216.915, 3840.222]
[277, 71559.923, 78977.73, 3508.59]
[278, 72468.56, 79182.605, 3478.516]
[279, 70337.16, 79915.399, 4355.922]
[280, 71631.158, 79858.576, 4132.975]
[281, 70779.495, 79342.532, 3976.874]
[282, 71167.737, 80019.617, 4407.991]
[283, 70971.042, 80006.87, 4262.461]
[284, 69586.797, 81346.059, 4523.397]
[285, 72824.3, 81651.879, 3989.331]
[286, 74886.532, 82609.875, 3643.139]
[287, 74886.532, 84244.603, 4057.539]
[288, 77318.034, 86144.89, 4287.866]
[289, 75881.368, 86013.467, 4653.193]
[290, 74481.168, 87274.726, 5092.204]
[291, 77085.464, 87241.435, 4253.961]
[292, 78036.939, 88692.337, 5329.54]
[293, 74984.629, 86806.483, 4209.983]
[294, 76511.411, 87103.13, 4511.633]
[295, 77458.93, 87852.681, 4691.314]
[296, 78734.654, 87462.678, 4371.986]
[297, 79844.471, 88469.629, 4123.137]
[298, 79400.432, 88598.083, 4492.679]
[299, 79400.432, 87843.403, 4430.112]
[300, 79754.399, 88048.721, 4468.836]
[301, 79244.107, 87246.312, 4320.381]
[302, 79837.056, 87227.213, 3958.717]
[303, 77927.621, 87635.071, 4043.793]
[304, 78370.873, 87656.965, 4819.891]
[305, 78852.087, 86042.039, 3959.722]
[306, 78388.253, 85745.075, 3614.919]
[307, 79212.422, 85964.251, 3342.271]
[308, 77356.998, 85863.353, 3815.751]
[309, 78477.539, 86434.607, 3213.61]
[310, 76994.942, 86561.596, 4145.773]
[311, 78168.519, 86027.783, 3735.141]
[312, 79242.564, 86628.945, 3455.759]
[313, 77590.551, 87107.104, 3897.694]
[314, 80613.367, 88077.624, 3753.497]
[315, 80613.367, 88205.612, 3774.44]
[316, 80379.334, 88855.427, 4041.497]
[317, 80379.334, 88954.184, 3979.251]
[318, 79229.004, 89060.589, 4502.355]
[319, 77131.589, 89004.778, 4723.433]
[320, 79841.456, 88142.193, 4298.683]
[321, 80389.578, 88827.408, 4980.339]
[322, 80432.549, 88780.514, 4534.301]
[323, 80319.345, 89288.133, 4145.234]
[324, 79438.942, 89776.078, 4455.904]
[325, 78943.367, 90582.894, 5009.283]
[326, 77892.848, 89684.202, 5579.802]
[327, 78487.113, 90238.866, 5734.984]
[328, 78321.714, 90020.146, 5231.316]
[329, 79682.315, 89963.826, 5045.431]
[330, 78806.964, 89047.743, 4842.073]
[331, 79119.234, 88567.932, 4468.14]
[332, 80631.817, 88189.454, 3836.127]
[333, 76158.516, 88039.904, 4416.87]
[334, 75809.637, 87816.011, 4696.024]
[335, 74890.333, 87172.308, 4915.955]
[336, 74890.333, 86427.986, 4829.817]
[337, 73934.992, 85948.544, 4647.854]
[338, 72639.045, 84814.433, 4067.64]
[339, 71664.767, 84292.403, 4913.853]
[340, 71664.767, 83418.252, 4522.832]
[341, 72716.005, 83594.27, 4094.799]
[342, 74458.233, 83044.604, 4178.673]
[343, 74705.866, 81825.967, 3848.955]
[344, 74968.37, 82047.413, 3597.33]
[345, 74611.125, 81931.854, 3542.871]
[346, 73943.232, 82459.784, 4687.405]
[347, 73943.232, 82080.052, 3944.406]
[348, 72458.36, 81421.058, 3630.223]
[349, 71922.288, 81531.737, 3193.98]
[350, 71055.661, 81365.756, 3898.669]
[351, 72181.452, 80172.736, 3860.849]
[352, 72181.452, 80310.705, 3619.316]
[353, 72181.452, 81259.586, 3978.627]
[354, 72181.452, 79872.981, 3541.814]
[355, 74378.737, 80111.058, 3188.002]
[356, 73817.819, 80065.794, 3302.089]
[357, 74334.212, 79789.817, 3394.04]
[358, 72164.364, 80247.05, 3679.591]
[359, 74862.235, 80253.396, 3140.358]
[360, 73368.972, 80309.559, 3568.101]
[361, 72636.781, 80486.006, 3486.602]
[362, 70999.886, 80219.559, 3665.974]
[363, 70999.886, 80812.931, 4158.366]
[364, 70937.405, 80258.011, 4160.615]
[365, 67590.823, 79500.541, 4256.713]
[366, 67103.295, 78429.268, 4130.606]
[367, 66423.926, 78247.231, 4653.078]
[368, 66681.058, 77038.181, 4391.298]
[369, 66404.764, 77193.13, 5164.092]
[370, 64185.48, 76265.011, 4423.734]
[371, 64185.48, 76147.807, 4094.656]
[372, 64185.48, 76567.56, 4014.702]
[373, 65356.236, 76981.777, 4610.439]
[374, 64210.991, 77281.978, 5015.052]
[375, 64210.991, 77603.194, 4774.094]
[376, 64301.3, 76989.829, 5315.135]
[377, 63790.058, 76436.317, 5821.48]
[378, 65204.979, 75091.143, 4868.332]
[379, 65197.089, 73163.015, 3931.852]
[380, 63795.076, 73550.56, 4512.432]
[381, 63795.076, 72396.981, 4077.307]
[382, 63994.392, 71938.053, 4025.407]
[383, 64060.367, 72126.873, 3668.477]
[384, 63726.708, 71942.966, 3762.165]
[385, 65181.903, 71852.457, 3435.153]
[386, 65212.129, 71815.058, 3590.009]
[387, 63270.678, 71734.54, 3030.352]
[388, 63658.942, 73042.069, 3825.515]
[389, 65393.593, 72719.881, 3965.89]
[390, 65245.373, 72177.75, 2938.858]
[391, 66966.429, 72857.114, 3398.619]
[392, 66913.651, 72900.082, 3162.717]
[393, 65120.392, 72670.549, 3348.817]
[394, 65120.392, 72922.724, 3197.924]
[395, 65120.392, 73032.51, 3924.105]
[396, 66070.334, 74233.377, 3814.192]
[397, 67204.298, 74139.488, 3824.798]
[398, 65824.077, 73843.342, 3896.589]
[399, 65824.077, 74440.918, 4085.903]
[400, 68040.318, 74610.588, 3974.369]
[401, 65882.084, 73672.099, 3880.85]
[402, 67442.481, 73615.851, 3717.787]
[403, 67725.036, 73710.956, 3317.299]
[404, 66087.662, 73652.537, 3311.813]
[405, 66389.891, 74315.768, 3583.302]
[406, 68102.032, 74756.847, 3616.073]
[407, 68102.032, 75634.225, 3630.608]
[408, 65469.069, 75530.389, 3895.982]
[409, 65469.069, 75746.586, 4122.743]
[410, 65747.115, 75499.804, 3965.857]
[411, 65446.544, 75046.159, 3928.464]
[412, 66619.785, 74550.479, 4030.418]
[413, 64841.758, 74404.298, 3767.931]
[414, 65179.866, 74719.585, 4494.61]
[415, 64935.685, 73608.275, 4220.532]
[416, 64935.685, 73069.926, 3888.157]
[417, 63744.245, 71936.448, 3768.273]
[418, 65862.977, 72305.785, 3579.665]
[419, 65433.946, 72069.284, 3135.523]
[420, 65433.946, 73400.963, 3191.216]
[421, 65586.098, 73629.566, 3678.549]
[422, 66283.377, 73606.389, 3285.797]
[423, 66984.17, 74391.366, 3498.72]
[424, 67842.617, 73705.559, 3318.488]
[425, 67876.318, 73560.963, 2757.977]
[426, 69384.577, 74324.69, 3017.662]
[427, 68376.908, 74573.483, 3304.087]
[428, 67933.818, 74772.221, 3371.992]
[429, 68678.337, 75404.033, 3222.676]
[430, 68066.055, 75995.751, 3619.287]
[431, 67678.696, 75168.592, 3789.376]
[432, 68028.589, 74981.272, 3240.772]
[433, 68318.053, 76177.069, 3753.34]
[434, 69659.447, 76763.111, 3683.787]
[435, 68741.734, 76881.602, 3988.598]
[436, 69714.478, 77540.083, 4897.118]
[437, 69596.989, 76667.515, 3815.629]
[438, 69409.009, 77309.135, 4428.871]
[439, 69120.596, 78040.582, 4280.248]
[440, 69439.994, 78010.776, 4396.102]
[441, 69574.699, 77054.527, 3718.547]
[442, 68056.907, 77537.748, 3680.056]
[443, 68056.907, 77448.219, 3575.554]
[444, 69370.4, 77476.191, 4102.298]
[445, 70312.864, 76969.055, 3757.924]
[446, 70312.864, 76768.681, 3790.225]
[447, 69300.685, 76852.836, 3818.747]
[448, 68958.248, 77201.029, 3725.223]
[449, 70071.738, 77406.494, 3760.279]
[450, 70524.081, 77641.938, 3941.011]
[451, 70545.682, 79174.351, 4293.07]
[452, 70545.682, 79033.247, 4553.031]
[453, 69963.89, 77781.731, 4134.169]
[454, 69963.89, 77781.615, 4224.918]
[455, 69351.341, 77895.644, 4334.594]
[456, 69870.406, 77248.829, 4125.442]
[457, 69532.399, 77124.361, 3629.769]
[458, 70230.614, 77076.635, 3601.44]
[459, 69542.716, 76534.432, 3532.768]
[460, 69968.865, 76914.257, 3626.137]
[461, 68747.509, 76615.741, 3866.171]
[462, 68638.253, 76806.173, 4076.019]
[463, 68221.891, 75885.322, 4292.06]
[464, 67976.939, 75377.583, 3777.143]
[465, 68029.182, 74936.411, 3641.176]
[466, 67441.61, 75368.376, 3551.783]
[467, 67396.677, 75902.954, 3564.806]
[468, 69667.636, 75948.946, 3260.58]
[469, 68315.842, 75590.574, 3493.014]
[470, 68315.842, 75767.197, 3751.813]
[471, 67550.284, 75441.386, 3633.829]
[472, 67770.615, 75697.173, 3893.18]
[473, 68991.523, 75844.506, 3859.795]
[474, 68576.317, 76069.068, 3623.196]
[475, 68929.708, 75959.747, 3338.036]
[476, 68532.817, 75956.335, 3205.278]
[477, 67750.836, 76790.59, 3875.604]
[478, 66408.4, 76477.959, 3326.838]
[479, 71359.627, 77266.581, 2974.615]
[480, 71359.627, 78100.488, 3902.409]
[481, 71188.233, 78749.35, 4155.558]
[482, 71770.131, 78899.282, 4448.079]
[483, 71741.168, 79029.63, 4325.4]
[484, 69070.392, 78864.911, 3857.416]
[485, 68869.522, 79711.892, 3815.97]
[486, 71652.882, 80136.82, 3748.584]
[487, 72032.822, 80500.412, 3984.334]
[488, 73147.32, 80998.559, 4293.847]
[489, 74325.729, 82255.117, 4030.818]
[490, 74325.729, 82713.771, 4618.686]
[491, 71999.137, 82445.256, 4160.94]
[492, 71263.884, 82007.605, 4022.271]
[493, 73714.325, 82159.965, 3699.58]
[494, 73714.325, 82395.863, 3998.906]
[495, 73908.783, 82112.026, 4040.861]
[496, 72720.818, 82144.924, 4129.593]
[497, 73435.684, 82302.543, 3986.358]
[498, 71462.688, 81926.126, 4395.107]
[499, 74648.767, 81430.072, 3905.79]
[500, 73371.393, 80671.305, 3716.771]
[501, 74855.184, 80208.981, 3611.845]
[502, 74181.153, 80811.886, 3430.419]
[503, 75051.488, 81642.588, 3562.681]
[504, 73466.849, 82171.506, 3241.847]
[505, 74264.729, 82607.491, 3772.689]
[506, 73264.576, 82754.874, 3419.815]
[507, 74750.03, 83339.063, 4038.222]
[508, 70863.061, 82632.798, 4307.045]
[509, 73672.494, 82900.39, 4404.186]
[510, 73672.494, 82608.501, 4172.869]
[511, 69789.195, 80057.732, 3796.307]
[512, 72587.951, 80408.844, 3946.705]
[513, 73590.87, 79851.843, 3546.58]
[514, 70837.28, 79242.872, 3542.138]
[515, 71225.54, 79184.174, 3741.711]
[516, 70636.751, 78663.345, 3782.795]
[517, 69532.19, 78059.245, 3777.209]
[518, 69532.19, 77337.914, 3492.546]
[519, 69648.778, 77517.882, 3384.485]
[520, 69648.778, 77213.696, 3440.978]
[521, 68616.165, 77439.842, 3629.348]
[522, 68419.222, 76809.709, 3712.072]
[523, 68419.222, 76547.51, 3903.343]
[524, 69263.242, 75460.343, 3206.417]
[525, 69841.758, 74918.99, 3163.516]
[526, 68783.648, 75104.929, 2994.829]
[527, 69223.813, 75164.872, 3114.117]
[528, 67858.966, 75743.794, 3534.725]
[529, 68148.969, 75232.365, 3402.744]
[530, 67605.198, 74656.044, 3506.773]
[531, 68553.433, 74675.55, 3360.313]
[532, 68113.001, 75160.395, 3629.533]
[533, 68113.001, 74699.151, 3070.761]
[534, 67978.279, 76017.894, 3306.867]
[535, 67978.279, 75930.316, 3115.079]
[536, 68095.955, 75960.162, 3450.882]
[537, 68095.955, 75868.787, 3476.142]
[538, 68104.869, 76144.956, 3843.636]
[539, 68104.869, 76792.002, 3703.338]
[540, 68104.869, 76895.848, 3891.692]
[541, 65944.972, 76038.921, 3653.68]
[542, 66442.129, 75666.397, 3945.324]
[543, 69514.455, 75929.025, 3526.98]
[544, 66970.677, 75994.318, 4144.572]
[545, 66970.677, 75896.396, 4340.635]
[546, 66672.213, 75682.587, 4274.548]
[547, 66292.064, 74670.455, 3787.569]
[548, 67362.292, 74578.987, 3661.565]
[549, 66740.027, 74840.754, 3478.932]
[550, 65572.315, 74082.781, 3646.771]
[551, 65166.349, 74432.651, 3663.421]
[552, 67629.383, 75296.146, 4195.693]
[553, 68733.634, 75634.716, 3686.454]
[554, 69070.914, 75534.011, 3373.057]
[555, 68292.417, 76081.835, 3802.984]
[556, 66629.428, 75725.786, 4509.808]
[557, 68286.557, 76163.525, 4185.629]
[558, 68286.557, 75658.232, 3835.72]
[559, 67943.623, 76287.626, 3634.218]
[560, 68781.395, 77731.592, 3843.363]
[561, 68664.511, 77418.254, 3645.083]
[562, 69076.139, 78030.423, 3929.073]
[563, 69743.86, 77809.133, 4284.908]
[564, 68596.512, 78337.627, 4315.321]
[565, 69953.024, 78068.16, 3951.877]
[566, 70127.903, 78464.279, 4587.274]
[567, 69284.558, 77750.721, 3824.251]
[568, 69284.558, 77343.564, 4235.99]
[569, 67957.674, 77164.465, 4067.489]
[570, 68736.728, 76337.92, 3524.922]
[571, 68032.522, 75748.783, 3436.348]
[572, 69450.49, 76388.985, 4192.236]
[573, 67172.486, 75341.678, 3949.636]
[574, 67727.503, 75626.995, 4066.976]
[575, 68734.292, 75341.051, 4116.359]
[576, 69147.034, 75589.918, 3360.067]
[577, 69655.106, 76301.985, 3539.963]
[578, 68958.641, 76921.656, 3546.11]
[579, 71022.842, 78539.956, 3743.551]
[580, 70146.712, 78707.973, 3765.929]
[581, 67440.86, 79155.453, 3724.189]
[582, 67440.86, 78490.546, 4483.163]
[583, 68884.077, 77324.101, 4045.577]
[584, 68187.295, 76256.069, 4040.129]
[585, 66604.173, 76368.873, 3854.912]
[586, 68329.215, 76651.028, 3593.802]
[587, 68329.215, 76470.932, 3954.867]
[588, 68280.367, 76173.288, 3481.611]
[589, 69588.96, 76883.46, 3599.622]
[590, 68532.761, 76479.912, 3782.938]
[591, 68348.085, 75742.99, 3843.937]
[592, 68521.625, 75527.39, 3551.182]
[593, 68633.987, 75094.691, 3369.629]
[594, 69367.032, 75409.816, 3891.935]
[595, 67994.393, 75052.802, 3658.177]
[596, 68654.856, 75259.773, 3285.407]
[597, 68959.101, 74851.976, 3184.224]
[598, 68885.136, 75357.744, 3755.672]
[599, 68122.653, 75018.244, 3407.952]
[600, 68966.485, 74998.945, 3365.996]
[601, 68139.061, 74932.785, 3424.389]
[602, 65037.8, 74491.5, 3807.548]
[603, 65020.589, 73388.805, 3418.992]
[604, 64840.339, 72838.545, 3665.051]
[605, 65367.025, 72732.396, 3969.048]
[606, 65058.318, 71883.739, 2980.224]
[607, 64897.263, 72271.964, 3476.247]
[608, 65067.429, 72105.755, 3458.235]
[609, 65067.429, 72013.164, 3408.554]
[610, 65679.038, 72022.148, 3085.878]
[611, 65593.743, 72279.061, 3319.742]
[612, 63235.72, 71986.372, 3766.723]
[613, 64952.397, 72004.089, 4045.762]
[614, 64592.044, 72289.312, 4119.543]
[615, 64592.044, 70998.411, 3368.12]
[616, 64973.26, 70128.798, 2898.3]
[617, 64544.435, 70170.085, 3029.65]
[618, 64708.293, 70297.631, 3247.795]
[619, 65000.726, 70095.667, 2875.051]
[620, 64108.494, 70202.689, 3179.386]
[621, 65552.977, 69364.226, 2651.789]
[622, 62900.709, 69301.392, 2690.245]
[623, 63014.131, 69281.05, 2891.282]
[624, 62711.693, 69320.829, 2798.891]
[625, 63870.634, 68916.3, 2674.572]
[626, 63256.631, 68770.518, 2927.567]
[627, 61988.988, 68510.633, 2836.428]
[628, 63646.193, 68530.847, 2955.05]
[629, 63591.168, 67983.639, 2672.039]
[630, 63591.168, 67946.228, 2673.529]
[631, 62701.555, 68310.207, 2856.723]
[632, 62524.614, 68759.498, 2755.98]
[633, 63907.479, 69225.035, 3244.028]
[634, 63254.526, 69185.314, 3200.237]
[635, 63360.432, 68364.382, 2855.727]
[636, 60269.119, 68220.719, 2935.072]
[637, 62435.385, 67303.503, 2696.542]
[638, 62223.097, 67341.314, 2761.25]
[639, 62223.097, 66654.858, 2734.243]
[640, 61768.855, 66781.695, 2675.748]
[641, 61308.377, 66057.752, 2503.701]
[642, 61299.0, 66127.716, 2955.701]
[643, 61257.479, 65268.561, 2590.44]
[644, 60747.992, 64990.302, 2431.327]
[645, 60940.998, 64990.753, 2451.005]
[646, 60743.047, 64801.667, 2662.106]
[647, 59964.67, 64416.579, 2314.367]
[648, 60708.1, 64516.913, 2550.195]
[649, 59505.011, 64416.48, 2762.375]
[650, 59651.473, 64335.573, 2794.045]
[651, 59663.275, 64268.065, 2569.354]
[652, 58726.09, 63919.916, 2842.821]
[653, 58726.09, 64190.589, 2805.911]
[654, 59162.036, 64570.509, 2796.054]
[655, 58034.607, 64344.074, 3059.307]
[656, 58620.492, 64191.677, 3147.052]
[657, 57973.909, 63868.764, 3140.479]
[658, 56046.117, 63797.62, 3380.743]
[659, 56046.117, 63713.176, 3333.632]
[660, 56371.357, 63623.827, 3246.939]
[661, 55662.361, 62933.589, 2832.449]
[662, 56953.28, 62981.594, 3117.375]
[663, 56038.941, 62873.26, 2585.235]
[664, 57899.637, 63311.575, 2974.307]
[665, 56313.699, 63680.518, 2997.547]
[666, 58530.085, 64119.975, 3253.372]
[667, 55435.755, 64618.805, 3530.625]
[668, 57215.679, 65113.474, 3783.242]
[669, 57965.659, 64946.764, 3355.058]
[670, 56439.156, 65175.254, 4010.632]
[671, 56123.68, 65084.22, 3793.637]
[672, 58237.693, 64716.211, 3530.114]
[673, 57251.283, 65277.058, 3637.804]
[674, 57047.548, 64715.947, 3504.511]
[675, 57226.847, 64501.223, 3296.109]
[676, 58896.84, 64944.295, 3179.744]
[677, 59746.191, 65495.871, 3268.867]
[678, 57139.726, 65674.65, 3288.506]
[679, 57600.305, 65656.361, 3928.696]
[680, 58437.273, 64827.855, 3353.869]
[681, 57920.915, 64827.337, 3439.801]
[682, 57846.828, 64173.843, 3314.55]
[683, 57057.074, 63541.148, 3374.332]
[684, 57040.798, 62452.989, 3139.834]
[685, 56126.59, 62034.914, 2632.358]
[686, 56546.507, 62230.869, 3242.761]
[687, 56343.124, 61645.579, 2895.96]
[688, 56785.885, 60921.466, 2216.814]
[689, 56394.31, 60521.255, 2416.215]
[690, 55895.474, 60080.445, 2253.591]
[691, 54534.236, 59746.202, 2459.595]
[692, 55597.861, 60015.043, 2720.994]
[693, 54865.274, 59632.833, 2693.331]
[694, 55595.847, 59765.527, 2582.027]
[695, 54829.665, 59693.006, 2604.143]
[696, 53954.758, 59419.557, 2617.482]
[697, 53642.785, 58489.809, 2787.83]
[698, 53712.82, 57525.685, 2564.274]
[699, 53914.778, 56584.845, 1919.92]
[700, 53271.432, 56782.926, 2104.529]
[701, 53271.432, 56180.081, 1798.829]
[702, 53036.317, 56204.374, 1748.8]
[703, 53349.128, 56462.439, 2066.721]
[704, 53442.764, 56470.776, 2214.517]
[705, 52929.605, 56370.311, 2458.56]
[706, 52855.767, 56180.993, 2112.307]
[707, 50520.755, 55923.547, 2261.669]
[708, 52856.492, 56038.451, 2233.13]
[709, 52557.625, 56265.094, 2377.513]
[710, 52986.899, 56511.0, 2397.091]
[711, 52486.43, 56797.666, 2765.74]
[712, 53061.948, 56340.716, 2493.703]
[713, 53051.39, 56186.553, 2277.611]
[714, 52881.278, 56104.418, 2072.848]
[715, 52670.432, 56317.409, 2165.133]
[716, 52670.432, 57267.833, 2756.089]
[717, 52500.314, 57187.62, 2545.273]
[718, 53130.718, 57627.578, 2659.234]
[719, 52887.88, 58328.2, 2824.757]
[720, 52887.88, 58135.783, 2779.89]
[721, 52887.88, 58399.987, 2857.009]
[722, 53074.52, 58823.425, 3046.369]
[723, 52090.92, 59563.745, 3332.917]
[724, 52115.754, 59571.447, 3449.682]
[725, 50856.791, 59329.164, 3697.873]
[726, 51976.827, 59032.439, 3577.138]
[727, 52687.715, 58746.551, 3421.365]
[728, 51916.859, 58922.226, 3507.746]
[729, 51402.23, 58655.579, 3792.253]
[730, 51402.23, 57897.936, 3304.067]
[731, 51428.371, 58100.811, 3243.427]
[732, 51049.487, 56667.665, 2877.331]
[733, 50014.029, 56112.279, 2972.861]
[734, 50183.945, 55910.363, 2776.304]
[735, 50350.643, 55313.081, 2918.008]
[736, 49856.961, 54706.875, 2713.597]
[737, 49738.475, 54649.062, 2840.173]
[738, 49359.721, 53985.21, 2638.3]
[739, 49359.721, 53870.273, 2420.947]
[740, 49470.374, 54377.39, 2804.931]
[741, 49548.232, 54281.998, 2553.051]
[742, 49548.232, 54223.021, 2547.823]
[743, 49222.256, 54563.734, 2656.31]
[744, 49576.991, 54233.628, 2472.61]
[745, 48659.196, 54260.082, 2549.005]
[746, 48075.941, 53538.919, 2451.5]
[747, 49182.364, 53961.757, 2613.724]
[748, 49182.364, 53909.757, 2903.74]
[749, 49119.683, 53732.454, 2724.399]
[750, 48059.947, 53143.881, 2677.858]
[751, 48944.208, 53199.014, 2511.93]
[752, 47164.553, 53819.782, 2769.517]
[753, 49186.34, 54061.341, 2827.346]
[754, 49383.744, 54496.622, 2967.893]
[755, 49096.186, 54699.753, 2898.124]
[756, 49096.186, 54280.151, 2780.231]
[757, 47311.519, 54607.4, 3096.345]
[758, 48633.968, 54763.367, 2918.125]
[759, 48605.966, 53950.563, 2708.194]
[760, 49163.712, 54355.486, 2905.497]
[761, 48803.782, 54901.885, 3249.295]
[762, 47864.177, 54710.914, 2818.769]
[763, 48943.623, 54409.781, 2663.1]
[764, 49346.521, 54115.497, 3078.6]
[765, 47576.937, 53701.534, 3021.771]
[766, 48872.155, 53912.189, 2964.279]
[767, 48276.88, 54174.941, 3485.254]
[768, 48276.88, 53582.989, 2831.917]
[769, 47236.608, 53394.254, 2887.24]
[770, 49017.95, 53961.272, 2842.287]
[771, 48129.281, 54366.5, 2848.241]
[772, 48129.281, 54679.06, 3434.594]
[773, 48129.281, 54052.209, 3468.195]
[774, 47090.625, 53163.924, 3126.886]
[775, 48392.74, 52974.418, 2689.411]
[776, 46608.403, 52066.688, 2572.252]
[777, 48091.398, 52007.621, 2248.174]
[778, 46877.345, 52252.228, 2895.299]
[779, 47023.146, 52270.52, 2231.437]
[780, 48684.02, 52486.712, 2369.139]
[781, 48968.803, 52755.361, 2441.726]
[782, 49166.228, 52919.034, 2063.867]
[783, 48010.541, 53248.749, 2815.6]
[784, 48011.999, 53137.321, 2552.175]
[785, 47788.369, 53169.443, 2741.811]
[786, 47879.625, 53515.586, 3152.818]
[787, 47879.625, 53003.648, 2733.162]
[788, 47879.625, 53096.488, 2681.088]
[789, 48300.307, 52747.902, 2839.493]
[790, 48563.834, 52942.156, 2581.088]
[791, 47790.744, 52719.795, 2407.939]
[792, 48823.187, 52952.654, 2366.931]
[793, 48500.743, 53289.696, 2686.353]
[794, 48098.316, 52964.408, 2313.227]
[795, 48387.719, 53306.295, 2691.342]
[796, 48669.668, 53519.212, 2646.526]
[797, 47601.872, 53698.94, 3067.165]
[798, 47901.039, 53237.359, 2778.746]
[799, 47929.017, 53519.251, 2353.508]
[800, 46100.397, 54157.713, 3044.793]
[801, 48508.783, 54770.28, 3304.04]
[802, 48843.661, 54808.65, 3189.872]
[803, 49254.151, 55273.04, 3416.954]
[804, 49363.911, 55620.814, 2868.278]
[805, 48357.363, 55653.985, 2830.557]
[806, 50076.573, 56246.995, 3278.223]
[807, 50401.386, 56497.086, 3003.429]
[808, 50401.386, 57047.351, 3108.519]
[809, 50401.386, 57573.613, 3039.78]
[810, 50980.655, 58600.998, 3458.251]
[811, 48263.343, 58961.959, 3574.473]
[812, 46666.88, 59235.069, 3900.663]
[813, 49759.913, 59027.35, 3930.222]
[814, 50285.305, 59155.811, 3474.806]
[815, 48517.266, 58369.173, 4015.719]
[816, 48517.266, 57435.378, 3581.582]
[817, 48383.684, 56997.936, 3630.871]
[818, 49201.892, 56746.163, 3739.44]
[819, 49755.009, 56235.881, 2849.382]
[820, 48526.385, 55838.156, 3341.312]
[821, 49429.798, 55448.996, 3266.474]
[822, 50074.378, 55118.245, 2883.075]
[823, 50652.144, 55797.381, 2907.4]
[824, 51446.407, 56638.162, 2946.176]
[825, 49664.964, 57052.104, 3187.827]
[826, 49546.465, 56451.234, 3083.795]
[827, 49219.541, 56253.942, 3251.034]
[828, 49781.386, 57235.225, 3535.692]
[829, 49717.923, 57008.205, 4047.881]
[830, 47154.968, 57145.486, 3505.683]
[831, 51013.529, 57846.684, 3355.837]
[832, 49736.478, 58287.366, 3760.969]
[833, 50790.785, 58558.006, 3946.039]
[834, 49253.705, 58736.771, 3718.342]
[835, 51944.577, 59510.587, 3904.77]
[836, 52371.907, 59633.47, 3864.521]
[837, 53408.66, 59842.31, 3887.686]
[838, 52600.946, 59477.18, 3401.398]
[839, 52407.993, 59522.152, 3564.586]
[840, 53193.243, 59891.091, 3170.652]
[841, 52712.312, 60044.541, 3231.147]
[842, 53562.813, 60183.369, 3092.682]
[843, 53517.972, 60664.97, 3529.953]
[844, 53517.972, 60380.797, 3731.442]
[845, 54168.766, 60255.809, 3124.873]
[846, 54243.507, 60475.704, 3472.128]
[847, 53790.344, 61006.285, 3265.758]
[848, 53312.753, 61006.094, 3689.698]
[849, 54904.243, 61746.099, 3483.649]
[850, 55433.687, 62036.003, 3471.834]
[851, 54955.537, 62276.877, 3882.379]
[852, 54226.044, 61441.346, 3625.225]
[853, 52664.603, 62074.614, 3890.813]
[854, 52638.498, 61177.81, 3850.805]
[855, 51787.592, 61675.934, 3816.427]
[856, 51595.329, 60990.253, 3732.715]
[857, 53038.034, 60091.028, 3378.964]
[858, 54806.432, 60064.607, 3524.992]
[859, 54063.537, 60043.365, 3715.876]
[860, 54188.823, 60459.088, 3684.09]
[861, 53109.263, 59960.865, 3626.606]
[862, 50689.896, 58983.146, 3106.763]
[863, 50165.738, 59035.284, 3447.43]
[864, 51204.321, 58449.506, 3579.542]
[865, 51973.392, 58895.931, 3284.321]
[866, 52906.68, 59134.785, 2969.814]
[867, 53269.881, 59135.841, 3136.308]
[868, 52360.726, 59260.446, 3650.874]
[869, 51893.491, 58741.247, 3189.016]
[870, 51893.491, 59490.524, 3398.912]
[871, 54187.153, 59900.235, 3224.942]
[872, 53040.149, 60179.77, 3198.097]
[873, 54177.674, 60618.065, 3355.555]
[874, 53657.837, 60917.731, 3495.979]
[875, 53911.825, 60507.414, 3073.519]
[876, 50838.595, 60920.355, 3585.695]
[877, 50780.144, 61291.722, 3985.367]
[878, 50780.144, 61516.86, 4281.991]
[879, 51300.473, 60808.389, 3838.497]
[880, 52769.781, 61486.036, 3887.014]
[881, 52797.336, 61661.157, 3886.845]
[882, 53703.989, 61873.129, 3838.86]
[883, 53646.643, 61964.026, 3622.093]
[884, 53646.643, 62516.712, 3517.369]
[885, 55962.582, 63276.819, 3846.023]
[886, 55830.052, 62921.845, 3666.22]
[887, 56405.004, 63466.413, 4102.853]
[888, 56732.143, 63396.923, 3594.413]
[889, 56323.672, 63450.063, 3734.127]
[890, 56849.439, 63323.935, 3633.974]
[891, 57232.784, 64253.685, 3608.668]
[892, 57318.909, 64312.828, 3533.256]
[893, 56264.219, 64725.075, 3768.792]
[894, 56765.79, 64681.587, 3967.88]
[895, 57595.476, 64881.522, 3665.325]
[896, 57595.476, 64578.333, 3388.275]
[897, 56955.336, 65363.435, 3476.697]
[898, 59401.684, 65185.545, 3447.879]
[899, 59631.343, 66072.881, 3584.356]
[900, 57714.949, 66502.608, 3594.687]
[901, 60230.282, 66200.139, 2975.973]
[902, 59562.527, 67814.16, 3857.741]
[903, 59487.815, 67543.109, 3720.509]
[904, 59562.527, 67532.966, 4257.052]
[905, 59562.527, 67091.873, 3766.139]
[906, 60002.855, 67777.918, 3774.914]
[907, 57351.663, 67841.595, 4034.571]
[908, 60618.366, 68092.259, 4309.267]
[909, 59379.95, 68020.591, 4025.614]
[910, 59110.466, 67235.096, 3944.202]
[911, 59110.466, 66920.679, 4078.873]
[912, 57795.751, 65977.577, 3555.366]
[913, 58771.01, 66029.185, 3223.235]
[914, 59430.524, 66454.869, 3557.394]
[915, 57881.155, 65547.906, 3251.761]
[916, 58782.676, 65437.545, 3034.923]
[917, 58474.536, 65605.875, 3204.619]
[918, 58977.798, 65982.704, 3142.36]
[919, 56733.229, 65521.43, 2994.881]
[920, 59527.395, 66110.763, 3132.57]
[921, 60023.804, 66260.483, 3063.676]
[922, 58768.504, 67127.11, 3345.285]
[923, 59212.951, 67784.897, 3560.263]
[924, 58441.822, 66775.773, 3641.047]
[925, 59666.637, 66248.876, 3522.93]
[926, 60138.048, 65835.055, 3068.4]
[927, 59810.397, 66517.652, 3092.381]
[928, 57004.809, 66714.902, 3211.332]
[929, 57004.809, 67553.74, 3407.898]
[930, 57604.484, 67417.607, 3800.546]
[931, 57731.465, 67603.571, 3861.429]
[932, 59819.209, 68417.299, 3982.267]
[933, 59481.468, 68591.532, 4132.641]
[934, 59842.289, 69042.278, 3934.797]
[935, 59842.289, 69740.254, 3796.464]
[936, 60408.964, 70084.756, 4047.915]
[937, 62425.363, 70535.29, 4491.831]
[938, 61420.986, 69961.412, 3881.114]
[939, 59288.515, 69855.178, 4798.483]
[940, 60763.213, 69907.733, 4141.748]
[941, 61857.532, 70747.242, 4314.703]
[942, 63283.493, 71136.42, 3928.393]
[943, 62478.504, 71462.684, 4325.596]
[944, 62478.504, 72247.806, 4359.879]
[945, 64166.203, 73249.152, 4314.195]
[946, 64518.894, 72818.6, 4127.171]
[947, 63771.455, 73748.3, 4182.156]
[948, 63982.668, 74316.229, 4287.625]
[949, 62936.39, 73406.043, 4315.15]
[950, 63982.668, 74480.778, 4727.4]
[951, 60999.554, 73743.361, 4477.568]
[952, 64106.066, 74075.827, 4517.118]
[953, 64106.066, 73776.082, 4237.014]
[954, 65699.047, 73307.331, 4295.256]
[955, 64274.784, 73509.001, 4682.721]
[956, 65556.417, 73199.368, 4502.288]
[957, 64393.618, 72133.823, 3905.89]
[958, 64116.231, 72222.923, 3537.853]
[959, 63990.108, 72294.543, 3356.352]
[960, 63840.22, 72744.54, 3677.519]
[961, 63990.108, 73557.772, 3828.829]
[962, 64510.501, 73439.613, 3741.793]
[963, 64375.155, 73164.423, 4023.631]
[964, 64375.155, 72954.247, 3606.585]
[965, 66407.255, 73590.795, 4250.953]
[966, 65943.275, 73856.79, 4028.628]
[967, 66370.673, 74294.862, 3798.826]
[968, 66413.815, 74849.802, 3731.137]
[969, 65041.856, 75731.705, 4099.924]
[970, 64806.299, 74988.525, 3768.126]
[971, 64824.112, 75309.525, 4740.062]
[972, 65041.856, 75002.893, 4744.078]
[973, 65041.856, 73973.255, 4703.356]
[974, 64801.838, 73703.414, 4730.848]
[975, 62145.794, 73687.072, 4716.077]
[976, 62145.794, 73378.752, 4810.884]
[977, 63161.648, 72608.409, 3882.139]
[978, 64495.655, 72633.88, 4381.103]
[979, 62005.564, 71540.186, 4263.348]
[980, 61756.182, 71306.944, 4507.875]
[981, 61674.589, 70780.638, 4148.869]
[982, 61674.589, 70706.136, 3861.387]
[983, 62319.27, 71110.838, 3205.67]
[984, 64233.329, 71437.71, 3314.912]
[985, 61706.707, 71608.246, 3918.398]
[986, 61573.938, 71076.443, 4105.11]
[987, 62489.492, 71512.136, 4017.464]
[988, 62944.732, 71354.132, 3183.469]
[989, 62441.117, 71387.422, 3795.087]
[990, 63077.432, 71613.996, 4263.411]
[991, 63289.132, 70905.469, 3877.631]
[992, 63513.809, 70969.619, 3511.413]
[993, 63513.809, 70753.363, 3541.541]
[994, 64349.74, 70580.864, 3637.205]
[995, 62515.718, 70084.686, 3368.794]
[996, 62279.458, 69875.311, 3784.315]
[997, 61759.211, 68952.144, 3359.32]
[998, 61268.759, 67860.289, 3505.712]
[999, 61519.246, 66787.753, 2778.404]
[1000, 61807.058, 66573.277, 2408.408]
[bier127_k3_1
125 118 84 87 108 70 68 78 22 19 26 121 39 4 1 99 90 16 40 33 66 8 2 12 105 20 72 69 86 85 80 79 76 17 30 18 63 91 88 124 103 98 64 112 65 45 93 48 46 53 55 6 35 15 14 3 10 7 67 75 83 116 25 29 50 60 59 57 71 21 107 89 115 61 23 58 119 9 113 51 114 5 0 102 97 96 31 28 27 34 36 94 122 38 42 32 41 37 24 43 117 47 54 120 123 49 56 44 52 111 110 106 126 92 13 104 11 77 74 101 100 73 109 95 62 81 82 
 0 1 1 2 2 0 1 2 0 0 0 1 0 2 1 0 0 2 1 0 0 0 1 0 2 1 1 0 2 1 2 0 1 1 1 0 2 2 0 0 1 2 1 1 0 0 0 2 0 0 1 1 0 0 0 2 2 2 1 1 1 0 0 2 2 2 2 0 2 2 1 0 2 1 1 0 2 1 2 1 0 0 0 0 1 2 1 2 2 1 2 1 0 2 2 1 2 0 1 1 2 1 1 1 0 1 0 1 2 1 1 2 2 2 0 2 2 0 2 1 2 0 2 1 0 1 0 , bier127_k3_1
125 118 84 87 108 70 68 78 22 19 26 121 39 29 25 30 17 76 79 80 85 86 69 72 33 66 8 2 12 105 20 3 15 35 6 40 16 113 99 4 91 88 124 103 98 64 112 65 45 93 48 46 53 55 1 14 90 89 115 61 7 23 50 60 59 57 71 21 10 107 18 63 58 119 9 51 114 5 0 102 97 96 31 28 27 34 36 94 122 38 42 32 41 123 54 47 117 43 120 49 56 52 111 110 106 126 92 44 67 75 83 24 37 13 104 11 77 74 101 100 116 73 109 95 62 81 82 
 2 1 1 2 1 0 1 2 0 0 0 1 2 0 1 1 1 0 2 1 0 0 1 2 0 0 0 1 0 2 0 0 0 1 1 1 0 1 0 0 2 0 0 2 2 1 1 0 0 0 2 0 0 0 2 2 0 0 2 1 2 1 2 2 2 0 2 2 2 1 0 2 0 2 1 1 0 0 0 0 1 0 1 2 2 1 2 1 0 2 2 1 2 1 1 2 1 2 0 1 0 2 1 1 2 2 1 2 1 1 1 2 2 1 2 2 0 0 1 2 0 1 2 1 0 2 0 , bier127_k3_1
125 118 84 87 108 70 68 78 22 19 26 121 39 29 25 30 17 76 79 80 85 86 69 72 15 35 6 33 66 8 2 12 105 20 3 14 16 40 1 113 91 88 124 103 98 64 112 65 45 93 48 46 53 55 114 5 51 119 58 63 9 90 99 4 44 38 122 94 36 34 27 28 31 96 97 102 50 42 32 41 123 54 47 117 43 120 49 56 52 111 110 106 126 92 107 10 21 71 0 18 60 57 59 23 7 61 115 89 67 75 83 24 37 13 104 11 74 77 101 100 116 73 109 95 62 81 82 
 0 1 1 2 1 0 1 2 0 0 0 1 2 0 1 1 1 0 2 1 0 0 1 1 0 1 1 0 0 0 1 0 2 0 0 0 0 0 2 1 2 0 0 2 2 1 1 0 0 0 2 0 0 0 0 2 0 0 2 2 0 2 0 1 1 0 1 2 1 2 2 1 2 1 0 2 2 2 1 0 1 1 2 1 2 0 1 0 2 1 1 0 2 1 2 2 2 1 2 0 0 2 0 2 1 2 2 0 1 1 1 2 2 1 2 2 0 2 1 2 2 0 2 2 0 0 0 ]
