EDGELIST
20 80 2 1950135
2 16 1000101
4 6 100011
2 11 300031
3 11 800003
1 18 200009
15 18 300031
6 16 500051
0 18 600061
12 13 900002
15 17 900002
5 13 1000101
11 13 300008
15 16 700004
1 7 1000101
3 16 300031
3 19 800003
10 14 900002
11 15 200009
18 19 200021
10 13 100011
4 7 800081
8 10 500006
1 17 200021
17 18 900002
8 17 100010
10 15 200021
5 12 200021
9 12 400007
2 12 100011
5 18 300031
16 18 900002
13 16 300008
0 3 800081
6 7 400007
10 19 600005
0 6 400041
10 16 600005
2 18 900091
1 9 400041
2 4 600005
0 5 900002
4 15 700071
12 16 400041
4 18 1000001
9 13 600005
0 13 600061
8 9 400041
13 15 100011
6 18 300008
0 8 1000001
5 10 800081
1 15 400007
0 9 800081
3 14 300031
1 6 200021
8 18 100011
4 5 600005
4 17 800003
2 19 500051
7 14 800081
14 16 900002
2 8 200021
3 17 800081
10 12 300031
14 19 300031
16 17 700004
3 13 300008
7 9 600061
14 15 700004
6 12 600005
10 17 600061
6 19 400007
1 2 1000001
10 18 900091
11 18 200021
5 8 1000101
3 9 300008
2 5 600005
2 14 1000101
3 12 800003
