EDGELIST
100 400 2 9050591
65 94 300031
55 92 200009
21 81 100011
50 83 800081
26 97 300008
33 53 300031
2 45 700004
38 92 300031
61 98 1000001
61 64 200021
29 31 800081
17 35 800003
35 77 600005
17 27 1000001
4 7 400041
14 78 400041
17 98 800081
17 75 200021
7 65 300008
26 86 800003
46 85 900091
6 20 400041
6 15 800003
36 54 700071
59 79 900091
73 80 100010
6 43 200021
7 19 100011
47 92 200021
13 52 300031
26 81 200009
13 18 1000001
37 58 700071
84 87 600061
17 58 700071
3 78 800003
22 33 800081
50 71 400041
16 17 700004
44 75 400007
17 91 800081
21 70 700071
66 98 900091
8 24 200009
34 53 800003
16 26 100011
70 96 400041
60 86 400041
27 76 200021
7 63 200021
12 62 100011
29 47 100010
38 71 800081
74 77 900002
58 97 900002
49 99 500006
25 45 300008
7 91 800081
5 36 200021
12 89 300031
8 96 300008
59 90 600061
42 71 700004
24 51 700004
36 43 600061
5 69 100010
6 56 900002
28 52 1000101
6 68 300008
7 57 800003
18 34 1000001
4 18 200021
6 78 800081
53 55 600005
29 58 1000001
20 26 800003
18 22 900091
8 21 800081
29 81 100011
9 10 200021
12 28 600061
25 37 700004
18 85 700004
41 86 500006
45 86 500051
11 90 500051
26 44 600005
17 88 100011
92 99 500006
42 81 900002
18 82 300008
30 34 500051
2 72 300031
2 4 700071
39 64 400007
1 51 700004
34 85 700004
65 80 500006
19 43 800003
64 91 400041
1 79 200021
31 82 700004
71 89 300031
68 69 300008
10 46 1000001
45 51 200009
71 98 600005
36 61 1000001
2 76 100011
70 98 1000101
9 14 900091
12 53 900002
26 63 1000101
34 89 800081
14 46 700004
59 65 200009
24 53 200009
44 91 700004
5 84 600005
8 31 900002
23 99 300031
32 58 800003
30 80 900091
25 87 300008
30 69 500051
38 96 1000001
27 79 500051
4 62 600005
67 92 400041
42 67 500006
15 99 900002
70 75 400007
9 30 300008
23 52 100011
52 77 600005
55 70 800003
19 53 500006
28 43 400007
41 85 500051
16 31 400007
35 49 200009
24 76 900091
83 94 700004
3 65 200021
14 69 500006
53 88 400041
66 70 900002
63 72 600005
2 3 400041
57 66 900091
3 77 800081
6 58 800081
44 90 600061
0 62 900002
56 96 200021
46 63 1000001
43 85 500051
39 90 200009
31 56 300008
16 18 900002
56 81 500006
4 6 600005
58 84 700004
44 47 1000001
11 32 100010
66 67 200009
78 81 900091
64 98 800081
52 79 300008
5 44 900002
6 25 700071
33 58 500051
57 78 200021
79 86 700071
3 99 100011
5 29 800081
51 58 900002
28 85 600061
7 95 700004
55 66 1000001
45 83 500051
53 95 600061
63 93 700004
15 74 700004
44 74 900002
0 48 1000001
0 74 200009
48 66 500051
40 43 300008
72 74 600061
55 81 400007
3 70 900091
46 69 400041
11 24 300008
14 30 900002
50 74 300008
54 84 600005
44 45 200009
43 78 700004
66 93 100011
17 50 300008
4 93 200009
0 35 300031
38 43 500051
31 83 800003
48 78 700071
86 87 400007
56 83 100010
61 78 1000101
23 98 800081
22 38 900091
23 81 400007
52 58 100011
43 61 800003
37 98 200009
11 77 100010
49 70 300008
73 93 100011
50 86 600005
34 40 100010
1 15 400007
10 72 100011
29 54 600061
61 71 700071
34 71 900091
54 99 600005
2 80 600005
11 80 500006
50 93 400041
64 75 500051
52 62 300031
47 70 800081
70 94 300008
62 67 700071
0 16 1000101
65 96 900091
29 65 1000001
15 30 700071
63 75 300031
39 51 200021
2 11 300031
2 61 1000001
81 83 100011
41 44 1000101
10 45 800081
14 68 200021
19 81 400007
31 57 800081
23 38 300031
32 46 500051
71 88 400041
60 81 900002
6 65 100010
54 78 800081
22 78 200021
46 96 400007
46 77 900002
4 70 500006
42 58 400041
86 89 500051
16 93 300031
30 97 800003
1 90 400007
13 36 400041
48 84 1000101
21 96 700004
10 82 500006
6 45 300031
33 49 1000101
16 35 900091
20 64 200021
43 51 300008
68 90 100011
12 26 300031
11 76 600005
81 84 100011
1 20 800081
39 76 500006
4 82 1000001
38 57 700071
6 29 900002
6 26 700004
62 71 900002
24 87 1000001
53 98 1000101
47 91 1000001
19 70 100010
36 55 700071
60 84 100011
53 57 100011
64 89 700071
33 47 500051
57 89 400041
37 92 800081
13 43 700071
33 36 600005
83 90 200009
50 81 900091
33 93 700004
3 58 800003
59 82 700004
5 80 600061
19 79 600061
9 92 400007
37 49 400007
53 67 100011
6 73 600061
2 59 200009
22 54 200009
56 93 100010
40 84 800081
6 86 700071
66 74 1000001
83 89 400041
66 89 1000101
59 89 900002
51 82 900002
28 36 900091
75 89 1000101
47 61 900091
12 51 300008
43 81 1000001
61 84 400007
10 89 200009
19 62 800081
7 59 600005
1 29 200009
90 91 1000001
15 46 800081
71 91 800081
8 78 900002
21 61 100011
59 63 700071
29 32 200009
46 91 100010
58 94 600061
31 79 800081
46 70 300008
73 79 400007
10 32 700071
11 63 800081
10 74 800003
8 60 400041
93 97 700071
31 35 800081
25 90 100010
14 17 400007
25 97 300008
68 75 1000101
2 41 600005
45 88 700004
11 95 100011
15 87 900091
16 62 1000101
7 24 800081
40 83 200021
9 80 800003
66 96 900091
51 52 800081
2 10 400007
13 78 400007
69 73 300008
28 55 200009
24 45 200021
0 45 1000101
36 50 300031
47 71 400041
67 69 900002
13 60 600061
27 96 900091
54 65 200009
57 82 100011
20 88 600005
36 86 900091
7 8 1000101
42 62 300031
20 38 300031
58 65 200021
33 55 100011
36 63 100011
37 99 100010
0 53 500006
60 83 200009
51 80 800081
15 80 700004
27 42 600061
22 41 200009
22 32 600005
30 51 700071
83 92 400041
19 45 600061
79 93 300031
59 76 800003
77 79 100010
22 93 500006
46 59 800081
42 52 700004
10 90 800003
66 78 600061
59 77 500051
