EDGELIST
30 120 1 30000060
1 5 599995
18 21 1800083
15 28 1300033
5 14 1700073
9 18 1300033
5 27 100000
2 21 1
8 23 1300033
12 22 1100013
9 21 1200023
7 19 399997
9 12 599995
4 22 399997
3 15 2000103
2 20 1400043
8 28 1600063
7 17 1900093
20 28 399997
7 12 299998
2 11 1300033
4 27 1800083
16 21 1900093
3 21 199999
3 23 1900093
0 18 499996
4 11 599995
8 10 1400043
7 20 1100013
3 7 1900093
6 14 100000
12 23 100000
3 19 199999
5 10 1800083
7 27 2000103
3 4 1
1 13 199999
6 27 499996
1 7 1800083
12 25 299998
4 9 1300033
14 16 1700073
16 17 1100013
0 16 699994
1 14 899992
5 24 1400043
6 12 1500053
4 17 199999
28 29 1900093
22 29 1800083
4 24 1900093
9 26 599995
17 29 1200023
24 28 1
6 24 1400043
4 5 399997
21 28 1600063
15 22 399997
7 21 1200023
6 10 399997
11 14 499996
4 15 299998
2 15 1200023
0 29 1800083
13 20 1600063
3 13 1900093
6 20 1400043
14 20 100000
10 20 399997
13 23 2000103
3 9 599995
10 19 299998
17 25 699994
11 25 1700073
13 25 1200023
4 25 899992
8 11 799993
8 22 1900093
9 10 1700073
2 4 2000103
12 16 2000103
1 29 1400043
10 26 199999
12 17 599995
19 24 699994
24 27 899992
6 11 699994
0 25 1200023
2 9 100000
22 25 1300033
16 26 1500053
10 12 599995
9 17 1900093
3 8 2000103
7 26 399997
3 17 1800083
16 18 100000
10 21 1100013
6 8 1200023
0 28 1
22 24 499996
16 19 599995
19 27 1600063
14 27 299998
1 28 1300033
3 6 1900093
0 22 1200023
11 16 799993
11 24 299998
11 18 1600063
5 21 699994
7 14 1800083
22 26 100000
17 26 299998
5 7 399997
19 22 2000103
17 20 100000
18 23 2000103
25 29 499996
0 20 1700073
19 28 1400043
