EDGELIST
30 120 2 3350262
1 5 400007
18 21 800081
15 28 300031
5 14 700071
9 18 300031
5 27 900002
2 21 1000001
8 23 300031
12 22 100011
9 21 200021
7 19 600005
9 12 400007
4 22 600005
3 15 1000101
2 20 400041
8 28 600061
7 17 900091
20 28 600005
7 12 700004
2 11 300031
4 27 800081
16 21 900091
3 21 800003
3 23 900091
0 18 500006
4 11 400007
8 10 400041
7 20 100011
3 7 900091
6 14 900002
12 23 900002
3 19 800003
5 10 800081
7 27 1000101
3 4 1000001
1 13 800003
6 27 500006
1 7 800081
12 25 700004
4 9 300031
14 16 700071
16 17 100011
0 16 300008
1 14 100010
5 24 400041
6 12 500051
4 17 800003
28 29 900091
22 29 800081
4 24 900091
9 26 400007
17 29 200021
24 28 1000001
6 24 400041
4 5 600005
21 28 600061
15 22 600005
7 21 200021
6 10 600005
11 14 500006
4 15 700004
2 15 200021
0 29 800081
13 20 600061
3 13 900091
6 20 400041
14 20 900002
10 20 600005
13 23 1000101
3 9 400007
10 19 700004
17 25 300008
11 25 700071
13 25 200021
4 25 100010
8 11 200009
8 22 900091
9 10 700071
2 4 1000101
12 16 1000101
1 29 400041
10 26 800003
12 17 400007
19 24 300008
24 27 100010
6 11 300008
0 25 200021
2 9 900002
22 25 300031
16 26 500051
10 12 400007
9 17 900091
3 8 1000101
7 26 600005
3 17 800081
16 18 900002
10 21 100011
6 8 200021
0 28 1000001
22 24 500006
16 19 400007
19 27 600061
14 27 700004
1 28 300031
3 6 900091
0 22 200021
11 16 200009
11 24 700004
11 18 600061
5 21 300008
7 14 800081
22 26 900002
17 26 700004
5 7 600005
19 22 1000101
17 20 900002
18 23 1000101
25 29 500006
0 20 700071
19 28 400041
