EDGELIST
40 160 1 40000080
2 11 1300033
20 32 199999
22 29 100000
17 27 2000103
17 25 699994
0 13 1600063
15 26 1300033
22 32 399997
21 29 799993
16 26 1500053
3 21 199999
12 28 1100013
18 23 1300033
11 38 299998
25 35 1300033
16 21 1800083
18 37 799993
4 28 1900093
5 10 1800083
19 38 1200023
1 35 599995
24 31 299998
1 26 499996
6 12 499996
21 32 1100013
20 28 399997
10 33 199999
13 20 1300033
10 29 1400043
19 37 1200023
17 24 199999
16 27 399997
22 37 299998
24 34 1500053
1 2 1
9 12 599995
3 16 1900093
0 28 1
7 23 1800083
15 24 2000103
11 14 1200023
5 38 1300033
27 36 199999
18 28 1600063
8 21 1800083
26 28 1900093
33 39 1100013
27 37 1
13 27 899992
2 13 299998
31 35 899992
5 32 499996
6 14 1700073
22 35 1400043
19 24 1400043
13 34 199999
24 28 899992
4 21 899992
2 28 499996
22 30 1
33 37 1900093
0 29 1800083
30 32 1200023
5 13 100000
23 33 699994
26 27 1600063
9 21 1700073
5 24 499996
15 16 299998
12 26 1500053
1 24 1900093
10 18 1900093
15 22 299998
2 32 1100013
20 23 1800083
20 26 199999
31 36 599995
14 36 1400043
4 5 399997
22 38 1900093
0 38 1700073
3 37 1800083
25 36 1600063
4 22 399997
20 30 1900093
16 33 399997
0 27 1700073
13 17 1900093
15 34 299998
5 22 499996
0 12 1600063
3 12 1500053
9 11 399997
0 2 799993
28 33 1500053
18 31 1300033
3 29 599995
8 28 2000103
19 35 899992
12 13 100000
34 39 1300033
4 25 1
11 35 1800083
0 37 1200023
0 6 1400043
7 8 799993
21 31 1200023
19 23 199999
6 22 100000
16 22 2000103
11 25 1800083
18 29 1800083
4 15 1700073
8 9 100000
17 26 1100013
32 33 1300033
14 15 299998
14 35 1600063
0 35 1700073
17 39 1200023
23 32 199999
20 21 499996
0 11 1500053
6 13 1100013
3 39 1900093
1 20 299998
8 20 1400043
29 37 399997
15 17 399997
28 32 2000103
10 15 899992
16 32 100000
10 39 799993
16 17 299998
3 34 499996
10 27 1200023
8 36 1200023
23 36 1300033
7 27 1500053
3 36 1100013
10 14 100000
17 31 1800083
32 34 1300033
37 38 1700073
8 22 1200023
4 18 1700073
6 37 1200023
4 7 1800083
10 34 199999
25 39 299998
4 26 1600063
4 13 1800083
18 36 2000103
0 14 899992
3 33 2000103
10 19 1700073
15 30 799993
9 22 2000103
12 32 1600063
16 18 100000
