EDGELIST
40 160 2 3750332
2 11 300031
20 32 800003
22 29 900002
17 27 1000101
17 25 300008
0 13 600061
15 26 300031
22 32 600005
21 29 200009
16 26 500051
3 21 800003
12 28 100011
18 23 300031
11 38 700004
25 35 300031
16 21 800081
18 37 200009
4 28 900091
5 10 800081
19 38 200021
1 35 400007
24 31 700004
1 26 500006
6 12 500006
21 32 100011
20 28 600005
10 33 800003
13 20 300031
10 29 400041
19 37 200021
17 24 800003
16 27 600005
22 37 700004
24 34 500051
1 2 1000001
9 12 400007
3 16 900091
0 28 1000001
7 23 800081
15 24 1000101
11 14 200021
5 38 300031
27 36 800003
18 28 600061
8 21 800081
26 28 900091
33 39 100011
27 37 1000001
13 27 100010
2 13 700004
31 35 100010
5 32 500006
6 14 700071
22 35 400041
19 24 400041
13 34 800003
24 28 100010
4 21 100010
2 28 500006
22 30 1000001
33 37 900091
0 29 800081
30 32 200021
5 13 900002
23 33 300008
26 27 600061
9 21 700071
5 24 500006
15 16 700004
12 26 500051
1 24 900091
10 18 900091
15 22 700004
2 32 100011
20 23 800081
20 26 800003
31 36 400007
14 36 400041
4 5 600005
22 38 900091
0 38 700071
3 37 800081
25 36 600061
4 22 600005
20 30 900091
16 33 600005
0 27 700071
13 17 900091
15 34 700004
5 22 500006
0 12 600061
3 12 500051
9 11 600005
0 2 200009
28 33 500051
18 31 300031
3 29 400007
8 28 1000101
19 35 100010
12 13 900002
34 39 300031
4 25 1000001
11 35 800081
0 37 200021
0 6 400041
7 8 200009
21 31 200021
19 23 800003
6 22 900002
16 22 1000101
11 25 800081
18 29 800081
4 15 700071
8 9 900002
17 26 100011
32 33 300031
14 15 700004
14 35 600061
0 35 700071
17 39 200021
23 32 800003
20 21 500006
0 11 500051
6 13 100011
3 39 900091
1 20 700004
8 20 400041
29 37 600005
15 17 600005
28 32 1000101
10 15 100010
16 32 900002
10 39 200009
16 17 700004
3 34 500006
10 27 200021
8 36 200021
23 36 300031
7 27 500051
3 36 100011
10 14 900002
17 31 800081
32 34 300031
37 38 700071
8 22 200021
4 18 700071
6 37 200021
4 7 800081
10 34 800003
25 39 700004
4 26 600061
4 13 800081
18 36 1000101
0 14 100010
3 33 1000101
10 19 700071
15 30 200009
9 22 1000101
12 32 600061
16 18 900002
