EDGELIST
50 200 2 5600391
3 33 100011
1 15 400007
7 36 600061
24 37 600005
14 38 700071
31 38 900091
10 13 600061
27 34 800003
27 39 600005
0 48 1000001
27 40 500006
1 16 900091
19 34 900091
20 31 800081
30 40 600005
21 24 600005
20 27 700071
3 6 100011
18 20 900091
21 37 800081
27 30 400041
10 28 500006
15 36 300031
6 32 900002
36 45 500051
0 35 100011
16 17 700004
2 3 600005
11 39 300008
2 25 600005
17 33 100010
1 24 700004
1 10 500006
16 23 300008
29 36 1000001
16 34 400041
0 6 700004
29 31 100010
20 23 400007
4 44 600005
22 43 700004
34 47 500006
8 16 400041
27 43 900091
5 32 200021
8 30 700071
16 44 900002
20 38 600005
23 38 300031
10 16 700004
42 45 600061
6 25 700071
2 7 400041
6 15 900091
12 13 300008
2 24 100011
13 20 800081
28 35 700004
19 41 600005
21 28 600005
31 37 200021
25 45 700004
23 29 900091
1 17 800081
26 43 900091
0 22 300008
21 43 100011
14 15 900091
38 45 700071
32 41 100010
6 33 600005
20 29 800003
11 46 200009
7 24 800081
36 38 200021
20 26 800003
4 12 600005
17 26 100011
2 28 1000101
33 35 700004
1 5 1000001
32 47 700004
19 39 300031
4 43 1000001
37 38 200009
18 30 500006
15 33 1000101
1 11 200021
12 23 300008
1 45 1000101
9 27 200021
27 47 900091
15 24 700004
3 27 800081
18 22 900091
19 43 800003
30 41 700004
4 41 500006
5 41 700071
17 27 1000001
10 20 800081
0 30 600061
14 30 900002
23 31 800003
15 39 700071
10 45 800081
20 21 600061
36 49 400007
34 49 300008
4 25 400041
22 40 200009
8 14 900091
29 43 300031
14 20 200021
11 33 800003
29 44 300031
30 43 700071
16 31 500006
12 36 400041
9 31 800081
24 30 800003
4 45 100010
24 31 700004
17 34 800081
8 22 1000001
6 45 500006
8 41 300031
35 39 400007
9 20 700071
43 49 600005
43 46 900002
3 8 1000101
1 39 200021
8 25 700071
27 28 1000101
2 45 600061
7 39 500006
12 16 1000101
8 21 800081
5 39 1000001
3 12 900002
18 44 300008
16 38 100011
7 17 1000101
17 20 300031
5 34 600005
35 47 900002
23 30 700004
0 42 900091
37 42 700004
18 36 1000001
2 26 500006
21 48 600061
28 39 700004
2 11 1000001
25 47 300008
6 12 900002
25 40 100010
23 33 300008
9 42 400007
11 18 100010
6 20 400041
22 29 700071
12 47 600005
40 47 300031
16 20 400007
13 41 400041
10 44 600005
15 32 1000001
13 49 600061
4 16 600061
20 24 600061
0 7 900002
13 14 1000101
0 3 300031
5 42 300031
6 10 800003
1 40 500051
23 36 300008
4 7 600061
0 45 500006
16 18 900002
1 29 200009
10 19 400041
14 34 500051
27 49 900091
8 9 800003
19 32 900002
19 44 200021
11 15 600005
1 30 600005
23 25 600005
11 27 100010
12 25 700071
30 36 600005
8 48 200021
17 46 700004
44 45 1000101
6 49 700071
8 10 400041
