EDGELIST
50 200 1 50000100
3 33 1100013
1 15 599995
7 36 1600063
24 37 399997
14 38 1700073
31 38 1900093
10 13 1600063
27 34 199999
27 39 399997
0 48 1
27 40 499996
1 16 1900093
19 34 1900093
20 31 1800083
30 40 399997
21 24 399997
20 27 1700073
3 6 1100013
18 20 1900093
21 37 1800083
27 30 1400043
10 28 499996
15 36 1300033
6 32 100000
36 45 1500053
0 35 1100013
16 17 299998
2 3 399997
11 39 699994
2 25 399997
17 33 899992
1 24 299998
1 10 499996
16 23 699994
29 36 1
16 34 1400043
0 6 299998
29 31 899992
20 23 599995
4 44 399997
22 43 299998
34 47 499996
8 16 1400043
27 43 1900093
5 32 1200023
8 30 1700073
16 44 100000
20 38 399997
23 38 1300033
10 16 299998
42 45 1600063
6 25 1700073
2 7 1400043
6 15 1900093
12 13 699994
2 24 1100013
13 20 1800083
28 35 299998
19 41 399997
21 28 399997
31 37 1200023
25 45 299998
23 29 1900093
1 17 1800083
26 43 1900093
0 22 699994
21 43 1100013
14 15 1900093
38 45 1700073
32 41 899992
6 33 399997
20 29 199999
11 46 799993
7 24 1800083
36 38 1200023
20 26 199999
4 12 399997
17 26 1100013
2 28 2000103
33 35 299998
1 5 1
32 47 299998
19 39 1300033
4 43 1
37 38 799993
18 30 499996
15 33 2000103
1 11 1200023
12 23 699994
1 45 2000103
9 27 1200023
27 47 1900093
15 24 299998
3 27 1800083
18 22 1900093
19 43 199999
30 41 299998
4 41 499996
5 41 1700073
17 27 1
10 20 1800083
0 30 1600063
14 30 100000
23 31 199999
15 39 1700073
10 45 1800083
20 21 1600063
36 49 599995
34 49 699994
4 25 1400043
22 40 799993
8 14 1900093
29 43 1300033
14 20 1200023
11 33 199999
29 44 1300033
30 43 1700073
16 31 499996
12 36 1400043
9 31 1800083
24 30 199999
4 45 899992
24 31 299998
17 34 1800083
8 22 1
6 45 499996
8 41 1300033
35 39 599995
9 20 1700073
43 49 399997
43 46 100000
3 8 2000103
1 39 1200023
8 25 1700073
27 28 2000103
2 45 1600063
7 39 499996
12 16 2000103
8 21 1800083
5 39 1
3 12 100000
18 44 699994
16 38 1100013
7 17 2000103
17 20 1300033
5 34 399997
35 47 100000
23 30 299998
0 42 1900093
37 42 299998
18 36 1
2 26 499996
21 48 1600063
28 39 299998
2 11 1
25 47 699994
6 12 100000
25 40 899992
23 33 699994
9 42 599995
11 18 899992
6 20 1400043
22 29 1700073
12 47 399997
40 47 1300033
16 20 599995
13 41 1400043
10 44 399997
15 32 1
13 49 1600063
4 16 1600063
20 24 1600063
0 7 100000
13 14 2000103
0 3 1300033
5 42 1300033
6 10 199999
1 40 1500053
23 36 699994
4 7 1600063
0 45 499996
16 18 100000
1 29 799993
10 19 1400043
14 34 1500053
27 49 1900093
8 9 199999
19 32 100000
19 44 1200023
11 15 399997
1 30 399997
23 25 399997
11 27 899992
12 25 1700073
30 36 399997
8 48 1200023
17 46 299998
44 45 2000103
6 49 1700073
8 10 1400043
