EDGELIST
60 240 1 60000120
29 30 399997
6 9 1400043
32 39 1300033
17 53 599995
26 42 1400043
10 21 2000103
3 17 1800083
48 59 299998
41 53 799993
7 42 199999
20 39 599995
41 46 499996
0 47 1400043
32 50 199999
31 41 1700073
30 40 1900093
11 34 1100013
7 9 100000
0 33 499996
27 37 1700073
30 31 1800083
5 15 1700073
27 57 1
45 46 599995
18 34 599995
51 55 1700073
27 50 199999
27 59 1500053
1 35 599995
39 46 1800083
2 33 1500053
5 39 1600063
45 51 199999
7 44 1800083
10 47 1400043
38 51 100000
2 42 1300033
31 55 2000103
14 50 100000
45 56 1200023
13 50 1400043
38 57 1200023
31 37 299998
4 54 1900093
18 54 2000103
5 27 1200023
18 37 1300033
3 12 399997
0 13 1500053
11 40 299998
12 14 1100013
43 54 1500053
26 30 1
5 22 199999
5 6 299998
23 43 100000
30 42 1900093
22 38 1900093
13 45 2000103
11 58 1400043
45 57 299998
5 10 1800083
13 20 1600063
2 3 1700073
28 41 899992
6 25 199999
31 46 2000103
7 49 1800083
29 50 1100013
31 50 1
3 18 199999
18 21 2000103
30 51 1500053
28 36 1200023
4 11 1400043
6 36 699994
8 30 1100013
22 31 299998
11 25 2000103
19 38 1800083
31 48 1100013
29 45 1100013
33 58 1600063
38 43 1300033
49 59 599995
6 58 1600063
2 32 1100013
13 57 199999
1 4 599995
13 47 1500053
10 26 199999
17 18 899992
17 21 1100013
32 33 1300033
12 42 1900093
29 47 100000
50 59 1200023
36 43 1100013
18 48 399997
12 28 2000103
16 42 2000103
21 37 799993
16 18 100000
13 37 1100013
13 42 699994
37 45 399997
42 59 799993
29 57 299998
19 55 1700073
12 51 499996
20 28 399997
23 38 1300033
27 56 199999
38 52 1100013
35 36 399997
35 49 799993
37 58 799993
4 5 399997
0 5 2000103
12 53 100000
9 12 599995
3 13 1700073
39 42 100000
31 56 599995
5 45 699994
17 56 299998
19 46 1500053
10 14 699994
1 47 1900093
4 22 399997
21 48 1800083
29 33 799993
0 28 1
7 15 599995
24 42 1
30 39 799993
41 43 1400043
5 44 799993
19 59 1600063
33 40 899992
2 55 299998
15 19 499996
24 31 299998
9 53 699994
19 40 699994
49 57 699994
7 31 499996
22 41 1500053
8 23 2000103
32 45 599995
9 11 1300033
29 44 1600063
4 16 399997
14 56 1100013
23 28 1800083
4 9 1700073
20 40 1400043
11 24 299998
32 54 699994
15 20 1500053
48 58 1700073
2 15 1100013
18 43 1200023
33 56 399997
39 49 699994
43 48 599995
21 29 799993
9 48 1900093
54 59 899992
5 20 499996
26 38 1800083
29 37 1400043
2 19 399997
36 42 199999
6 20 1400043
2 11 1300033
9 33 1900093
16 44 1700073
2 21 1
49 58 1
17 50 1700073
46 56 100000
11 47 1400043
0 46 1400043
17 25 699994
16 33 499996
32 42 399997
41 52 1
0 52 599995
40 48 1800083
19 20 399997
37 44 1800083
37 38 1700073
33 37 1900093
15 34 299998
27 49 899992
40 41 499996
45 48 299998
17 31 1800083
21 22 299998
13 27 1400043
27 45 1900093
47 51 399997
35 53 399997
4 7 1600063
6 56 599995
2 52 299998
34 53 199999
53 55 1100013
4 44 1600063
9 58 1700073
0 21 100000
14 40 899992
13 52 1300033
19 52 599995
22 34 299998
28 46 599995
18 35 1
12 16 399997
17 20 1900093
24 38 1900093
8 40 1400043
3 19 199999
17 23 1300033
29 54 1600063
6 54 499996
16 52 499996
25 38 799993
12 34 1600063
24 28 1600063
3 20 399997
3 41 1200023
39 59 899992
0 50 1600063
1 51 499996
26 40 199999
6 28 1500053
4 26 1
35 51 1800083
16 46 299998
