EDGELIST
60 240 2 6150432
29 30 600005
6 9 400041
32 39 300031
17 53 400007
26 42 400041
10 21 1000101
3 17 800081
48 59 700004
41 53 200009
7 42 800003
20 39 400007
41 46 500006
0 47 400041
32 50 800003
31 41 700071
30 40 900091
11 34 100011
7 9 900002
0 33 500006
27 37 700071
30 31 800081
5 15 700071
27 57 1000001
45 46 400007
18 34 400007
51 55 700071
27 50 800003
27 59 500051
1 35 400007
39 46 800081
2 33 500051
5 39 600061
45 51 800003
7 44 800081
10 47 400041
38 51 900002
2 42 300031
31 55 1000101
14 50 900002
45 56 200021
13 50 400041
38 57 200021
31 37 700004
4 54 900091
18 54 1000101
5 27 200021
18 37 300031
3 12 600005
0 13 500051
11 40 700004
12 14 100011
43 54 500051
26 30 1000001
5 22 800003
5 6 700004
23 43 900002
30 42 900091
22 38 900091
13 45 1000101
11 58 400041
45 57 700004
5 10 800081
13 20 600061
2 3 700071
28 41 100010
6 25 800003
31 46 1000101
7 49 800081
29 50 100011
31 50 1000001
3 18 800003
18 21 1000101
30 51 500051
28 36 200021
4 11 400041
6 36 300008
8 30 100011
22 31 700004
11 25 1000101
19 38 800081
31 48 100011
29 45 100011
33 58 600061
38 43 300031
49 59 400007
6 58 600061
2 32 100011
13 57 800003
1 4 400007
13 47 500051
10 26 800003
17 18 100010
17 21 100011
32 33 300031
12 42 900091
29 47 900002
50 59 200021
36 43 100011
18 48 600005
12 28 1000101
16 42 1000101
21 37 200009
16 18 900002
13 37 100011
13 42 300008
37 45 600005
42 59 200009
29 57 700004
19 55 700071
12 51 500006
20 28 600005
23 38 300031
27 56 800003
38 52 100011
35 36 600005
35 49 200009
37 58 200009
4 5 600005
0 5 1000101
12 53 900002
9 12 400007
3 13 700071
39 42 900002
31 56 400007
5 45 300008
17 56 700004
19 46 500051
10 14 300008
1 47 900091
4 22 600005
21 48 800081
29 33 200009
0 28 1000001
7 15 400007
24 42 1000001
30 39 200009
41 43 400041
5 44 200009
19 59 600061
33 40 100010
2 55 700004
15 19 500006
24 31 700004
9 53 300008
19 40 300008
49 57 300008
7 31 500006
22 41 500051
8 23 1000101
32 45 400007
9 11 300031
29 44 600061
4 16 600005
14 56 100011
23 28 800081
4 9 700071
20 40 400041
11 24 700004
32 54 300008
15 20 500051
48 58 700071
2 15 100011
18 43 200021
33 56 600005
39 49 300008
43 48 400007
21 29 200009
9 48 900091
54 59 100010
5 20 500006
26 38 800081
29 37 400041
2 19 600005
36 42 800003
6 20 400041
2 11 300031
9 33 900091
16 44 700071
2 21 1000001
49 58 1000001
17 50 700071
46 56 900002
11 47 400041
0 46 400041
17 25 300008
16 33 500006
32 42 600005
41 52 1000001
0 52 400007
40 48 800081
19 20 600005
37 44 800081
37 38 700071
33 37 900091
15 34 700004
27 49 100010
40 41 500006
45 48 700004
17 31 800081
21 22 700004
13 27 400041
27 45 900091
47 51 600005
35 53 600005
4 7 600061
6 56 400007
2 52 700004
34 53 800003
53 55 100011
4 44 600061
9 58 700071
0 21 900002
14 40 100010
13 52 300031
19 52 400007
22 34 700004
28 46 400007
18 35 1000001
12 16 600005
17 20 900091
24 38 900091
8 40 400041
3 19 800003
17 23 300031
29 54 600061
6 54 500006
16 52 500006
25 38 200009
12 34 600061
24 28 600061
3 20 600005
3 41 200021
39 59 100010
0 50 600061
1 51 500006
26 40 800003
6 28 500051
4 26 1000001
35 51 800081
16 46 700004
