EDGELIST
70 280 2 6600438
37 56 700071
56 65 900091
12 36 500006
49 67 900002
6 57 900002
4 23 700004
13 59 600061
31 33 100010
30 50 600061
0 42 900002
31 56 400007
17 33 900002
17 41 200021
15 32 800003
20 68 600005
14 55 700004
7 69 100010
57 68 200021
6 40 300031
49 60 900091
10 23 300031
22 61 900002
6 17 700004
30 37 900091
36 45 700004
44 46 1000001
28 38 900091
6 30 300031
22 54 1000001
7 14 300031
3 36 100011
17 66 200021
0 43 700004
30 67 700071
21 40 1000001
1 68 1000101
43 44 500051
41 56 500006
32 52 600005
11 31 1000101
37 45 300008
26 69 500051
2 4 600005
13 37 500051
32 62 300031
32 45 200009
40 44 100010
11 47 400041
44 63 200009
4 39 100010
31 58 600005
25 47 900091
52 59 300008
41 68 1000001
25 53 600005
2 41 200009
20 47 500006
1 64 400041
29 39 400007
35 64 200021
40 49 200021
42 53 700071
14 40 300031
20 32 400007
7 23 500006
2 22 100010
12 63 900002
13 47 400007
0 28 800081
7 19 500051
0 58 1000001
3 57 800081
47 60 100010
18 38 900002
19 46 400041
5 32 100011
11 45 800003
20 49 700071
19 29 300008
37 46 200021
37 51 900091
20 41 400007
14 46 200009
6 38 900091
23 44 300031
39 54 600061
16 29 400007
39 58 1000001
49 57 200021
21 56 100011
26 56 900091
43 69 100011
35 69 100011
28 42 600005
48 64 1000101
13 19 900002
14 18 600005
41 62 1000001
7 68 900002
6 56 900002
8 52 100011
30 36 600005
45 65 700071
51 68 900002
37 63 500051
28 69 400041
4 32 600061
1 39 500051
47 65 700004
26 42 1000101
7 25 600005
22 47 800081
9 37 400041
10 26 800003
6 44 700071
18 66 900002
0 49 300008
10 66 1000101
0 6 400041
39 53 100011
23 48 800003
23 34 1000101
46 52 900091
27 53 600061
8 30 400041
61 62 800003
9 25 200021
45 49 200009
24 40 700071
10 16 900002
22 44 200009
31 43 200021
3 31 900091
10 45 800081
0 13 600061
1 23 400007
32 69 500006
37 57 400041
26 36 500051
32 42 300031
13 24 800081
20 39 200009
27 37 1000001
31 60 300008
31 54 100011
39 59 600061
1 2 1000001
2 7 800003
19 25 700071
21 68 800081
35 41 800081
31 46 700004
7 24 800081
27 59 900002
51 60 900002
51 61 700071
11 32 300031
4 28 1000101
49 50 100010
1 34 1000001
14 43 500051
25 56 200009
3 26 100010
29 41 200009
7 21 500006
3 34 800003
21 53 800003
14 30 600005
12 53 300031
17 35 600005
1 20 500006
59 63 400007
12 59 200009
51 58 800081
17 52 500006
35 37 100010
15 39 200009
26 54 100011
3 50 300008
34 65 600005
14 61 400007
2 25 700004
11 57 100011
43 50 700004
5 18 300031
35 39 600061
56 69 1000101
38 48 300031
0 14 900002
2 66 400041
5 17 400007
46 49 900002
37 38 700071
40 65 500006
23 55 300031
23 38 300031
47 62 600005
33 36 600005
19 23 800003
43 53 700004
23 50 500006
20 60 100011
13 55 100011
11 56 200009
13 43 700071
3 69 300008
23 28 800003
1 25 400007
36 55 900091
6 45 900091
48 58 700071
6 36 900091
46 69 800081
52 69 200009
37 48 200009
54 64 600061
15 54 700004
1 47 600005
22 68 900091
35 58 700071
3 35 300031
23 52 600061
24 62 300008
17 69 400007
17 63 300008
28 32 1000101
38 40 500051
14 41 900091
5 24 600005
29 38 200021
60 65 300008
26 68 400041
13 28 500051
21 50 400041
11 20 600061
38 45 800081
7 63 400007
41 67 200021
27 57 700004
43 58 400007
11 39 200021
53 64 700071
11 46 700004
24 31 700004
45 55 300008
0 19 500006
42 68 200021
50 53 400041
20 30 900091
25 31 900002
32 48 1000101
34 39 600005
6 58 700071
2 20 400041
27 67 300008
7 15 500006
8 66 600061
47 63 1000101
5 40 500006
2 9 400007
23 62 300008
44 45 200009
7 34 700004
15 48 700004
33 49 400041
52 62 100011
4 60 400007
7 60 400041
53 66 700071
20 33 800081
13 16 100010
53 60 100010
20 63 500051
16 42 1000101
42 59 300031
8 67 100010
6 32 600005
47 61 800081
25 67 300008
22 26 600061
