EDGELIST
70 280 1 70000140
37 56 1700073
56 65 1900093
12 36 499996
49 67 100000
6 57 100000
4 23 299998
13 59 1600063
31 33 899992
30 50 1600063
0 42 100000
31 56 599995
17 33 100000
17 41 1200023
15 32 199999
20 68 399997
14 55 299998
7 69 899992
57 68 1200023
6 40 1300033
49 60 1900093
10 23 1300033
22 61 100000
6 17 299998
30 37 1900093
36 45 299998
44 46 1
28 38 1900093
6 30 1300033
22 54 1
7 14 1300033
3 36 1100013
17 66 1200023
0 43 299998
30 67 1700073
21 40 1
1 68 2000103
43 44 1500053
41 56 499996
32 52 399997
11 31 2000103
37 45 699994
26 69 1500053
2 4 399997
13 37 1500053
32 62 1300033
32 45 799993
40 44 899992
11 47 1400043
44 63 799993
4 39 899992
31 58 399997
25 47 1900093
52 59 699994
41 68 1
25 53 399997
2 41 799993
20 47 499996
1 64 1400043
29 39 599995
35 64 1200023
40 49 1200023
42 53 1700073
14 40 1300033
20 32 599995
7 23 499996
2 22 899992
12 63 100000
13 47 599995
0 28 1800083
7 19 1500053
0 58 1
3 57 1800083
47 60 899992
18 38 100000
19 46 1400043
5 32 1100013
11 45 199999
20 49 1700073
19 29 699994
37 46 1200023
37 51 1900093
20 41 599995
14 46 799993
6 38 1900093
23 44 1300033
39 54 1600063
16 29 599995
39 58 1
49 57 1200023
21 56 1100013
26 56 1900093
43 69 1100013
35 69 1100013
28 42 399997
48 64 2000103
13 19 100000
14 18 399997
41 62 1
7 68 100000
6 56 100000
8 52 1100013
30 36 399997
45 65 1700073
51 68 100000
37 63 1500053
28 69 1400043
4 32 1600063
1 39 1500053
47 65 299998
26 42 2000103
7 25 399997
22 47 1800083
9 37 1400043
10 26 199999
6 44 1700073
18 66 100000
0 49 699994
10 66 2000103
0 6 1400043
39 53 1100013
23 48 199999
23 34 2000103
46 52 1900093
27 53 1600063
8 30 1400043
61 62 199999
9 25 1200023
45 49 799993
24 40 1700073
10 16 100000
22 44 799993
31 43 1200023
3 31 1900093
10 45 1800083
0 13 1600063
1 23 599995
32 69 499996
37 57 1400043
26 36 1500053
32 42 1300033
13 24 1800083
20 39 799993
27 37 1
31 60 699994
31 54 1100013
39 59 1600063
1 2 1
2 7 199999
19 25 1700073
21 68 1800083
35 41 1800083
31 46 299998
7 24 1800083
27 59 100000
51 60 100000
51 61 1700073
11 32 1300033
4 28 2000103
49 50 899992
1 34 1
14 43 1500053
25 56 799993
3 26 899992
29 41 799993
7 21 499996
3 34 199999
21 53 199999
14 30 399997
12 53 1300033
17 35 399997
1 20 499996
59 63 599995
12 59 799993
51 58 1800083
17 52 499996
35 37 899992
15 39 799993
26 54 1100013
3 50 699994
34 65 399997
14 61 599995
2 25 299998
11 57 1100013
43 50 299998
5 18 1300033
35 39 1600063
56 69 2000103
38 48 1300033
0 14 100000
2 66 1400043
5 17 599995
46 49 100000
37 38 1700073
40 65 499996
23 55 1300033
23 38 1300033
47 62 399997
33 36 399997
19 23 199999
43 53 299998
23 50 499996
20 60 1100013
13 55 1100013
11 56 799993
13 43 1700073
3 69 699994
23 28 199999
1 25 599995
36 55 1900093
6 45 1900093
48 58 1700073
6 36 1900093
46 69 1800083
52 69 799993
37 48 799993
54 64 1600063
15 54 299998
1 47 399997
22 68 1900093
35 58 1700073
3 35 1300033
23 52 1600063
24 62 699994
17 69 599995
17 63 699994
28 32 2000103
38 40 1500053
14 41 1900093
5 24 399997
29 38 1200023
60 65 699994
26 68 1400043
13 28 1500053
21 50 1400043
11 20 1600063
38 45 1800083
7 63 599995
41 67 1200023
27 57 299998
43 58 599995
11 39 1200023
53 64 1700073
11 46 299998
24 31 299998
45 55 699994
0 19 499996
42 68 1200023
50 53 1400043
20 30 1900093
25 31 100000
32 48 2000103
34 39 399997
6 58 1700073
2 20 1400043
27 67 699994
7 15 499996
8 66 1600063
47 63 2000103
5 40 499996
2 9 599995
23 62 699994
44 45 799993
7 34 299998
15 48 299998
33 49 1400043
52 62 1100013
4 60 599995
7 60 1400043
53 66 1700073
20 33 1800083
13 16 899992
53 60 899992
20 63 1500053
16 42 2000103
42 59 1300033
8 67 899992
6 32 399997
47 61 1800083
25 67 699994
22 26 1600063
