EDGELIST
80 320 2 7000514
55 63 300008
25 76 900091
66 67 1000101
10 53 400041
57 62 900091
43 59 400041
35 72 100010
36 73 500051
6 10 500051
21 57 800003
7 37 800003
49 73 100011
54 60 500006
13 62 100010
53 54 100011
31 56 800003
17 31 800081
58 60 200009
21 48 800081
66 71 800003
75 76 800081
14 76 700004
10 45 800081
72 74 300031
20 39 400041
23 40 200021
32 75 700071
10 37 100011
47 63 800081
20 48 200021
50 75 100011
22 70 900002
10 29 400041
7 44 800081
17 57 200021
8 46 1000001
17 26 600005
5 22 1000001
58 61 200009
10 55 700071
13 67 100010
48 59 400041
1 13 200009
20 26 800003
46 48 200021
49 53 900091
15 33 300008
49 70 1000101
6 13 700004
6 31 700071
4 79 200021
16 30 1000001
31 76 400007
22 38 900091
58 70 200009
32 72 400007
37 53 600005
66 76 200021
2 28 400007
22 69 500006
46 69 300008
3 6 300031
30 60 900091
18 37 200009
11 60 600061
54 77 1000101
47 65 100010
29 61 900091
11 67 200021
16 21 300031
33 43 1000101
48 58 200021
0 25 700004
54 75 600061
39 66 700004
43 67 700071
27 66 100010
8 22 1000001
26 76 100010
14 36 400041
2 72 900002
2 10 600061
1 2 1000001
56 69 100010
46 78 400041
39 51 800081
73 76 100010
12 26 1000101
38 77 1000101
13 49 600061
34 65 500051
29 74 300031
19 35 300008
29 51 100011
40 56 300008
4 56 400007
24 51 500051
17 24 800003
44 52 600005
38 78 400041
65 72 200021
26 63 600061
24 31 100010
44 61 100010
52 78 800081
40 76 700071
48 76 200021
30 75 1000001
33 60 700004
2 18 800003
24 74 600005
0 26 600005
11 58 200021
3 8 300008
6 44 500051
20 73 800003
33 78 900091
2 52 800003
39 45 200021
46 77 200021
42 72 100011
17 77 1000101
48 66 400041
26 41 500006
4 69 900091
49 66 300031
19 58 200009
16 39 100011
43 61 1000001
10 21 800081
13 69 300008
61 79 500051
16 27 700004
5 44 100010
16 62 1000101
1 72 200021
45 50 500051
27 41 200021
8 60 400041
5 35 300008
6 11 700004
48 78 900002
3 32 200021
28 72 300031
1 30 500051
12 32 500006
52 63 200021
5 53 900002
40 46 1000001
49 77 1000001
41 60 400007
5 55 700004
39 50 200009
4 49 900002
4 67 700071
22 41 800081
3 7 800081
24 26 900091
11 57 500006
0 28 1000001
3 37 800081
29 42 200009
37 43 600061
40 70 600061
16 19 200021
17 70 400041
22 32 600005
33 45 200021
72 76 700071
0 74 200021
21 29 200009
16 17 700004
68 70 200021
9 11 600005
26 45 700004
9 71 400041
40 79 700071
10 41 1000001
2 11 300031
25 57 300008
6 30 700004
39 57 400007
33 50 800003
9 23 100010
36 78 600061
1 75 400007
54 65 800003
7 67 300031
2 76 400041
40 74 200009
2 36 700004
3 26 900002
19 23 800003
1 63 300031
24 71 700004
42 67 900091
27 73 400007
18 70 700071
15 20 700071
59 61 800003
16 65 500006
21 49 700071
35 67 800081
10 17 200021
38 50 800081
31 47 800003
4 63 1000101
23 34 1000101
17 72 600061
25 36 500051
36 74 200009
1 34 200009
35 63 400041
23 46 600005
31 53 800003
51 78 700004
42 69 500006
63 64 100011
23 68 1000101
3 36 800003
18 43 200009
46 68 1000001
11 73 700071
28 31 600005
4 22 600005
51 60 100011
47 50 900002
32 52 1000001
28 32 1000101
30 55 200009
3 56 500006
0 13 600061
18 42 800081
18 23 300031
9 52 400007
52 56 700071
30 67 100010
19 40 100010
22 45 500006
44 68 900091
51 79 800003
41 59 800081
19 46 100011
26 35 500006
31 61 600005
37 38 700071
37 60 300031
36 43 100011
2 46 200021
27 77 1000001
26 47 100011
20 22 1000101
4 5 600005
18 72 500006
12 53 900002
38 69 300008
34 67 600061
47 73 700004
41 65 1000001
44 75 900091
65 77 600061
16 18 900002
18 57 700004
19 75 1000001
27 50 200009
9 14 600005
45 60 400007
50 68 800003
16 56 200009
36 61 100010
22 71 1000001
25 77 700004
28 67 900091
1 47 300008
7 69 400007
33 56 600005
10 77 400041
21 68 900091
6 35 1000101
32 44 900091
14 50 900002
11 35 800081
5 67 1000001
22 73 900091
40 54 100010
20 68 600005
26 67 600061
12 77 500006
43 74 900091
18 34 900091
20 62 400041
24 41 900091
43 75 500006
18 56 300008
18 36 1000101
67 77 600005
48 55 1000101
13 34 800003
14 45 300031
1 20 600005
50 55 100010
40 52 600061
33 64 300008
69 75 1000001
22 44 500051
33 39 400007
2 19 600005
71 75 1000001
7 71 400007
62 67 600005
6 40 400041
9 59 300008
44 58 800081
0 68 700071
35 66 300031
11 37 100010
21 72 200009
15 74 700004
6 7 500006
25 46 1000001
