EDGELIST
80 320 1 80000160
55 63 699994
25 76 1900093
66 67 2000103
10 53 1400043
57 62 1900093
43 59 1400043
35 72 899992
36 73 1500053
6 10 1500053
21 57 199999
7 37 199999
49 73 1100013
54 60 499996
13 62 899992
53 54 1100013
31 56 199999
17 31 1800083
58 60 799993
21 48 1800083
66 71 199999
75 76 1800083
14 76 299998
10 45 1800083
72 74 1300033
20 39 1400043
23 40 1200023
32 75 1700073
10 37 1100013
47 63 1800083
20 48 1200023
50 75 1100013
22 70 100000
10 29 1400043
7 44 1800083
17 57 1200023
8 46 1
17 26 399997
5 22 1
58 61 799993
10 55 1700073
13 67 899992
48 59 1400043
1 13 799993
20 26 199999
46 48 1200023
49 53 1900093
15 33 699994
49 70 2000103
6 13 299998
6 31 1700073
4 79 1200023
16 30 1
31 76 599995
22 38 1900093
58 70 799993
32 72 599995
37 53 399997
66 76 1200023
2 28 599995
22 69 499996
46 69 699994
3 6 1300033
30 60 1900093
18 37 799993
11 60 1600063
54 77 2000103
47 65 899992
29 61 1900093
11 67 1200023
16 21 1300033
33 43 2000103
48 58 1200023
0 25 299998
54 75 1600063
39 66 299998
43 67 1700073
27 66 899992
8 22 1
26 76 899992
14 36 1400043
2 72 100000
2 10 1600063
1 2 1
56 69 899992
46 78 1400043
39 51 1800083
73 76 899992
12 26 2000103
38 77 2000103
13 49 1600063
34 65 1500053
29 74 1300033
19 35 699994
29 51 1100013
40 56 699994
4 56 599995
24 51 1500053
17 24 199999
44 52 399997
38 78 1400043
65 72 1200023
26 63 1600063
24 31 899992
44 61 899992
52 78 1800083
40 76 1700073
48 76 1200023
30 75 1
33 60 299998
2 18 199999
24 74 399997
0 26 399997
11 58 1200023
3 8 699994
6 44 1500053
20 73 199999
33 78 1900093
2 52 199999
39 45 1200023
46 77 1200023
42 72 1100013
17 77 2000103
48 66 1400043
26 41 499996
4 69 1900093
49 66 1300033
19 58 799993
16 39 1100013
43 61 1
10 21 1800083
13 69 699994
61 79 1500053
16 27 299998
5 44 899992
16 62 2000103
1 72 1200023
45 50 1500053
27 41 1200023
8 60 1400043
5 35 699994
6 11 299998
48 78 100000
3 32 1200023
28 72 1300033
1 30 1500053
12 32 499996
52 63 1200023
5 53 100000
40 46 1
49 77 1
41 60 599995
5 55 299998
39 50 799993
4 49 100000
4 67 1700073
22 41 1800083
3 7 1800083
24 26 1900093
11 57 499996
0 28 1
3 37 1800083
29 42 799993
37 43 1600063
40 70 1600063
16 19 1200023
17 70 1400043
22 32 399997
33 45 1200023
72 76 1700073
0 74 1200023
21 29 799993
16 17 299998
68 70 1200023
9 11 399997
26 45 299998
9 71 1400043
40 79 1700073
10 41 1
2 11 1300033
25 57 699994
6 30 299998
39 57 599995
33 50 199999
9 23 899992
36 78 1600063
1 75 599995
54 65 199999
7 67 1300033
2 76 1400043
40 74 799993
2 36 299998
3 26 100000
19 23 199999
1 63 1300033
24 71 299998
42 67 1900093
27 73 599995
18 70 1700073
15 20 1700073
59 61 199999
16 65 499996
21 49 1700073
35 67 1800083
10 17 1200023
38 50 1800083
31 47 199999
4 63 2000103
23 34 2000103
17 72 1600063
25 36 1500053
36 74 799993
1 34 799993
35 63 1400043
23 46 399997
31 53 199999
51 78 299998
42 69 499996
63 64 1100013
23 68 2000103
3 36 199999
18 43 799993
46 68 1
11 73 1700073
28 31 399997
4 22 399997
51 60 1100013
47 50 100000
32 52 1
28 32 2000103
30 55 799993
3 56 499996
0 13 1600063
18 42 1800083
18 23 1300033
9 52 599995
52 56 1700073
30 67 899992
19 40 899992
22 45 499996
44 68 1900093
51 79 199999
41 59 1800083
19 46 1100013
26 35 499996
31 61 399997
37 38 1700073
37 60 1300033
36 43 1100013
2 46 1200023
27 77 1
26 47 1100013
20 22 2000103
4 5 399997
18 72 499996
12 53 100000
38 69 699994
34 67 1600063
47 73 299998
41 65 1
44 75 1900093
65 77 1600063
16 18 100000
18 57 299998
19 75 1
27 50 799993
9 14 399997
45 60 599995
50 68 199999
16 56 799993
36 61 899992
22 71 1
25 77 299998
28 67 1900093
1 47 699994
7 69 599995
33 56 399997
10 77 1400043
21 68 1900093
6 35 2000103
32 44 1900093
14 50 100000
11 35 1800083
5 67 1
22 73 1900093
40 54 899992
20 68 399997
26 67 1600063
12 77 499996
43 74 1900093
18 34 1900093
20 62 1400043
24 41 1900093
43 75 499996
18 56 699994
18 36 2000103
67 77 399997
48 55 2000103
13 34 199999
14 45 1300033
1 20 399997
50 55 899992
40 52 1600063
33 64 699994
69 75 1
22 44 1500053
33 39 599995
2 19 399997
71 75 1
7 71 599995
62 67 399997
6 40 1400043
9 59 699994
44 58 1800083
0 68 1700073
35 66 1300033
11 37 899992
21 72 799993
15 74 299998
6 7 499996
25 46 1
