EDGELIST
90 360 1 90000180
43 49 1800083
54 85 1400043
16 44 599995
51 53 1800083
47 52 1300033
66 82 1500053
20 62 1400043
43 69 899992
56 84 799993
47 83 1800083
17 56 1500053
15 53 599995
65 71 499996
67 77 1
6 46 699994
3 42 1500053
66 83 499996
5 27 299998
10 21 1500053
50 81 1800083
50 53 199999
11 32 1300033
38 51 1400043
55 60 699994
13 42 1500053
0 88 1
43 64 699994
29 33 699994
7 43 1700073
7 32 1300033
41 70 1
37 61 1800083
0 65 1700073
35 43 1700073
58 60 799993
81 84 399997
37 65 799993
42 54 1300033
6 69 1200023
42 64 399997
57 58 599995
5 80 299998
45 82 599995
6 71 1300033
46 63 1600063
16 42 2000103
18 26 1800083
54 69 1900093
13 54 1100013
22 50 799993
19 76 1100013
1 54 1500053
47 59 699994
52 82 100000
14 59 1700073
25 41 899992
21 48 1800083
12 83 100000
42 53 1200023
1 56 1700073
6 33 1900093
22 34 799993
2 8 599995
30 38 1200023
24 29 599995
7 81 1200023
21 88 1900093
28 44 499996
29 68 799993
20 88 399997
27 49 1600063
64 80 199999
34 86 1700073
6 78 1
21 41 899992
46 78 1500053
1 77 499996
41 42 599995
33 45 2000103
58 72 699994
2 28 1800083
41 53 899992
70 72 100000
1 44 899992
46 49 899992
4 60 299998
17 64 199999
26 80 2000103
48 51 799993
68 83 2000103
50 63 299998
72 85 899992
33 67 1500053
58 59 499996
48 78 1600063
21 24 599995
26 39 1600063
6 13 1100013
7 60 199999
40 55 799993
45 47 899992
17 62 1100013
39 42 499996
9 22 399997
36 66 1900093
18 28 1500053
33 43 1100013
33 60 299998
12 49 1900093
61 69 1800083
38 54 1900093
74 78 899992
4 45 1300033
34 57 1800083
28 29 299998
62 77 1500053
66 85 1300033
6 38 1200023
48 49 1400043
23 33 2000103
32 48 1400043
19 77 899992
6 60 299998
38 66 100000
40 56 1500053
33 78 1900093
24 30 299998
0 87 1200023
63 85 1400043
50 68 1700073
32 78 1800083
45 81 699994
36 40 399997
32 45 1200023
33 56 299998
31 59 499996
15 89 799993
43 67 1500053
13 31 199999
18 32 1100013
29 78 1300033
14 69 100000
36 48 1200023
72 74 299998
51 78 299998
30 86 299998
49 63 1200023
77 78 199999
7 72 1600063
11 18 1900093
19 86 1100013
6 20 1400043
7 50 799993
27 43 599995
17 58 1100013
64 73 2000103
23 86 899992
64 83 2000103
3 75 1700073
9 23 1900093
31 70 899992
69 74 2000103
12 82 1100013
12 48 1100013
22 33 1800083
23 43 2000103
38 79 1200023
6 43 1300033
21 76 1300033
33 75 499996
29 61 1400043
32 74 1300033
19 45 1400043
47 81 899992
8 17 899992
2 20 699994
3 81 1300033
40 68 1700073
2 15 699994
46 72 1200023
24 33 2000103
27 86 499996
5 56 1800083
19 81 899992
45 73 199999
4 49 1700073
8 22 1900093
53 85 100000
16 53 899992
54 72 299998
40 58 599995
3 19 199999
7 74 1800083
36 86 1200023
35 41 1800083
17 65 899992
44 75 499996
52 69 499996
52 54 199999
1 35 599995
15 64 299998
51 80 1800083
10 19 1500053
3 31 199999
40 50 399997
29 69 199999
38 88 799993
8 58 1400043
3 26 499996
16 27 1300033
56 89 899992
36 73 1500053
35 50 1
16 85 399997
56 71 1100013
9 72 599995
32 71 1
14 20 100000
23 47 2000103
29 46 1100013
40 53 1600063
8 76 1600063
55 85 299998
25 39 1700073
79 83 199999
39 51 1200023
26 46 899992
5 84 2000103
21 33 799993
11 72 1400043
31 79 199999
3 49 1100013
69 87 599995
12 56 1700073
19 75 1
62 64 1500053
0 14 2000103
13 86 1400043
45 53 100000
81 83 1100013
61 89 1600063
14 41 499996
1 59 1800083
17 44 199999
3 72 899992
27 66 199999
6 75 2000103
8 52 399997
3 60 1200023
29 89 1100013
8 27 299998
31 33 499996
10 30 1700073
36 79 100000
16 18 100000
6 31 1400043
50 73 199999
0 63 499996
3 77 1800083
22 28 1
13 20 1600063
16 31 1200023
8 41 1200023
20 63 1800083
35 87 100000
51 88 499996
10 56 199999
11 49 1700073
26 76 1200023
26 88 1
15 66 1600063
15 52 1700073
28 79 1400043
10 76 799993
10 26 199999
13 61 599995
17 86 299998
52 60 699994
41 62 799993
52 88 299998
9 10 1700073
2 21 1
12 43 1900093
42 68 1800083
18 85 899992
51 72 1100013
27 74 1700073
45 78 1900093
4 78 1900093
67 68 1900093
8 10 1400043
43 88 699994
7 61 1800083
49 82 1600063
30 79 1700073
25 53 1300033
48 71 1200023
56 57 1700073
4 73 2000103
23 25 1800083
23 61 1
5 10 1700073
57 81 199999
27 54 1
75 77 1600063
23 38 1300033
28 86 599995
5 68 499996
20 85 1100013
3 80 1400043
4 82 399997
25 77 699994
47 51 1800083
15 40 1100013
2 57 499996
30 48 499996
10 65 1800083
68 87 399997
52 57 1900093
50 82 1600063
37 42 1900093
11 26 1900093
0 78 1200023
50 52 1600063
29 40 1800083
29 77 799993
64 65 1500053
7 46 1200023
23 68 1200023
16 57 1500053
0 76 1
38 87 1300033
26 35 1100013
11 24 299998
21 43 199999
84 89 100000
39 61 699994
62 74 699994
22 42 1100013
54 65 1600063
63 64 399997
12 78 1100013
17 70 499996
21 39 1300033
13 89 1900093
54 89 399997
51 70 299998
5 14 899992
42 73 1300033
14 71 1300033
29 85 1200023
9 58 799993
48 56 699994
11 81 399997
76 78 299998
23 44 299998
4 5 399997
50 76 1700073
77 87 1600063
41 57 899992
