EDGELIST
90 360 2 7200565
43 49 800081
54 85 400041
16 44 400007
51 53 800081
47 52 300031
66 82 500051
20 62 400041
43 69 100010
56 84 200009
47 83 800081
17 56 500051
15 53 400007
65 71 500006
67 77 1000001
6 46 300008
3 42 500051
66 83 500006
5 27 700004
10 21 500051
50 81 800081
50 53 800003
11 32 300031
38 51 400041
55 60 300008
13 42 500051
0 88 1000001
43 64 300008
29 33 300008
7 43 700071
7 32 300031
41 70 1000001
37 61 800081
0 65 700071
35 43 700071
58 60 200009
81 84 600005
37 65 200009
42 54 300031
6 69 200021
42 64 600005
57 58 400007
5 80 700004
45 82 400007
6 71 300031
46 63 600061
16 42 1000101
18 26 800081
54 69 900091
13 54 100011
22 50 200009
19 76 100011
1 54 500051
47 59 300008
52 82 900002
14 59 700071
25 41 100010
21 48 800081
12 83 900002
42 53 200021
1 56 700071
6 33 900091
22 34 200009
2 8 400007
30 38 200021
24 29 400007
7 81 200021
21 88 900091
28 44 500006
29 68 200009
20 88 600005
27 49 600061
64 80 800003
34 86 700071
6 78 1000001
21 41 100010
46 78 500051
1 77 500006
41 42 400007
33 45 1000101
58 72 300008
2 28 800081
41 53 100010
70 72 900002
1 44 100010
46 49 100010
4 60 700004
17 64 800003
26 80 1000101
48 51 200009
68 83 1000101
50 63 700004
72 85 100010
33 67 500051
58 59 500006
48 78 600061
21 24 400007
26 39 600061
6 13 100011
7 60 800003
40 55 200009
45 47 100010
17 62 100011
39 42 500006
9 22 600005
36 66 900091
18 28 500051
33 43 100011
33 60 700004
12 49 900091
61 69 800081
38 54 900091
74 78 100010
4 45 300031
34 57 800081
28 29 700004
62 77 500051
66 85 300031
6 38 200021
48 49 400041
23 33 1000101
32 48 400041
19 77 100010
6 60 700004
38 66 900002
40 56 500051
33 78 900091
24 30 700004
0 87 200021
63 85 400041
50 68 700071
32 78 800081
45 81 300008
36 40 600005
32 45 200021
33 56 700004
31 59 500006
15 89 200009
43 67 500051
13 31 800003
18 32 100011
29 78 300031
14 69 900002
36 48 200021
72 74 700004
51 78 700004
30 86 700004
49 63 200021
77 78 800003
7 72 600061
11 18 900091
19 86 100011
6 20 400041
7 50 200009
27 43 400007
17 58 100011
64 73 1000101
23 86 100010
64 83 1000101
3 75 700071
9 23 900091
31 70 100010
69 74 1000101
12 82 100011
12 48 100011
22 33 800081
23 43 1000101
38 79 200021
6 43 300031
21 76 300031
33 75 500006
29 61 400041
32 74 300031
19 45 400041
47 81 100010
8 17 100010
2 20 300008
3 81 300031
40 68 700071
2 15 300008
46 72 200021
24 33 1000101
27 86 500006
5 56 800081
19 81 100010
45 73 800003
4 49 700071
8 22 900091
53 85 900002
16 53 100010
54 72 700004
40 58 400007
3 19 800003
7 74 800081
36 86 200021
35 41 800081
17 65 100010
44 75 500006
52 69 500006
52 54 800003
1 35 400007
15 64 700004
51 80 800081
10 19 500051
3 31 800003
40 50 600005
29 69 800003
38 88 200009
8 58 400041
3 26 500006
16 27 300031
56 89 100010
36 73 500051
35 50 1000001
16 85 600005
56 71 100011
9 72 400007
32 71 1000001
14 20 900002
23 47 1000101
29 46 100011
40 53 600061
8 76 600061
55 85 700004
25 39 700071
79 83 800003
39 51 200021
26 46 100010
5 84 1000101
21 33 200009
11 72 400041
31 79 800003
3 49 100011
69 87 400007
12 56 700071
19 75 1000001
62 64 500051
0 14 1000101
13 86 400041
45 53 900002
81 83 100011
61 89 600061
14 41 500006
1 59 800081
17 44 800003
3 72 100010
27 66 800003
6 75 1000101
8 52 600005
3 60 200021
29 89 100011
8 27 700004
31 33 500006
10 30 700071
36 79 900002
16 18 900002
6 31 400041
50 73 800003
0 63 500006
3 77 800081
22 28 1000001
13 20 600061
16 31 200021
8 41 200021
20 63 800081
35 87 900002
51 88 500006
10 56 800003
11 49 700071
26 76 200021
26 88 1000001
15 66 600061
15 52 700071
28 79 400041
10 76 200009
10 26 800003
13 61 400007
17 86 700004
52 60 300008
41 62 200009
52 88 700004
9 10 700071
2 21 1000001
12 43 900091
42 68 800081
18 85 100010
51 72 100011
27 74 700071
45 78 900091
4 78 900091
67 68 900091
8 10 400041
43 88 300008
7 61 800081
49 82 600061
30 79 700071
25 53 300031
48 71 200021
56 57 700071
4 73 1000101
23 25 800081
23 61 1000001
5 10 700071
57 81 800003
27 54 1000001
75 77 600061
23 38 300031
28 86 400007
5 68 500006
20 85 100011
3 80 400041
4 82 600005
25 77 300008
47 51 800081
15 40 100011
2 57 500006
30 48 500006
10 65 800081
68 87 600005
52 57 900091
50 82 600061
37 42 900091
11 26 900091
0 78 200021
50 52 600061
29 40 800081
29 77 200009
64 65 500051
7 46 200021
23 68 200021
16 57 500051
0 76 1000001
38 87 300031
26 35 100011
11 24 700004
21 43 800003
84 89 900002
39 61 300008
62 74 300008
22 42 100011
54 65 600061
63 64 600005
12 78 100011
17 70 500006
21 39 300031
13 89 900091
54 89 600005
51 70 700004
5 14 100010
42 73 300031
14 71 300031
29 85 200021
9 58 200009
48 56 300008
11 81 600005
76 78 700004
23 44 700004
4 5 600005
50 76 700071
77 87 600061
41 57 100010
