EDGELIST
100 400 1 100000200
65 94 1300033
55 92 799993
21 81 1100013
50 83 1800083
26 97 699994
33 53 1300033
2 45 299998
38 92 1300033
61 98 1
61 64 1200023
29 31 1800083
17 35 199999
35 77 399997
17 27 1
4 7 1400043
14 78 1400043
17 98 1800083
17 75 1200023
7 65 699994
26 86 199999
46 85 1900093
6 20 1400043
6 15 199999
36 54 1700073
59 79 1900093
73 80 899992
6 43 1200023
7 19 1100013
47 92 1200023
13 52 1300033
26 81 799993
13 18 1
37 58 1700073
84 87 1600063
17 58 1700073
3 78 199999
22 33 1800083
50 71 1400043
16 17 299998
44 75 599995
17 91 1800083
21 70 1700073
66 98 1900093
8 24 799993
34 53 199999
16 26 1100013
70 96 1400043
60 86 1400043
27 76 1200023
7 63 1200023
12 62 1100013
29 47 899992
38 71 1800083
74 77 100000
58 97 100000
49 99 499996
25 45 699994
7 91 1800083
5 36 1200023
12 89 1300033
8 96 699994
59 90 1600063
42 71 299998
24 51 299998
36 43 1600063
5 69 899992
6 56 100000
28 52 2000103
6 68 699994
7 57 199999
18 34 1
4 18 1200023
6 78 1800083
53 55 399997
29 58 1
20 26 199999
18 22 1900093
8 21 1800083
29 81 1100013
9 10 1200023
12 28 1600063
25 37 299998
18 85 299998
41 86 499996
45 86 1500053
11 90 1500053
26 44 399997
17 88 1100013
92 99 499996
42 81 100000
18 82 699994
30 34 1500053
2 72 1300033
2 4 1700073
39 64 599995
1 51 299998
34 85 299998
65 80 499996
19 43 199999
64 91 1400043
1 79 1200023
31 82 299998
71 89 1300033
68 69 699994
10 46 1
45 51 799993
71 98 399997
36 61 1
2 76 1100013
70 98 2000103
9 14 1900093
12 53 100000
26 63 2000103
34 89 1800083
14 46 299998
59 65 799993
24 53 799993
44 91 299998
5 84 399997
8 31 100000
23 99 1300033
32 58 199999
30 80 1900093
25 87 699994
30 69 1500053
38 96 1
27 79 1500053
4 62 399997
67 92 1400043
42 67 499996
15 99 100000
70 75 599995
9 30 699994
23 52 1100013
52 77 399997
55 70 199999
19 53 499996
28 43 599995
41 85 1500053
16 31 599995
35 49 799993
24 76 1900093
83 94 299998
3 65 1200023
14 69 499996
53 88 1400043
66 70 100000
63 72 399997
2 3 1400043
57 66 1900093
3 77 1800083
6 58 1800083
44 90 1600063
0 62 100000
56 96 1200023
46 63 1
43 85 1500053
39 90 799993
31 56 699994
16 18 100000
56 81 499996
4 6 399997
58 84 299998
44 47 1
11 32 899992
66 67 799993
78 81 1900093
64 98 1800083
52 79 699994
5 44 100000
6 25 1700073
33 58 1500053
57 78 1200023
79 86 1700073
3 99 1100013
5 29 1800083
51 58 100000
28 85 1600063
7 95 299998
55 66 1
45 83 1500053
53 95 1600063
63 93 299998
15 74 299998
44 74 100000
0 48 1
0 74 799993
48 66 1500053
40 43 699994
72 74 1600063
55 81 599995
3 70 1900093
46 69 1400043
11 24 699994
14 30 100000
50 74 699994
54 84 399997
44 45 799993
43 78 299998
66 93 1100013
17 50 699994
4 93 799993
0 35 1300033
38 43 1500053
31 83 199999
48 78 1700073
86 87 599995
56 83 899992
61 78 2000103
23 98 1800083
22 38 1900093
23 81 599995
52 58 1100013
43 61 199999
37 98 799993
11 77 899992
49 70 699994
73 93 1100013
50 86 399997
34 40 899992
1 15 599995
10 72 1100013
29 54 1600063
61 71 1700073
34 71 1900093
54 99 399997
2 80 399997
11 80 499996
50 93 1400043
64 75 1500053
52 62 1300033
47 70 1800083
70 94 699994
62 67 1700073
0 16 2000103
65 96 1900093
29 65 1
15 30 1700073
63 75 1300033
39 51 1200023
2 11 1300033
2 61 1
81 83 1100013
41 44 2000103
10 45 1800083
14 68 1200023
19 81 599995
31 57 1800083
23 38 1300033
32 46 1500053
71 88 1400043
60 81 100000
6 65 899992
54 78 1800083
22 78 1200023
46 96 599995
46 77 100000
4 70 499996
42 58 1400043
86 89 1500053
16 93 1300033
30 97 199999
1 90 599995
13 36 1400043
48 84 2000103
21 96 299998
10 82 499996
6 45 1300033
33 49 2000103
16 35 1900093
20 64 1200023
43 51 699994
68 90 1100013
12 26 1300033
11 76 399997
81 84 1100013
1 20 1800083
39 76 499996
4 82 1
38 57 1700073
6 29 100000
6 26 299998
62 71 100000
24 87 1
53 98 2000103
47 91 1
19 70 899992
36 55 1700073
60 84 1100013
53 57 1100013
64 89 1700073
33 47 1500053
57 89 1400043
37 92 1800083
13 43 1700073
33 36 399997
83 90 799993
50 81 1900093
33 93 299998
3 58 199999
59 82 299998
5 80 1600063
19 79 1600063
9 92 599995
37 49 599995
53 67 1100013
6 73 1600063
2 59 799993
22 54 799993
56 93 899992
40 84 1800083
6 86 1700073
66 74 1
83 89 1400043
66 89 2000103
59 89 100000
51 82 100000
28 36 1900093
75 89 2000103
47 61 1900093
12 51 699994
43 81 1
61 84 599995
10 89 799993
19 62 1800083
7 59 399997
1 29 799993
90 91 1
15 46 1800083
71 91 1800083
8 78 100000
21 61 1100013
59 63 1700073
29 32 799993
46 91 899992
58 94 1600063
31 79 1800083
46 70 699994
73 79 599995
10 32 1700073
11 63 1800083
10 74 199999
8 60 1400043
93 97 1700073
31 35 1800083
25 90 899992
14 17 599995
25 97 699994
68 75 2000103
2 41 399997
45 88 299998
11 95 1100013
15 87 1900093
16 62 2000103
7 24 1800083
40 83 1200023
9 80 199999
66 96 1900093
51 52 1800083
2 10 599995
13 78 599995
69 73 699994
28 55 799993
24 45 1200023
0 45 2000103
36 50 1300033
47 71 1400043
67 69 100000
13 60 1600063
27 96 1900093
54 65 799993
57 82 1100013
20 88 399997
36 86 1900093
7 8 2000103
42 62 1300033
20 38 1300033
58 65 1200023
33 55 1100013
36 63 1100013
37 99 899992
0 53 499996
60 83 799993
51 80 1800083
15 80 299998
27 42 1600063
22 41 799993
22 32 399997
30 51 1700073
83 92 1400043
19 45 1600063
79 93 1300033
59 76 199999
77 79 899992
22 93 499996
46 59 1800083
42 52 299998
10 90 199999
66 78 1600063
59 77 1500053
