EDGELIST
150 600 1 150000300
54 115 1400043
135 148 1900093
45 90 499996
26 99 1400043
79 87 1700073
47 71 1400043
66 83 499996
86 95 100000
80 115 299998
30 44 1900093
63 97 1700073
111 117 299998
0 124 799993
39 116 1500053
55 59 2000103
81 93 1300033
46 85 299998
22 66 1300033
67 90 299998
59 72 899992
42 132 2000103
22 57 799993
29 77 1500053
66 85 299998
30 109 699994
69 130 1500053
59 139 100000
11 61 1200023
9 98 1100013
67 98 1900093
14 125 1700073
44 147 1
6 136 1700073
90 93 699994
13 36 1100013
24 103 799993
53 82 799993
37 138 1600063
94 105 100000
56 106 100000
54 93 799993
4 29 1100013
11 71 1100013
33 65 1700073
49 144 1400043
72 90 100000
72 141 1400043
116 136 399997
26 137 199999
31 90 1200023
28 50 799993
21 65 100000
19 38 1700073
40 75 899992
36 61 1400043
42 61 1
63 115 1400043
123 141 1800083
28 95 1200023
32 101 100000
62 116 699994
38 144 1300033
7 118 2000103
81 95 199999
52 94 799993
42 85 499996
54 141 1900093
71 122 1
7 22 1700073
77 139 899992
125 141 799993
58 79 1
92 121 799993
50 76 1700073
9 120 899992
20 110 599995
44 102 599995
39 108 1
73 113 1900093
12 53 100000
85 97 499996
64 96 299998
8 15 1200023
42 88 1700073
99 124 1700073
45 78 499996
99 115 1300033
46 53 1400043
48 68 1700073
46 60 299998
101 139 1400043
36 59 1900093
3 4 1700073
27 140 699994
30 121 599995
37 136 599995
110 133 799993
0 91 2000103
57 104 599995
6 20 1400043
81 121 1100013
86 107 1500053
68 110 1700073
13 149 1500053
29 54 1600063
60 130 499996
107 113 100000
3 77 1800083
8 10 1400043
131 138 799993
59 102 799993
130 140 1400043
36 64 1600063
115 129 1
53 145 1600063
49 136 2000103
11 19 1300033
23 32 499996
16 76 1700073
13 106 1300033
44 134 1400043
56 76 299998
28 112 1600063
18 33 899992
62 136 799993
6 71 1300033
84 104 1700073
3 38 1900093
8 21 199999
12 115 1400043
15 52 1600063
60 118 1200023
11 56 1800083
102 135 299998
33 42 1600063
28 80 1400043
38 146 1
143 145 1
88 117 1100013
8 132 199999
2 123 1100013
106 108 2000103
46 63 1
93 113 1500053
0 112 799993
8 47 100000
8 51 100000
63 93 299998
15 124 299998
14 80 100000
17 121 1600063
110 144 1800083
6 45 399997
21 108 1800083
14 129 1500053
32 136 399997
83 105 599995
41 91 2000103
41 60 199999
110 116 899992
26 70 199999
22 83 1300033
87 148 1600063
26 134 1
116 137 1600063
124 140 1200023
95 146 1
84 119 100000
3 137 199999
2 41 399997
90 121 1100013
6 96 1800083
43 111 199999
66 114 1800083
80 101 1700073
1 93 699994
35 49 799993
101 146 299998
18 71 399997
43 112 1300033
140 142 1400043
4 9 1100013
87 101 299998
59 129 1900093
87 134 2000103
9 46 1800083
1 3 799993
12 136 1900093
128 131 1900093
12 23 1
46 125 1200023
4 127 1400043
39 142 1900093
51 56 899992
1 130 199999
130 149 199999
25 47 699994
69 132 1800083
36 96 1900093
79 145 1800083
83 108 2000103
13 26 2000103
15 71 1100013
7 16 1900093
27 117 1
56 91 1300033
36 105 1600063
0 65 1700073
109 131 1700073
83 88 1900093
9 138 299998
32 74 1300033
33 86 399997
92 134 699994
93 119 1900093
21 98 1800083
11 112 899992
7 38 1700073
14 84 1400043
43 134 1400043
125 135 499996
11 96 299998
13 110 1600063
37 149 1600063
8 52 1100013
98 111 1
30 81 1
40 134 899992
43 50 1400043
67 84 100000
47 133 299998
46 56 1200023
67 114 599995
39 139 599995
35 41 1500053
43 136 1600063
99 135 1900093
96 114 299998
25 106 399997
39 43 899992
14 110 599995
25 105 1
32 71 699994
76 131 399997
72 79 699994
13 77 2000103
50 82 1600063
86 133 1200023
31 109 199999
28 48 1700073
1 101 699994
18 102 1100013
58 134 1200023
36 100 1300033
110 132 1700073
75 93 499996
85 108 899992
7 74 1800083
27 33 1500053
68 69 1900093
17 103 899992
137 144 1600063
55 83 1100013
1 65 599995
40 135 1500053
35 81 1800083
57 123 799993
87 90 399997
60 109 1800083
57 128 1200023
59 114 1900093
106 116 1900093
97 133 1
3 145 1100013
67 82 1300033
122 132 599995
89 105 100000
100 125 299998
32 126 799993
16 98 1400043
105 108 699994
22 68 1900093
63 73 899992
55 60 599995
30 105 1600063
5 53 399997
3 132 399997
87 146 599995
30 126 299998
106 128 1200023
1 44 499996
0 53 499996
24 101 299998
60 104 2000103
93 100 100000
33 140 799993
41 100 1200023
22 52 1300033
13 80 399997
31 33 1600063
80 120 2000103
73 79 1200023
104 127 1900093
42 50 599995
3 111 1900093
21 83 199999
6 28 1800083
2 46 199999
18 43 1900093
46 74 399997
55 86 1700073
123 149 2000103
6 52 1700073
62 98 2000103
73 110 199999
15 88 1300033
17 75 1700073
61 66 1
66 120 1100013
2 111 1
36 94 299998
62 71 100000
130 132 199999
14 121 299998
135 136 699994
85 137 1400043
23 38 1300033
7 115 699994
70 142 799993
9 38 1100013
119 122 100000
90 101 2000103
17 98 1200023
4 112 399997
34 72 599995
79 144 299998
31 58 1800083
15 81 1600063
30 130 1900093
112 130 1
0 148 1
114 141 1100013
47 118 1600063
34 74 799993
23 123 199999
31 108 1300033
69 101 199999
20 88 399997
27 143 1100013
84 112 1900093
50 67 1300033
131 146 1
37 146 1700073
65 86 399997
63 131 399997
35 80 299998
3 78 499996
55 89 499996
19 52 499996
4 58 199999
85 144 699994
64 82 100000
125 138 799993
23 138 1500053
95 122 599995
3 70 1
64 103 699994
31 116 599995
119 129 1600063
78 127 2000103
17 120 1800083
78 148 1
10 95 1800083
19 45 599995
12 130 199999
112 128 299998
49 142 499996
53 87 699994
41 44 499996
48 93 1500053
46 62 1100013
21 127 399997
49 126 100000
65 113 1100013
34 92 1
68 106 699994
39 55 100000
39 90 799993
66 115 1300033
139 147 299998
78 101 799993
40 51 199999
125 139 2000103
51 132 1300033
34 53 199999
92 103 2000103
66 94 1500053
52 133 1700073
50 132 1400043
47 143 599995
108 116 1700073
16 119 599995
129 132 799993
64 112 2000103
16 18 100000
16 101 1800083
66 70 2000103
40 105 100000
62 110 1400043
26 43 299998
18 30 499996
50 143 2000103
129 134 299998
123 126 299998
111 149 1
107 119 1100013
79 120 1700073
41 110 399997
70 105 1600063
49 120 699994
77 142 1600063
40 110 199999
37 148 799993
115 148 1
21 100 1400043
8 72 1600063
26 135 2000103
55 119 899992
103 149 1900093
76 101 1500053
31 125 899992
10 44 2000103
27 61 899992
49 114 1900093
95 121 1500053
18 106 1300033
42 62 1300033
35 44 399997
27 75 100000
11 98 1200023
9 112 399997
64 130 2000103
86 117 899992
26 94 399997
7 143 399997
63 123 599995
29 147 1800083
53 125 1100013
54 132 1
17 77 799993
34 120 1300033
36 37 1700073
39 56 1400043
39 145 699994
20 57 399997
72 78 1200023
8 9 1700073
57 117 1500053
5 120 1800083
120 148 2000103
123 132 299998
9 42 599995
30 69 599995
103 129 399997
1 139 2000103
58 83 1200023
105 134 1800083
103 131 1800083
42 105 799993
21 84 1900093
30 51 1800083
5 40 1200023
20 137 1300033
2 104 1700073
17 84 199999
24 86 1500053
26 105 1200023
48 141 399997
12 101 1400043
8 137 1700073
30 84 1500053
96 133 1600063
41 47 1
2 11 1300033
94 103 599995
69 112 499996
40 109 1500053
38 87 1200023
2 60 599995
54 112 1700073
77 89 499996
41 136 499996
0 13 699994
8 92 1700073
124 147 499996
31 113 299998
127 131 699994
16 77 2000103
10 39 799993
44 95 799993
111 129 1600063
51 145 799993
96 101 299998
10 120 1500053
96 111 899992
41 42 1100013
37 81 1100013
34 61 599995
60 81 100000
45 61 1300033
2 119 599995
44 139 2000103
36 111 1
86 111 1
26 53 699994
134 146 499996
94 116 1300033
112 118 699994
13 90 799993
107 133 899992
24 52 1300033
24 59 1600063
111 138 799993
89 107 199999
45 125 699994
72 137 799993
0 127 499996
37 94 799993
78 107 1100013
90 146 1200023
53 144 1
4 7 1400043
81 125 100000
143 146 799993
23 108 899992
10 71 299998
7 8 199999
94 96 100000
14 67 699994
51 52 1800083
28 102 2000103
59 86 899992
20 131 899992
35 84 299998
19 93 199999
29 128 1
78 93 1900093
21 119 899992
29 31 1200023
138 140 1
95 103 100000
43 51 799993
28 99 299998
17 116 299998
45 77 1600063
88 108 1900093
32 72 399997
122 128 499996
2 7 1400043
24 139 1800083
55 111 799993
12 70 100000
0 147 399997
5 34 399997
87 93 599995
111 141 1800083
65 146 1800083
27 35 399997
29 111 1400043
87 143 100000
17 78 2000103
69 90 1
34 65 1500053
40 106 1200023
27 36 599995
34 91 199999
54 118 1700073
98 127 2000103
56 100 499996
123 142 2000103
44 121 1600063
13 62 1600063
43 78 599995
0 133 1800083
29 51 799993
107 112 599995
34 108 599995
64 94 2000103
66 109 1600063
25 72 899992
16 143 1100013
105 149 1700073
56 122 1600063
61 113 1800083
47 117 1900093
7 104 899992
9 43 1500053
0 9 299998
12 16 2000103
54 130 2000103
