EDGELIST
150 600 2 14250966
54 115 400041
135 148 900091
45 90 500006
26 99 400041
79 87 700071
47 71 400041
66 83 500006
86 95 900002
80 115 700004
30 44 900091
63 97 700071
111 117 700004
0 124 200009
39 116 500051
55 59 1000101
81 93 300031
46 85 700004
22 66 300031
67 90 700004
59 72 100010
42 132 1000101
22 57 200009
29 77 500051
66 85 700004
30 109 300008
69 130 500051
59 139 900002
11 61 200021
9 98 100011
67 98 900091
14 125 700071
44 147 1000001
6 136 700071
90 93 300008
13 36 100011
24 103 200009
53 82 200009
37 138 600061
94 105 900002
56 106 900002
54 93 200009
4 29 100011
11 71 100011
33 65 700071
49 144 400041
72 90 900002
72 141 400041
116 136 600005
26 137 800003
31 90 200021
28 50 200009
21 65 900002
19 38 700071
40 75 100010
36 61 400041
42 61 1000001
63 115 400041
123 141 800081
28 95 200021
32 101 900002
62 116 300008
38 144 300031
7 118 1000101
81 95 800003
52 94 200009
42 85 500006
54 141 900091
71 122 1000001
7 22 700071
77 139 100010
125 141 200009
58 79 1000001
92 121 200009
50 76 700071
9 120 100010
20 110 400007
44 102 400007
39 108 1000001
73 113 900091
12 53 900002
85 97 500006
64 96 700004
8 15 200021
42 88 700071
99 124 700071
45 78 500006
99 115 300031
46 53 400041
48 68 700071
46 60 700004
101 139 400041
36 59 900091
3 4 700071
27 140 300008
30 121 400007
37 136 400007
110 133 200009
0 91 1000101
57 104 400007
6 20 400041
81 121 100011
86 107 500051
68 110 700071
13 149 500051
29 54 600061
60 130 500006
107 113 900002
3 77 800081
8 10 400041
131 138 200009
59 102 200009
130 140 400041
36 64 600061
115 129 1000001
53 145 600061
49 136 1000101
11 19 300031
23 32 500006
16 76 700071
13 106 300031
44 134 400041
56 76 700004
28 112 600061
18 33 100010
62 136 200009
6 71 300031
84 104 700071
3 38 900091
8 21 800003
12 115 400041
15 52 600061
60 118 200021
11 56 800081
102 135 700004
33 42 600061
28 80 400041
38 146 1000001
143 145 1000001
88 117 100011
8 132 800003
2 123 100011
106 108 1000101
46 63 1000001
93 113 500051
0 112 200009
8 47 900002
8 51 900002
63 93 700004
15 124 700004
14 80 900002
17 121 600061
110 144 800081
6 45 600005
21 108 800081
14 129 500051
32 136 600005
83 105 400007
41 91 1000101
41 60 800003
110 116 100010
26 70 800003
22 83 300031
87 148 600061
26 134 1000001
116 137 600061
124 140 200021
95 146 1000001
84 119 900002
3 137 800003
2 41 600005
90 121 100011
6 96 800081
43 111 800003
66 114 800081
80 101 700071
1 93 300008
35 49 200009
101 146 700004
18 71 600005
43 112 300031
140 142 400041
4 9 100011
87 101 700004
59 129 900091
87 134 1000101
9 46 800081
1 3 200009
12 136 900091
128 131 900091
12 23 1000001
46 125 200021
4 127 400041
39 142 900091
51 56 100010
1 130 800003
130 149 800003
25 47 300008
69 132 800081
36 96 900091
79 145 800081
83 108 1000101
13 26 1000101
15 71 100011
7 16 900091
27 117 1000001
56 91 300031
36 105 600061
0 65 700071
109 131 700071
83 88 900091
9 138 700004
32 74 300031
33 86 600005
92 134 300008
93 119 900091
21 98 800081
11 112 100010
7 38 700071
14 84 400041
43 134 400041
125 135 500006
11 96 700004
13 110 600061
37 149 600061
8 52 100011
98 111 1000001
30 81 1000001
40 134 100010
43 50 400041
67 84 900002
47 133 700004
46 56 200021
67 114 400007
39 139 400007
35 41 500051
43 136 600061
99 135 900091
96 114 700004
25 106 600005
39 43 100010
14 110 400007
25 105 1000001
32 71 300008
76 131 600005
72 79 300008
13 77 1000101
50 82 600061
86 133 200021
31 109 800003
28 48 700071
1 101 300008
18 102 100011
58 134 200021
36 100 300031
110 132 700071
75 93 500006
85 108 100010
7 74 800081
27 33 500051
68 69 900091
17 103 100010
137 144 600061
55 83 100011
1 65 400007
40 135 500051
35 81 800081
57 123 200009
87 90 600005
60 109 800081
57 128 200021
59 114 900091
106 116 900091
97 133 1000001
3 145 100011
67 82 300031
122 132 400007
89 105 900002
100 125 700004
32 126 200009
16 98 400041
105 108 300008
22 68 900091
63 73 100010
55 60 400007
30 105 600061
5 53 600005
3 132 600005
87 146 400007
30 126 700004
106 128 200021
1 44 500006
0 53 500006
24 101 700004
60 104 1000101
93 100 900002
33 140 200009
41 100 200021
22 52 300031
13 80 600005
31 33 600061
80 120 1000101
73 79 200021
104 127 900091
42 50 400007
3 111 900091
21 83 800003
6 28 800081
2 46 800003
18 43 900091
46 74 600005
55 86 700071
123 149 1000101
6 52 700071
62 98 1000101
73 110 800003
15 88 300031
17 75 700071
61 66 1000001
66 120 100011
2 111 1000001
36 94 700004
62 71 900002
130 132 800003
14 121 700004
135 136 300008
85 137 400041
23 38 300031
7 115 300008
70 142 200009
9 38 100011
119 122 900002
90 101 1000101
17 98 200021
4 112 600005
34 72 400007
79 144 700004
31 58 800081
15 81 600061
30 130 900091
112 130 1000001
0 148 1000001
114 141 100011
47 118 600061
34 74 200009
23 123 800003
31 108 300031
69 101 800003
20 88 600005
27 143 100011
84 112 900091
50 67 300031
131 146 1000001
37 146 700071
65 86 600005
63 131 600005
35 80 700004
3 78 500006
55 89 500006
19 52 500006
4 58 800003
85 144 300008
64 82 900002
125 138 200009
23 138 500051
95 122 400007
3 70 1000001
64 103 300008
31 116 400007
119 129 600061
78 127 1000101
17 120 800081
78 148 1000001
10 95 800081
19 45 400007
12 130 800003
112 128 700004
49 142 500006
53 87 300008
41 44 500006
48 93 500051
46 62 100011
21 127 600005
49 126 900002
65 113 100011
34 92 1000001
68 106 300008
39 55 900002
39 90 200009
66 115 300031
139 147 700004
78 101 200009
40 51 800003
125 139 1000101
51 132 300031
34 53 800003
92 103 1000101
66 94 500051
52 133 700071
50 132 400041
47 143 400007
108 116 700071
16 119 400007
129 132 200009
64 112 1000101
16 18 900002
16 101 800081
66 70 1000101
40 105 900002
62 110 400041
26 43 700004
18 30 500006
50 143 1000101
129 134 700004
123 126 700004
111 149 1000001
107 119 100011
79 120 700071
41 110 600005
70 105 600061
49 120 300008
77 142 600061
40 110 800003
37 148 200009
115 148 1000001
21 100 400041
8 72 600061
26 135 1000101
55 119 100010
103 149 900091
76 101 500051
31 125 100010
10 44 1000101
27 61 100010
49 114 900091
95 121 500051
18 106 300031
42 62 300031
35 44 600005
27 75 900002
11 98 200021
9 112 600005
64 130 1000101
86 117 100010
26 94 600005
7 143 600005
63 123 400007
29 147 800081
53 125 100011
54 132 1000001
17 77 200009
34 120 300031
36 37 700071
39 56 400041
39 145 300008
20 57 600005
72 78 200021
8 9 700071
57 117 500051
5 120 800081
120 148 1000101
123 132 700004
9 42 400007
30 69 400007
103 129 600005
1 139 1000101
58 83 200021
105 134 800081
103 131 800081
42 105 200009
21 84 900091
30 51 800081
5 40 200021
20 137 300031
2 104 700071
17 84 800003
24 86 500051
26 105 200021
48 141 600005
12 101 400041
8 137 700071
30 84 500051
96 133 600061
41 47 1000001
2 11 300031
94 103 400007
69 112 500006
40 109 500051
38 87 200021
2 60 400007
54 112 700071
77 89 500006
41 136 500006
0 13 300008
8 92 700071
124 147 500006
31 113 700004
127 131 300008
16 77 1000101
10 39 200009
44 95 200009
111 129 600061
51 145 200009
96 101 700004
10 120 500051
96 111 100010
41 42 100011
37 81 100011
34 61 400007
60 81 900002
45 61 300031
2 119 400007
44 139 1000101
36 111 1000001
86 111 1000001
26 53 300008
134 146 500006
94 116 300031
112 118 300008
13 90 200009
107 133 100010
24 52 300031
24 59 600061
111 138 200009
89 107 800003
45 125 300008
72 137 200009
0 127 500006
37 94 200009
78 107 100011
90 146 200021
53 144 1000001
4 7 400041
81 125 900002
143 146 200009
23 108 100010
10 71 700004
7 8 800003
94 96 900002
14 67 300008
51 52 800081
28 102 1000101
59 86 100010
20 131 100010
35 84 700004
19 93 800003
29 128 1000001
78 93 900091
21 119 100010
29 31 200021
138 140 1000001
95 103 900002
43 51 200009
28 99 700004
17 116 700004
45 77 600061
88 108 900091
32 72 600005
122 128 500006
2 7 400041
24 139 800081
55 111 200009
12 70 900002
0 147 600005
5 34 600005
87 93 400007
111 141 800081
65 146 800081
27 35 600005
29 111 400041
87 143 900002
17 78 1000101
69 90 1000001
34 65 500051
40 106 200021
27 36 400007
34 91 800003
54 118 700071
98 127 1000101
56 100 500006
123 142 1000101
44 121 600061
13 62 600061
43 78 400007
0 133 800081
29 51 200009
107 112 400007
34 108 400007
64 94 1000101
66 109 600061
25 72 100010
16 143 100011
105 149 700071
56 122 600061
61 113 800081
47 117 900091
7 104 100010
9 43 500051
0 9 700004
12 16 1000101
54 130 1000101
