EDGELIST
200 800 1 200000400
65 180 499996
159 190 1600063
115 187 1900093
30 67 399997
41 192 1200023
64 124 1300033
149 173 2000103
45 125 699994
15 18 699994
12 197 1100013
4 176 1900093
11 79 1400043
165 193 599995
31 116 599995
149 193 1300033
51 194 499996
158 170 1800083
86 183 1
43 185 1500053
74 156 1600063
131 142 100000
15 81 1600063
16 17 299998
70 75 599995
99 137 899992
11 113 1700073
81 142 699994
1 101 1100013
20 193 100000
47 108 1
6 120 1400043
14 139 599995
70 152 599995
165 194 1300033
94 168 2000103
21 126 399997
157 166 1900093
17 150 699994
65 119 1
92 197 1200023
80 120 2000103
13 160 1600063
23 45 799993
128 155 799993
6 16 399997
71 138 1800083
18 82 499996
129 181 1100013
134 185 299998
170 191 1300033
71 135 599995
3 43 2000103
89 160 1900093
70 94 699994
60 81 100000
4 7 1400043
139 151 1200023
164 167 599995
63 72 399997
114 117 199999
38 157 1700073
74 150 699994
70 170 100000
19 162 1
8 123 1300033
35 49 799993
31 167 1800083
107 159 399997
31 184 1400043
44 90 1600063
71 189 1300033
70 168 699994
22 148 2000103
77 161 2000103
104 117 299998
16 18 100000
130 137 799993
164 197 599995
18 107 899992
33 196 499996
19 81 599995
40 184 199999
31 171 1700073
55 183 1100013
28 136 1900093
31 150 2000103
119 136 1400043
152 169 499996
89 159 100000
141 148 599995
44 46 1200023
53 133 1300033
132 135 399997
114 176 799993
140 184 1800083
27 121 599995
70 166 2000103
27 74 799993
115 180 299998
5 52 2000103
96 160 299998
63 111 1800083
90 161 2000103
11 180 499996
126 145 1300033
155 163 1700073
5 44 100000
33 193 299998
107 189 699994
1 115 599995
28 40 199999
98 117 1800083
102 145 299998
68 114 1200023
161 166 1
55 81 599995
41 141 2000103
48 87 299998
34 53 199999
4 87 2000103
169 177 1400043
15 106 199999
70 154 199999
64 72 299998
117 198 1200023
78 154 1900093
87 137 499996
79 134 299998
93 104 799993
25 188 699994
33 162 1600063
96 158 1300033
50 174 1400043
35 87 699994
46 179 1800083
44 126 399997
92 137 1800083
94 140 1100013
23 99 1300033
138 157 1700073
73 121 299998
57 162 599995
26 114 1300033
32 108 599995
33 55 1100013
81 140 1300033
133 172 1300033
31 153 699994
13 123 299998
145 188 299998
10 88 1
34 59 199999
77 198 2000103
23 178 1500053
127 145 1300033
171 199 699994
0 148 1
16 95 399997
121 167 100000
92 124 399997
147 159 599995
63 171 499996
66 106 399997
85 128 1600063
14 133 699994
44 165 100000
141 190 1600063
24 154 799993
139 176 499996
52 76 1700073
19 120 100000
70 100 899992
22 32 399997
80 128 299998
122 124 1300033
74 107 799993
25 97 699994
94 129 2000103
19 101 199999
86 150 399997
96 127 1900093
127 179 1500053
105 106 199999
123 146 1800083
7 124 1800083
38 104 1900093
66 178 1600063
83 94 299998
11 95 1100013
153 170 1
23 92 1200023
49 115 1700073
48 178 1700073
8 120 399997
87 190 1100013
44 55 399997
56 194 599995
3 77 1800083
45 151 799993
165 170 899992
129 161 1100013
37 199 1600063
89 90 1
34 182 1200023
29 54 1600063
28 43 599995
72 105 699994
58 98 799993
18 113 1
106 136 699994
145 173 1300033
142 158 1400043
120 134 1300033
87 97 2000103
72 166 899992
70 155 199999
168 181 599995
7 88 1900093
81 108 899992
22 62 1
183 194 799993
78 115 1900093
82 92 2000103
36 76 1200023
170 196 1400043
134 173 1100013
133 158 1500053
47 122 1900093
24 155 1200023
48 72 1
7 44 1600063
28 56 100000
107 124 1600063
93 166 1100013
117 153 899992
45 186 1500053
30 180 1900093
103 170 1900093
16 57 1500053
6 74 199999
98 112 899992
94 158 1600063
164 175 1500053
62 171 100000
154 168 1900093
24 29 1200023
27 165 2000103
20 73 299998
1 138 1100013
112 126 1300033
78 113 599995
47 62 599995
183 193 899992
50 151 899992
107 119 1100013
88 175 799993
70 146 699994
50 80 1400043
77 152 399997
26 126 1200023
117 127 799993
26 97 699994
136 168 399997
83 108 699994
57 193 399997
8 91 599995
79 152 699994
29 147 899992
93 116 1300033
8 84 1200023
175 188 1
43 106 1800083
43 146 1200023
1 186 499996
31 178 199999
175 196 1600063
29 101 799993
114 163 299998
83 157 899992
31 112 899992
54 96 799993
121 149 1800083
156 190 199999
75 82 1
53 155 399997
36 109 899992
163 180 1700073
35 148 1900093
117 135 199999
93 198 599995
54 102 599995
122 182 2000103
40 195 1800083
16 172 1300033
119 195 599995
94 97 1500053
20 166 2000103
156 181 499996
45 166 899992
14 72 100000
38 71 1300033
109 110 1200023
67 69 100000
158 177 1
95 133 1300033
24 69 2000103
48 84 2000103
31 177 699994
50 164 899992
1 57 599995
89 144 2000103
29 105 1800083
36 163 1100013
5 112 1700073
16 83 1900093
82 118 699994
51 158 100000
118 174 1400043
87 131 1100013
125 151 299998
11 114 1100013
19 143 199999
59 102 799993
110 132 1700073
112 189 1300033
61 81 1500053
23 187 499996
32 69 1800083
77 79 899992
153 181 499996
46 59 1800083
110 174 199999
156 196 399997
89 178 1400043
119 180 899992
46 138 1
2 11 1300033
76 130 599995
186 187 599995
4 82 1800083
72 111 1300033
7 39 1200023
103 196 599995
68 90 1100013
55 133 1300033
98 173 599995
16 79 1100013
21 65 1100013
53 88 1400043
109 138 899992
11 12 1
87 124 1
102 187 1700073
78 98 1
120 127 1
103 185 1200023
7 60 899992
70 128 1500053
59 149 1500053
72 99 1200023
51 94 399997
4 183 199999
6 168 699994
56 151 1700073
89 141 899992
13 195 299998
25 43 1300033
57 170 599995
136 169 299998
6 129 100000
38 86 1
129 195 1800083
132 155 1700073
1 66 1800083
27 117 1
116 159 1600063
114 149 1200023
107 195 299998
20 188 399997
11 196 299998
67 182 1200023
177 191 100000
126 131 2000103
57 133 1300033
6 136 1700073
46 90 699994
41 186 499996
151 180 1800083
9 42 1100013
79 192 2000103
53 131 1300033
21 110 299998
129 172 1200023
82 151 100000
87 110 899992
39 176 1300033
72 158 1100013
103 133 1600063
109 154 1100013
47 118 1600063
30 66 100000
147 183 299998
91 199 399997
85 186 899992
33 136 399997
113 169 1400043
30 160 599995
116 160 2000103
9 151 299998
36 96 1400043
61 184 599995
43 150 599995
35 131 1800083
20 85 299998
105 109 2000103
5 103 1700073
9 173 199999
124 196 399997
127 194 1600063
61 170 100000
79 82 299998
151 153 699994
168 172 299998
133 198 799993
149 181 1900093
26 86 2000103
30 154 1500053
58 180 1500053
31 156 1700073
87 176 199999
9 188 1200023
27 130 699994
18 104 1200023
44 164 2000103
124 184 1900093
4 41 399997
82 110 799993
159 174 1500053
14 188 2000103
121 157 199999
74 113 1800083
62 119 1800083
60 122 699994
36 196 1900093
74 182 499996
20 146 1900093
44 45 799993
20 155 1100013
91 171 1800083
8 21 1800083
93 122 499996
8 60 1400043
91 110 499996
3 82 399997
20 26 199999
23 73 599995
66 186 399997
47 71 1400043
127 161 1100013
49 114 399997
154 178 1800083
25 66 499996
22 46 1800083
57 153 1100013
117 145 1
29 155 1600063
86 160 1400043
89 186 1500053
118 139 1400043
17 191 1800083
4 146 1400043
57 78 1200023
4 62 399997
7 89 1400043
9 92 599995
126 180 299998
64 96 1200023
86 126 199999
15 182 199999
99 145 1800083
91 147 1
130 167 1800083
120 177 899992
95 180 1
22 135 1700073
39 71 1700073
152 184 899992
75 85 299998
3 113 1400043
69 139 1600063
32 180 199999
2 56 899992
68 178 599995
89 146 100000
142 185 499996
102 117 699994
36 150 799993
125 191 799993
21 56 1900093
60 177 1800083
77 96 899992
12 113 1900093
14 28 1600063
11 132 899992
41 133 1300033
97 186 899992
121 136 1100013
122 141 799993
10 86 1900093
6 48 299998
10 169 399997
11 24 199999
69 195 1400043
37 115 1700073
74 85 1600063
10 147 1200023
2 175 1200023
8 185 1
44 99 2000103
46 109 199999
142 171 299998
68 143 1900093
1 178 799993
116 151 1400043
149 188 1100013
89 193 899992
16 137 1600063
28 67 2000103
12 151 699994
23 152 1100013
1 132 1300033
76 188 1
12 195 1600063
145 183 1500053
124 157 1300033
122 178 1200023
136 150 1300033
97 124 499996
58 190 1
24 151 299998
69 173 699994
26 106 299998
80 118 1700073
157 185 1500053
143 178 299998
6 163 1300033
2 161 1
75 151 899992
15 130 1700073
174 180 599995
62 111 199999
43 74 1400043
99 188 899992
41 102 399997
45 153 100000
69 189 1400043
164 166 299998
95 167 1
6 56 100000
177 189 899992
103 132 799993
6 125 1700073
95 130 2000103
33 82 199999
9 131 1800083
52 158 1100013
88 109 1100013
77 118 399997
3 123 1700073
89 101 299998
29 58 1
21 190 1100013
75 168 2000103
142 186 1400043
116 144 1500053
5 84 399997
160 168 1200023
100 174 799993
10 182 499996
32 47 899992
71 108 1400043
13 50 1400043
124 125 299998
23 78 899992
28 179 1100013
63 73 899992
1 142 799993
9 76 1200023
59 176 899992
30 99 899992
50 193 1400043
92 145 1
73 113 1800083
106 173 1600063
107 165 699994
91 115 1600063
85 142 699994
102 103 1400043
13 166 199999
10 114 1700073
30 115 1
65 171 100000
186 193 599995
23 138 1300033
107 199 799993
125 141 1700073
17 175 1200023
75 140 1100013
155 166 1
94 180 599995
62 194 1500053
146 191 299998
21 181 100000
76 84 1
88 169 1100013
100 194 699994
88 105 1500053
72 74 1600063
127 184 799993
160 161 1200023
134 189 1800083
28 145 1400043
131 179 1800083
80 102 399997
143 173 100000
64 91 1400043
151 168 2000103
77 174 100000
150 190 299998
98 123 1800083
58 97 699994
62 112 1100013
153 167 1100013
38 96 1
89 110 1500053
37 196 599995
39 90 799993
45 172 499996
170 174 1500053
22 157 799993
41 56 1300033
52 115 1200023
14 130 100000
42 169 1800083
33 90 1900093
21 196 1900093
51 135 100000
11 111 1200023
55 186 1700073
51 191 699994
42 162 1300033
17 159 1700073
7 187 299998
45 96 1500053
16 62 2000103
72 131 1300033
83 140 1200023
65 127 1200023
121 197 299998
10 161 199999
57 82 1100013
3 54 1900093
55 193 199999
12 163 1800083
49 63 1500053
126 186 1600063
28 69 1500053
64 160 599995
12 53 100000
16 126 1100013
28 73 199999
118 134 1
22 163 1800083
76 102 1100013
49 71 1700073
101 103 799993
76 187 1100013
75 116 1
5 36 1200023
70 179 2000103
98 164 1800083
32 59 599995
64 102 899992
110 172 1100013
35 106 399997
29 131 1800083
144 175 599995
43 101 100000
149 199 499996
129 178 1
30 60 499996
16 130 199999
91 173 899992
58 105 1500053
89 179 199999
79 93 1300033
107 163 1200023
94 114 2000103
44 180 1900093
104 129 799993
28 155 1300033
107 157 199999
130 143 1500053
116 121 299998
102 128 1500053
73 193 1100013
7 40 1100013
14 169 499996
68 177 100000
101 151 299998
64 84 1400043
127 130 1800083
68 168 199999
162 165 1400043
38 120 1300033
71 167 1800083
98 197 1800083
26 43 299998
14 108 2000103
66 148 1500053
103 172 1
80 179 1
130 140 1500053
3 83 1700073
21 182 699994
47 80 399997
84 154 399997
87 155 599995
62 100 100000
67 192 1400043
37 189 799993
39 147 799993
18 148 1700073
13 85 2000103
151 152 1800083
146 177 100000
25 180 799993
44 193 499996
61 96 199999
10 45 1800083
2 194 599995
27 56 599995
19 68 699994
39 158 599995
3 88 199999
8 75 1500053
106 158 1700073
28 96 1600063
17 114 599995
46 169 499996
61 86 1400043
16 177 1500053
40 134 899992
71 110 1900093
91 142 2000103
25 181 1100013
108 122 1900093
51 140 2000103
0 157 1300033
19 39 1300033
83 161 1400043
108 124 799993
114 165 1700073
32 58 1100013
92 193 1400043
192 198 599995
28 152 2000103
121 170 1700073
38 115 1300033
44 166 199999
95 184 2000103
53 146 1900093
135 184 799993
46 160 199999
76 124 1900093
34 36 799993
92 189 1500053
47 90 1500053
37 98 799993
79 153 399997
63 109 699994
116 175 1300033
15 74 299998
25 104 1400043
107 132 2000103
58 125 599995
0 164 1900093
75 178 1900093
162 167 1700073
65 196 599995
150 192 1700073
150 171 399997
22 118 1900093
20 82 499996
55 190 2000103
107 185 1700073
161 164 1200023
17 50 1600063
24 53 799993
49 102 2000103
