EDGELIST
200 800 2 17401182
65 180 500006
159 190 600061
115 187 900091
30 67 600005
41 192 200021
64 124 300031
149 173 1000101
45 125 300008
15 18 300008
12 197 100011
4 176 900091
11 79 400041
165 193 400007
31 116 400007
149 193 300031
51 194 500006
158 170 800081
86 183 1000001
43 185 500051
74 156 600061
131 142 900002
15 81 600061
16 17 700004
70 75 400007
99 137 100010
11 113 700071
81 142 300008
1 101 100011
20 193 900002
47 108 1000001
6 120 400041
14 139 400007
70 152 400007
165 194 300031
94 168 1000101
21 126 600005
157 166 900091
17 150 300008
65 119 1000001
92 197 200021
80 120 1000101
13 160 600061
23 45 200009
128 155 200009
6 16 600005
71 138 800081
18 82 500006
129 181 100011
134 185 700004
170 191 300031
71 135 400007
3 43 1000101
89 160 900091
70 94 300008
60 81 900002
4 7 400041
139 151 200021
164 167 400007
63 72 600005
114 117 800003
38 157 700071
74 150 300008
70 170 900002
19 162 1000001
8 123 300031
35 49 200009
31 167 800081
107 159 600005
31 184 400041
44 90 600061
71 189 300031
70 168 300008
22 148 1000101
77 161 1000101
104 117 700004
16 18 900002
130 137 200009
164 197 400007
18 107 100010
33 196 500006
19 81 400007
40 184 800003
31 171 700071
55 183 100011
28 136 900091
31 150 1000101
119 136 400041
152 169 500006
89 159 900002
141 148 400007
44 46 200021
53 133 300031
132 135 600005
114 176 200009
140 184 800081
27 121 400007
70 166 1000101
27 74 200009
115 180 700004
5 52 1000101
96 160 700004
63 111 800081
90 161 1000101
11 180 500006
126 145 300031
155 163 700071
5 44 900002
33 193 700004
107 189 300008
1 115 400007
28 40 800003
98 117 800081
102 145 700004
68 114 200021
161 166 1000001
55 81 400007
41 141 1000101
48 87 700004
34 53 800003
4 87 1000101
169 177 400041
15 106 800003
70 154 800003
64 72 700004
117 198 200021
78 154 900091
87 137 500006
79 134 700004
93 104 200009
25 188 300008
33 162 600061
96 158 300031
50 174 400041
35 87 300008
46 179 800081
44 126 600005
92 137 800081
94 140 100011
23 99 300031
138 157 700071
73 121 700004
57 162 400007
26 114 300031
32 108 400007
33 55 100011
81 140 300031
133 172 300031
31 153 300008
13 123 700004
145 188 700004
10 88 1000001
34 59 800003
77 198 1000101
23 178 500051
127 145 300031
171 199 300008
0 148 1000001
16 95 600005
121 167 900002
92 124 600005
147 159 400007
63 171 500006
66 106 600005
85 128 600061
14 133 300008
44 165 900002
141 190 600061
24 154 200009
139 176 500006
52 76 700071
19 120 900002
70 100 100010
22 32 600005
80 128 700004
122 124 300031
74 107 200009
25 97 300008
94 129 1000101
19 101 800003
86 150 600005
96 127 900091
127 179 500051
105 106 800003
123 146 800081
7 124 800081
38 104 900091
66 178 600061
83 94 700004
11 95 100011
153 170 1000001
23 92 200021
49 115 700071
48 178 700071
8 120 600005
87 190 100011
44 55 600005
56 194 400007
3 77 800081
45 151 200009
165 170 100010
129 161 100011
37 199 600061
89 90 1000001
34 182 200021
29 54 600061
28 43 400007
72 105 300008
58 98 200009
18 113 1000001
106 136 300008
145 173 300031
142 158 400041
120 134 300031
87 97 1000101
72 166 100010
70 155 800003
168 181 400007
7 88 900091
81 108 100010
22 62 1000001
183 194 200009
78 115 900091
82 92 1000101
36 76 200021
170 196 400041
134 173 100011
133 158 500051
47 122 900091
24 155 200021
48 72 1000001
7 44 600061
28 56 900002
107 124 600061
93 166 100011
117 153 100010
45 186 500051
30 180 900091
103 170 900091
16 57 500051
6 74 800003
98 112 100010
94 158 600061
164 175 500051
62 171 900002
154 168 900091
24 29 200021
27 165 1000101
20 73 700004
1 138 100011
112 126 300031
78 113 400007
47 62 400007
183 193 100010
50 151 100010
107 119 100011
88 175 200009
70 146 300008
50 80 400041
77 152 600005
26 126 200021
117 127 200009
26 97 300008
136 168 600005
83 108 300008
57 193 600005
8 91 400007
79 152 300008
29 147 100010
93 116 300031
8 84 200021
175 188 1000001
43 106 800081
43 146 200021
1 186 500006
31 178 800003
175 196 600061
29 101 200009
114 163 700004
83 157 100010
31 112 100010
54 96 200009
121 149 800081
156 190 800003
75 82 1000001
53 155 600005
36 109 100010
163 180 700071
35 148 900091
117 135 800003
93 198 400007
54 102 400007
122 182 1000101
40 195 800081
16 172 300031
119 195 400007
94 97 500051
20 166 1000101
156 181 500006
45 166 100010
14 72 900002
38 71 300031
109 110 200021
67 69 900002
158 177 1000001
95 133 300031
24 69 1000101
48 84 1000101
31 177 300008
50 164 100010
1 57 400007
89 144 1000101
29 105 800081
36 163 100011
5 112 700071
16 83 900091
82 118 300008
51 158 900002
118 174 400041
87 131 100011
125 151 700004
11 114 100011
19 143 800003
59 102 200009
110 132 700071
112 189 300031
61 81 500051
23 187 500006
32 69 800081
77 79 100010
153 181 500006
46 59 800081
110 174 800003
156 196 600005
89 178 400041
119 180 100010
46 138 1000001
2 11 300031
76 130 400007
186 187 400007
4 82 800081
72 111 300031
7 39 200021
103 196 400007
68 90 100011
55 133 300031
98 173 400007
16 79 100011
21 65 100011
53 88 400041
109 138 100010
11 12 1000001
87 124 1000001
102 187 700071
78 98 1000001
120 127 1000001
103 185 200021
7 60 100010
70 128 500051
59 149 500051
72 99 200021
51 94 600005
4 183 800003
6 168 300008
56 151 700071
89 141 100010
13 195 700004
25 43 300031
57 170 400007
136 169 700004
6 129 900002
38 86 1000001
129 195 800081
132 155 700071
1 66 800081
27 117 1000001
116 159 600061
114 149 200021
107 195 700004
20 188 600005
11 196 700004
67 182 200021
177 191 900002
126 131 1000101
57 133 300031
6 136 700071
46 90 300008
41 186 500006
151 180 800081
9 42 100011
79 192 1000101
53 131 300031
21 110 700004
129 172 200021
82 151 900002
87 110 100010
39 176 300031
72 158 100011
103 133 600061
109 154 100011
47 118 600061
30 66 900002
147 183 700004
91 199 600005
85 186 100010
33 136 600005
113 169 400041
30 160 400007
116 160 1000101
9 151 700004
36 96 400041
61 184 400007
43 150 400007
35 131 800081
20 85 700004
105 109 1000101
5 103 700071
9 173 800003
124 196 600005
127 194 600061
61 170 900002
79 82 700004
151 153 300008
168 172 700004
133 198 200009
149 181 900091
26 86 1000101
30 154 500051
58 180 500051
31 156 700071
87 176 800003
9 188 200021
27 130 300008
18 104 200021
44 164 1000101
124 184 900091
4 41 600005
82 110 200009
159 174 500051
14 188 1000101
121 157 800003
74 113 800081
62 119 800081
60 122 300008
36 196 900091
74 182 500006
20 146 900091
44 45 200009
20 155 100011
91 171 800081
8 21 800081
93 122 500006
8 60 400041
91 110 500006
3 82 600005
20 26 800003
23 73 400007
66 186 600005
47 71 400041
127 161 100011
49 114 600005
154 178 800081
25 66 500006
22 46 800081
57 153 100011
117 145 1000001
29 155 600061
86 160 400041
89 186 500051
118 139 400041
17 191 800081
4 146 400041
57 78 200021
4 62 600005
7 89 400041
9 92 400007
126 180 700004
64 96 200021
86 126 800003
15 182 800003
99 145 800081
91 147 1000001
130 167 800081
120 177 100010
95 180 1000001
22 135 700071
39 71 700071
152 184 100010
75 85 700004
3 113 400041
69 139 600061
32 180 800003
2 56 100010
68 178 400007
89 146 900002
142 185 500006
102 117 300008
36 150 200009
125 191 200009
21 56 900091
60 177 800081
77 96 100010
12 113 900091
14 28 600061
11 132 100010
41 133 300031
97 186 100010
121 136 100011
122 141 200009
10 86 900091
6 48 700004
10 169 600005
11 24 800003
69 195 400041
37 115 700071
74 85 600061
10 147 200021
2 175 200021
8 185 1000001
44 99 1000101
46 109 800003
142 171 700004
68 143 900091
1 178 200009
116 151 400041
149 188 100011
89 193 100010
16 137 600061
28 67 1000101
12 151 300008
23 152 100011
1 132 300031
76 188 1000001
12 195 600061
145 183 500051
124 157 300031
122 178 200021
136 150 300031
97 124 500006
58 190 1000001
24 151 700004
69 173 300008
26 106 700004
80 118 700071
157 185 500051
143 178 700004
6 163 300031
2 161 1000001
75 151 100010
15 130 700071
174 180 400007
62 111 800003
43 74 400041
99 188 100010
41 102 600005
45 153 900002
69 189 400041
164 166 700004
95 167 1000001
6 56 900002
177 189 100010
103 132 200009
6 125 700071
95 130 1000101
33 82 800003
9 131 800081
52 158 100011
88 109 100011
77 118 600005
3 123 700071
89 101 700004
29 58 1000001
21 190 100011
75 168 1000101
142 186 400041
116 144 500051
5 84 600005
160 168 200021
100 174 200009
10 182 500006
32 47 100010
71 108 400041
13 50 400041
124 125 700004
23 78 100010
28 179 100011
63 73 100010
1 142 200009
9 76 200021
59 176 100010
30 99 100010
50 193 400041
92 145 1000001
73 113 800081
106 173 600061
107 165 300008
91 115 600061
85 142 300008
102 103 400041
13 166 800003
10 114 700071
30 115 1000001
65 171 900002
186 193 400007
23 138 300031
107 199 200009
125 141 700071
17 175 200021
75 140 100011
155 166 1000001
94 180 400007
62 194 500051
146 191 700004
21 181 900002
76 84 1000001
88 169 100011
100 194 300008
88 105 500051
72 74 600061
127 184 200009
160 161 200021
134 189 800081
28 145 400041
131 179 800081
80 102 600005
143 173 900002
64 91 400041
151 168 1000101
77 174 900002
150 190 700004
98 123 800081
58 97 300008
62 112 100011
153 167 100011
38 96 1000001
89 110 500051
37 196 400007
39 90 200009
45 172 500006
170 174 500051
22 157 200009
41 56 300031
52 115 200021
14 130 900002
42 169 800081
33 90 900091
21 196 900091
51 135 900002
11 111 200021
55 186 700071
51 191 300008
42 162 300031
17 159 700071
7 187 700004
45 96 500051
16 62 1000101
72 131 300031
83 140 200021
65 127 200021
121 197 700004
10 161 800003
57 82 100011
3 54 900091
55 193 800003
12 163 800081
49 63 500051
126 186 600061
28 69 500051
64 160 400007
12 53 900002
16 126 100011
28 73 800003
118 134 1000001
22 163 800081
76 102 100011
49 71 700071
101 103 200009
76 187 100011
75 116 1000001
5 36 200021
70 179 1000101
98 164 800081
32 59 400007
64 102 100010
110 172 100011
35 106 600005
29 131 800081
144 175 400007
43 101 900002
149 199 500006
129 178 1000001
30 60 500006
16 130 800003
91 173 100010
58 105 500051
89 179 800003
79 93 300031
107 163 200021
94 114 1000101
44 180 900091
104 129 200009
28 155 300031
107 157 800003
130 143 500051
116 121 700004
102 128 500051
73 193 100011
7 40 100011
14 169 500006
68 177 900002
101 151 700004
64 84 400041
127 130 800081
68 168 800003
162 165 400041
38 120 300031
71 167 800081
98 197 800081
26 43 700004
14 108 1000101
66 148 500051
103 172 1000001
80 179 1000001
130 140 500051
3 83 700071
21 182 300008
47 80 600005
84 154 600005
87 155 400007
62 100 900002
67 192 400041
37 189 200009
39 147 200009
18 148 700071
13 85 1000101
151 152 800081
146 177 900002
25 180 200009
44 193 500006
61 96 800003
10 45 800081
2 194 400007
27 56 400007
19 68 300008
39 158 400007
3 88 800003
8 75 500051
106 158 700071
28 96 600061
17 114 400007
46 169 500006
61 86 400041
16 177 500051
40 134 100010
71 110 900091
91 142 1000101
25 181 100011
108 122 900091
51 140 1000101
0 157 300031
19 39 300031
83 161 400041
108 124 200009
114 165 700071
32 58 100011
92 193 400041
192 198 400007
28 152 1000101
121 170 700071
38 115 300031
44 166 800003
95 184 1000101
53 146 900091
135 184 200009
46 160 800003
76 124 900091
34 36 200009
92 189 500051
47 90 500051
37 98 200009
79 153 600005
63 109 300008
116 175 300031
15 74 700004
25 104 400041
107 132 1000101
58 125 400007
0 164 900091
75 178 900091
162 167 700071
65 196 400007
150 192 700071
150 171 600005
22 118 900091
20 82 500006
55 190 1000101
107 185 700071
161 164 200021
17 50 600061
24 53 200009
49 102 1000101
