EDGELIST
250 1000 2 22001568
116 156 500006
46 67 1000001
183 243 100010
15 74 700004
47 72 600061
140 227 300008
137 222 200009
201 241 400007
108 134 400007
78 131 400007
42 240 400041
153 202 600061
102 165 600061
118 209 700071
39 147 700004
76 243 600061
76 182 800003
33 55 100011
105 130 500051
198 200 200021
70 227 100010
117 245 1000001
5 211 700004
135 149 900091
45 211 300031
47 153 800081
24 109 100011
46 181 900091
25 47 300008
98 177 600061
2 127 800003
5 240 1000101
10 53 1000001
87 174 1000001
27 120 1000001
134 190 700071
40 168 800081
3 179 600005
59 176 100010
48 72 300008
143 164 1000001
39 41 500051
16 21 1000001
142 220 200009
36 115 500006
86 244 700004
174 221 900002
54 134 800003
100 212 900002
19 22 300031
97 228 700004
51 247 1000001
173 177 900002
78 113 400007
19 166 400007
3 88 400041
168 180 500006
45 130 1000101
131 138 200009
80 118 800081
94 195 500051
35 202 700004
115 150 700071
106 163 700071
20 38 600005
10 245 800081
20 119 300008
36 89 500051
73 149 500006
13 210 600061
17 197 900091
188 216 200021
24 51 700004
62 73 1000001
64 74 500051
95 165 700004
92 171 100010
18 149 600005
108 218 1000001
114 150 400041
51 109 100011
11 84 1000001
34 40 100010
216 240 1000101
21 158 800081
68 227 600005
47 48 800081
66 227 1000101
0 65 400007
37 192 900091
64 113 700004
72 79 200021
60 209 800081
0 116 900002
31 166 400007
40 61 600005
190 217 800081
17 183 500006
46 160 700004
86 126 800003
203 217 1000001
97 231 600005
127 154 900091
107 244 400007
130 189 800003
130 212 500051
178 202 400041
140 156 800003
213 226 100011
83 144 700004
55 232 800003
35 40 500051
27 174 700071
105 134 800081
21 242 500006
85 201 900002
80 216 700004
199 210 800003
46 236 700071
43 215 400007
65 130 500006
24 124 1000001
119 211 300031
64 68 600005
34 61 400007
144 166 800003
5 194 200009
12 130 1000001
75 92 600061
26 128 200009
55 108 500051
122 165 1000101
29 246 1000001
24 133 500006
57 143 600005
24 204 200009
38 114 1000101
67 219 900002
95 211 100011
64 191 400041
177 225 900002
107 131 700071
75 208 100011
113 233 600061
13 188 200021
30 132 500006
21 77 200009
6 56 900002
118 119 900091
158 222 600061
137 155 700071
15 154 100010
115 154 200021
45 228 500006
9 27 900002
7 230 100010
69 182 800081
42 140 500051
116 144 900002
186 217 800081
33 168 200021
25 135 500006
62 98 100010
58 235 1000001
158 164 1000101
179 237 700071
25 153 100011
115 156 200021
103 196 400007
12 42 300031
31 62 100010
49 85 200009
75 223 100010
129 223 200021
170 216 1000001
18 143 500051
130 183 800081
42 143 400041
5 84 600005
13 113 400041
121 185 700004
110 181 500006
88 225 300008
138 161 200009
224 230 400007
93 184 500051
126 247 900002
124 203 900002
199 232 600005
136 233 300031
172 221 400041
30 45 1000001
172 215 900091
192 202 300008
129 192 100011
101 239 100010
18 239 400041
176 237 100011
24 217 200021
47 86 100010
71 177 400007
120 216 100011
35 81 800081
44 72 500051
164 229 500051
65 230 1000001
163 224 800081
59 90 900002
123 126 700004
133 202 700071
6 172 600061
0 56 500006
162 200 200009
22 146 200009
113 134 800081
184 224 200009
54 77 900091
3 237 300008
46 220 900091
77 102 600005
25 106 200021
71 147 900091
18 207 100010
23 102 800003
4 57 400007
16 62 1000101
33 36 600005
45 75 300008
40 161 1000101
115 236 100010
108 242 700071
48 131 300008
93 123 900002
158 207 800003
20 105 800081
151 218 100011
163 207 700071
158 193 300031
69 164 900002
36 43 1000101
13 122 500006
1 136 500006
127 239 500006
157 194 600061
4 12 600005
100 133 400041
26 47 900091
14 28 600061
8 249 700004
131 208 800081
63 122 600005
91 168 1000101
94 108 900002
37 92 800081
19 186 400041
150 232 400007
160 206 100011
105 107 700004
127 213 1000101
56 151 700004
49 192 800003
7 200 300031
3 123 700071
100 103 400007
85 144 300008
66 233 900091
11 82 200021
27 193 100011
65 186 900091
9 120 100010
34 221 100010
230 245 900002
108 221 600005
103 184 100010
22 48 1000001
80 226 700004
158 241 400007
21 187 600005
1 61 400007
24 150 400041
230 244 300008
131 135 400041
14 97 400041
106 241 700071
18 224 300008
136 249 1000101
79 82 100010
53 155 600005
41 151 500006
51 165 100010
12 114 1000101
44 245 200009
71 114 200009
98 157 100011
86 212 900091
30 179 300008
61 179 500006
54 177 800081
170 187 300031
35 38 100011
62 212 100011
28 152 1000101
13 212 600061
6 59 700004
80 138 100010
2 15 200021
38 93 600061
155 247 300031
151 247 400007
47 107 700071
96 138 1000001
111 193 900002
27 117 1000001
146 176 900002
193 202 400041
47 171 400041
167 220 1000101
12 33 500051
8 233 1000101
69 93 600061
65 196 200009
35 106 500006
3 102 900091
97 226 300008
28 66 600061
48 79 800081
9 86 100010
96 233 400007
89 126 300031
24 157 700004
54 86 900002
144 220 500006
193 233 200009
144 193 1000101
29 158 800081
59 173 200021
78 104 300031
143 201 200009
14 46 700004
61 136 1000001
50 87 200021
111 246 100010
7 78 100011
56 224 600061
55 156 800003
217 232 300031
3 77 800081
57 176 400041
96 133 500006
1 160 500006
178 238 100010
100 188 800081
85 228 600061
163 244 500006
16 70 1000101
65 148 1000001
198 226 300008
22 166 300031
148 185 900091
45 107 900002
183 206 700071
47 115 400007
117 125 300031
79 188 900091
67 106 600005
156 195 600005
83 107 100010
26 114 200009
59 202 200009
145 248 900091
17 166 700004
14 211 400041
26 159 700004
95 243 1000001
220 227 400007
199 230 100010
54 225 400007
34 153 800003
55 239 200009
16 129 600005
66 215 200021
207 220 600005
44 118 1000101
55 133 100011
140 155 200021
109 123 300008
80 94 700071
127 210 100011
134 216 300008
1 15 400007
45 64 800003
166 201 500006
66 76 700071
186 237 700071
65 179 700071
9 192 400007
32 196 900002
1 139 400041
61 237 200009
111 189 900091
49 132 400041
67 226 800081
136 170 900002
145 231 800003
23 120 300008
233 242 600061
48 193 500051
29 151 200009
81 113 700071
60 231 900002
36 156 700071
131 146 1000001
111 114 100011
120 141 300031
68 123 700004
42 119 800081
225 241 700071
100 145 300008
208 234 100010
11 41 800081
30 180 200009
63 73 700004
18 116 900002
58 218 900002
10 142 600061
113 243 500051
48 249 1000001
38 57 700071
9 81 800003
44 129 1000101
145 201 200009
37 48 200009
87 160 800003
174 201 500051
35 168 100011
19 67 700071
46 118 700071
85 240 400041
77 154 400041
5 140 700071
115 234 700071
35 234 200009
176 249 400041
56 201 100010
83 126 1000001
62 97 400007
21 232 800081
136 153 200021
12 74 500051
41 180 300031
136 186 100011
16 102 400041
23 49 1000101
9 149 500051
4 38 500006
79 227 100010
12 188 300031
173 241 800081
99 171 800081
124 192 200009
35 220 700004
84 238 1000101
15 131 600061
57 78 200021
62 172 700071
156 161 800081
100 217 300031
51 104 300008
172 224 600061
31 49 600005
56 131 300008
15 235 400041
156 196 800081
193 196 200021
8 121 800081
197 245 200021
83 192 700004
203 231 400007
92 223 600061
72 76 400007
53 189 900091
216 239 500051
39 159 100011
85 112 900091
24 97 500006
229 247 800081
58 72 900091
219 231 100010
194 236 600005
146 212 600005
37 67 600061
238 246 1000001
101 241 800081
79 180 100011
50 234 700071
162 186 700071
34 234 1000101
100 231 900091
80 149 800003
128 169 100011
199 215 700071
147 149 200021
95 223 300031
20 54 800003
7 140 100011
61 229 400041
122 192 700071
26 209 700071
11 102 300031
93 161 800081
133 135 800003
118 240 1000101
40 178 800003
208 218 900091
15 73 700071
162 215 700071
43 208 100010
6 8 1000101
67 113 100010
156 231 200021
113 211 800081
131 182 500006
44 229 700004
53 222 1000001
72 91 500051
33 133 600061
49 72 200021
65 236 600005
54 238 900091
13 215 300031
31 103 300008
13 114 200021
56 58 700071
25 46 200021
175 178 900091
82 203 200009
29 54 600061
194 219 400041
7 60 100010
67 191 400041
90 222 200021
69 224 100011
241 242 200021
102 210 400041
119 201 300031
109 222 100011
69 73 300008
218 248 700071
136 211 400041
42 82 300031
122 145 400007
125 246 600061
41 236 500006
59 192 200021
72 174 600061
47 92 900091
89 155 900002
74 237 700004
126 219 300031
118 154 900091
173 188 500051
220 230 900091
42 158 600061
27 138 500006
26 137 800003
55 72 300008
62 128 700004
21 57 800003
150 225 100010
122 162 1000001
36 50 600005
103 188 1000101
151 226 500051
122 217 800003
110 127 100010
39 40 200009
72 245 500006
141 204 900091
154 229 100011
7 24 800081
74 219 400041
102 157 400041
55 74 200021
73 135 100011
193 209 500051
138 178 800081
214 232 900002
36 213 100011
28 46 600061
153 231 300031
2 128 900091
52 190 500051
13 117 800003
67 164 800003
204 213 200009
20 122 800081
245 246 1000001
57 172 700071
28 49 700004
52 117 300008
3 14 800081
133 191 300031
112 195 200009
9 186 700004
113 169 1000001
135 174 600061
197 207 700071
152 196 800003
31 129 800003
46 204 200009
107 196 900091
2 35 700004
50 70 100010
58 184 400041
139 206 400041
210 246 700004
115 138 400041
201 228 200009
58 178 900091
77 158 1000001
82 107 100011
193 203 1000101
90 158 500051
213 247 700071
36 169 600061
21 91 800081
20 160 500051
141 198 600005
166 183 1000101
174 217 200021
124 193 400041
3 145 100011
45 187 700004
118 149 600061
80 109 500006
16 22 600005
160 205 100010
24 69 1000101
34 52 800081
30 128 700004
3 192 400007
39 139 400007
26 198 200021
195 240 500006
12 196 100011
80 121 400007
143 150 700071
139 151 1000101
51 143 900002
88 151 700071
107 190 1000001
108 191 900002
152 193 200021
3 246 1000101
101 186 300031
132 153 500006
171 233 800003
6 132 100011
95 229 300008
30 86 700004
133 197 1000001
57 132 1000101
88 120 100011
155 249 100011
5 120 600061
45 142 1000001
90 103 500051
183 241 700071
68 157 600005
19 143 800003
7 144 600005
222 243 800003
111 216 200021
93 129 300031
158 195 400007
217 225 700071
80 102 600005
206 218 300031
14 194 1000101
152 222 800003
94 225 700071
46 101 100011
93 154 300031
138 215 300031
130 219 400007
44 110 900091
12 65 400041
2 168 500051
6 70 400041
112 210 800003
155 190 900002
75 220 400007
189 228 400041
40 183 800081
8 159 700071
2 11 1000001
48 121 300031
93 172 200009
18 157 1000101
59 75 500051
210 241 500006
36 219 700004
33 157 800081
8 10 400041
231 240 300031
192 231 400007
68 191 700071
101 230 800003
118 162 300008
47 89 700004
44 201 800081
155 162 300031
102 138 700071
116 160 1000001
227 248 100010
55 153 100011
132 150 400041
182 245 500051
20 125 500051
155 172 600005
28 200 200009
25 41 1000001
56 159 500006
84 204 700004
6 112 600061
178 231 800081
131 240 200021
67 150 700004
131 226 600005
120 228 500051
109 112 800081
19 70 900002
0 198 1000001
41 225 400007
119 204 200021
13 31 700004
32 123 700004
146 162 600061
213 249 500006
166 235 700004
182 237 100010
44 84 200009
52 208 100011
13 28 700004
147 203 700004
66 125 1000001
41 202 200009
15 230 700004
99 187 300031
93 226 700004
72 99 1000101
44 50 500051
113 190 200009
114 125 700071
68 214 800003
22 116 700004
80 93 800003
59 248 100011
3 60 700004
19 180 800003
91 224 400041
171 219 100010
182 201 300031
65 69 1000001
14 94 600005
195 221 500051
22 218 900091
57 212 100010
60 171 900091
75 122 800003
84 198 1000101
23 178 800003
129 161 600061
14 174 300031
30 130 900091
1 225 700004
14 230 900002
98 156 800003
20 167 500006
99 124 700071
178 179 1000001
73 143 100011
157 204 600061
150 221 500051
12 153 900002
107 117 500051
46 109 800081
107 235 700071
107 243 600005
0 81 400041
9 150 700004
185 214 700071
78 168 500051
35 134 600061
74 144 300031
150 207 200009
194 198 700071
44 241 500006
169 225 900002
94 230 900091
96 142 600061
17 221 500051
112 194 1000001
73 87 500006
7 136 100010
200 218 200021
87 131 400041
149 192 400007
145 209 700004
101 114 300031
161 218 500051
43 86 200021
55 188 500051
38 59 100010
197 244 500051
94 112 500051
63 173 100010
42 153 1000101
29 43 400007
94 246 200021
90 144 600061
158 239 600061
80 225 200009
124 159 800003
61 222 300031
66 95 600005
32 222 600005
204 212 700071
36 205 700071
130 162 800003
117 121 900002
114 222 800081
61 223 700071
12 68 200021
110 167 700071
142 196 700004
76 202 100011
48 120 600005
40 68 100011
63 223 800081
26 220 800003
64 199 900091
5 42 700004
110 187 100011
232 241 300031
139 199 100011
90 121 100011
16 212 300008
54 234 700071
73 111 100010
28 48 700071
86 209 900091
102 225 200021
89 168 200009
119 122 900002
185 245 500051
12 104 900091
17 206 500051
19 81 400007
18 80 500051
94 158 600061
1 137 700004
73 99 300031
49 180 600061
108 141 1000001
193 232 800003
51 116 200009
100 241 1000101
5 126 200021
79 186 500051
43 178 400007
29 113 400007
176 183 800003
179 187 300031
81 220 100010
29 31 1000001
108 174 300031
193 194 500006
102 199 700071
36 107 700004
43 66 100011
16 126 300031
9 28 300008
23 238 300031
129 246 800081
119 193 900091
57 119 900091
3 211 200021
38 212 100010
51 108 900002
43 162 300031
30 195 200021
166 229 400041
70 219 500051
69 218 900091
114 116 800081
70 244 300008
168 221 600005
111 248 200021
119 131 400007
55 66 300031
162 248 1000101
17 193 600061
14 98 800081
3 94 400007
78 230 400041
40 149 100011
128 171 800003
28 153 500006
117 249 400007
194 229 1000001
14 242 100010
142 151 200009
104 211 100010
36 66 600005
54 115 100010
50 93 400041
139 142 900091
106 226 100011
115 212 300008
48 71 800081
80 163 600005
33 160 200021
127 221 600005
64 125 200021
22 143 100010
168 227 300031
39 164 400041
16 197 400007
182 192 1000101
88 169 700071
8 144 200009
59 189 600061
133 238 900091
108 181 600061
6 140 200021
200 229 400041
40 187 100011
92 148 200021
44 217 800003
175 186 800081
94 150 100011
10 16 100010
42 231 400007
39 175 500006
8 55 300008
111 211 200021
37 94 200009
75 229 1000001
1 19 800003
209 238 200021
29 58 1000001
64 184 400041
17 186 800003
32 65 800003
109 195 1000001
131 215 400007
59 98 400007
85 110 900091
170 245 100010
71 89 300031
177 178 300008
50 88 900002
96 174 600005
140 171 300008
34 88 300008
9 36 200021
96 203 400041
39 155 900002
133 209 600061
74 100 300008
40 60 700071
30 89 1000001
93 197 400007
178 248 600061
94 187 600061
23 213 400007
1 75 500051
201 229 300008
29 227 400041
7 163 900002
83 127 1000001
113 150 300008
125 176 1000001
4 78 500051
53 211 900091
112 152 500006
215 233 700071
92 210 200009
86 101 200009
30 66 800003
21 69 200009
53 202 600005
112 205 200009
111 227 800003
167 221 600061
44 131 400007
128 219 400041
154 156 900002
140 145 100011
