EDGELIST
250 1000 1 250000500
116 156 499996
46 67 1
183 243 899992
15 74 299998
47 72 1600063
140 227 699994
137 222 799993
201 241 599995
108 134 599995
78 131 599995
42 240 1400043
153 202 1600063
102 165 1600063
118 209 1700073
39 147 299998
76 243 1600063
76 182 199999
33 55 1100013
105 130 1500053
198 200 1200023
70 227 899992
117 245 1
5 211 299998
135 149 1900093
45 211 1300033
47 153 1800083
24 109 1100013
46 181 1900093
25 47 699994
98 177 1600063
2 127 199999
5 240 2000103
10 53 1
87 174 1
27 120 1
134 190 1700073
40 168 1800083
3 179 399997
59 176 899992
48 72 699994
143 164 1
39 41 1500053
16 21 1
142 220 799993
36 115 499996
86 244 299998
174 221 100000
54 134 199999
100 212 100000
19 22 1300033
97 228 299998
51 247 1
173 177 100000
78 113 599995
19 166 599995
3 88 1400043
168 180 499996
45 130 2000103
131 138 799993
80 118 1800083
94 195 1500053
35 202 299998
115 150 1700073
106 163 1700073
20 38 399997
10 245 1800083
20 119 699994
36 89 1500053
73 149 499996
13 210 1600063
17 197 1900093
188 216 1200023
24 51 299998
62 73 1
64 74 1500053
95 165 299998
92 171 899992
18 149 399997
108 218 1
114 150 1400043
51 109 1100013
11 84 1
34 40 899992
216 240 2000103
21 158 1800083
68 227 399997
47 48 1800083
66 227 2000103
0 65 599995
37 192 1900093
64 113 299998
72 79 1200023
60 209 1800083
0 116 100000
31 166 599995
40 61 399997
190 217 1800083
17 183 499996
46 160 299998
86 126 199999
203 217 1
97 231 399997
127 154 1900093
107 244 599995
130 189 199999
130 212 1500053
178 202 1400043
140 156 199999
213 226 1100013
83 144 299998
55 232 199999
35 40 1500053
27 174 1700073
105 134 1800083
21 242 499996
85 201 100000
80 216 299998
199 210 199999
46 236 1700073
43 215 599995
65 130 499996
24 124 1
119 211 1300033
64 68 399997
34 61 599995
144 166 199999
5 194 799993
12 130 1
75 92 1600063
26 128 799993
55 108 1500053
122 165 2000103
29 246 1
24 133 499996
57 143 399997
24 204 799993
38 114 2000103
67 219 100000
95 211 1100013
64 191 1400043
177 225 100000
107 131 1700073
75 208 1100013
113 233 1600063
13 188 1200023
30 132 499996
21 77 799993
6 56 100000
118 119 1900093
158 222 1600063
137 155 1700073
15 154 899992
115 154 1200023
45 228 499996
9 27 100000
7 230 899992
69 182 1800083
42 140 1500053
116 144 100000
186 217 1800083
33 168 1200023
25 135 499996
62 98 899992
58 235 1
158 164 2000103
179 237 1700073
25 153 1100013
115 156 1200023
103 196 599995
12 42 1300033
31 62 899992
49 85 799993
75 223 899992
129 223 1200023
170 216 1
18 143 1500053
130 183 1800083
42 143 1400043
5 84 399997
13 113 1400043
121 185 299998
110 181 499996
88 225 699994
138 161 799993
224 230 599995
93 184 1500053
126 247 100000
124 203 100000
199 232 399997
136 233 1300033
172 221 1400043
30 45 1
172 215 1900093
192 202 699994
129 192 1100013
101 239 899992
18 239 1400043
176 237 1100013
24 217 1200023
47 86 899992
71 177 599995
120 216 1100013
35 81 1800083
44 72 1500053
164 229 1500053
65 230 1
163 224 1800083
59 90 100000
123 126 299998
133 202 1700073
6 172 1600063
0 56 499996
162 200 799993
22 146 799993
113 134 1800083
184 224 799993
54 77 1900093
3 237 699994
46 220 1900093
77 102 399997
25 106 1200023
71 147 1900093
18 207 899992
23 102 199999
4 57 599995
16 62 2000103
33 36 399997
45 75 699994
40 161 2000103
115 236 899992
108 242 1700073
48 131 699994
93 123 100000
158 207 199999
20 105 1800083
151 218 1100013
163 207 1700073
158 193 1300033
69 164 100000
36 43 2000103
13 122 499996
1 136 499996
127 239 499996
157 194 1600063
4 12 399997
100 133 1400043
26 47 1900093
14 28 1600063
8 249 299998
131 208 1800083
63 122 399997
91 168 2000103
94 108 100000
37 92 1800083
19 186 1400043
150 232 599995
160 206 1100013
105 107 299998
127 213 2000103
56 151 299998
49 192 199999
7 200 1300033
3 123 1700073
100 103 599995
85 144 699994
66 233 1900093
11 82 1200023
27 193 1100013
65 186 1900093
9 120 899992
34 221 899992
230 245 100000
108 221 399997
103 184 899992
22 48 1
80 226 299998
158 241 599995
21 187 399997
1 61 599995
24 150 1400043
230 244 699994
131 135 1400043
14 97 1400043
106 241 1700073
18 224 699994
136 249 2000103
79 82 899992
53 155 399997
41 151 499996
51 165 899992
12 114 2000103
44 245 799993
71 114 799993
98 157 1100013
86 212 1900093
30 179 699994
61 179 499996
54 177 1800083
170 187 1300033
35 38 1100013
62 212 1100013
28 152 2000103
13 212 1600063
6 59 299998
80 138 899992
2 15 1200023
38 93 1600063
155 247 1300033
151 247 599995
47 107 1700073
96 138 1
111 193 100000
27 117 1
146 176 100000
193 202 1400043
47 171 1400043
167 220 2000103
12 33 1500053
8 233 2000103
69 93 1600063
65 196 799993
35 106 499996
3 102 1900093
97 226 699994
28 66 1600063
48 79 1800083
9 86 899992
96 233 599995
89 126 1300033
24 157 299998
54 86 100000
144 220 499996
193 233 799993
144 193 2000103
29 158 1800083
59 173 1200023
78 104 1300033
143 201 799993
14 46 299998
61 136 1
50 87 1200023
111 246 899992
7 78 1100013
56 224 1600063
55 156 199999
217 232 1300033
3 77 1800083
57 176 1400043
96 133 499996
1 160 499996
178 238 899992
100 188 1800083
85 228 1600063
163 244 499996
16 70 2000103
65 148 1
198 226 699994
22 166 1300033
148 185 1900093
45 107 100000
183 206 1700073
47 115 599995
117 125 1300033
79 188 1900093
67 106 399997
156 195 399997
83 107 899992
26 114 799993
59 202 799993
145 248 1900093
17 166 299998
14 211 1400043
26 159 299998
95 243 1
220 227 599995
199 230 899992
54 225 599995
34 153 199999
55 239 799993
16 129 399997
66 215 1200023
207 220 399997
44 118 2000103
55 133 1100013
140 155 1200023
109 123 699994
80 94 1700073
127 210 1100013
134 216 699994
1 15 599995
45 64 199999
166 201 499996
66 76 1700073
186 237 1700073
65 179 1700073
9 192 599995
32 196 100000
1 139 1400043
61 237 799993
111 189 1900093
49 132 1400043
67 226 1800083
136 170 100000
145 231 199999
23 120 699994
233 242 1600063
48 193 1500053
29 151 799993
81 113 1700073
60 231 100000
36 156 1700073
131 146 1
111 114 1100013
120 141 1300033
68 123 299998
42 119 1800083
225 241 1700073
100 145 699994
208 234 899992
11 41 1800083
30 180 799993
63 73 299998
18 116 100000
58 218 100000
10 142 1600063
113 243 1500053
48 249 1
38 57 1700073
9 81 199999
44 129 2000103
145 201 799993
37 48 799993
87 160 199999
174 201 1500053
35 168 1100013
19 67 1700073
46 118 1700073
85 240 1400043
77 154 1400043
5 140 1700073
115 234 1700073
35 234 799993
176 249 1400043
56 201 899992
83 126 1
62 97 599995
21 232 1800083
136 153 1200023
12 74 1500053
41 180 1300033
136 186 1100013
16 102 1400043
23 49 2000103
9 149 1500053
4 38 499996
79 227 899992
12 188 1300033
173 241 1800083
99 171 1800083
124 192 799993
35 220 299998
84 238 2000103
15 131 1600063
57 78 1200023
62 172 1700073
156 161 1800083
100 217 1300033
51 104 699994
172 224 1600063
31 49 399997
56 131 699994
15 235 1400043
156 196 1800083
193 196 1200023
8 121 1800083
197 245 1200023
83 192 299998
203 231 599995
92 223 1600063
72 76 599995
53 189 1900093
216 239 1500053
39 159 1100013
85 112 1900093
24 97 499996
229 247 1800083
58 72 1900093
219 231 899992
194 236 399997
146 212 399997
37 67 1600063
238 246 1
101 241 1800083
79 180 1100013
50 234 1700073
162 186 1700073
34 234 2000103
100 231 1900093
80 149 199999
128 169 1100013
199 215 1700073
147 149 1200023
95 223 1300033
20 54 199999
7 140 1100013
61 229 1400043
122 192 1700073
26 209 1700073
11 102 1300033
93 161 1800083
133 135 199999
118 240 2000103
40 178 199999
208 218 1900093
15 73 1700073
162 215 1700073
43 208 899992
6 8 2000103
67 113 899992
156 231 1200023
113 211 1800083
131 182 499996
44 229 299998
53 222 1
72 91 1500053
33 133 1600063
49 72 1200023
65 236 399997
54 238 1900093
13 215 1300033
31 103 699994
13 114 1200023
56 58 1700073
25 46 1200023
175 178 1900093
82 203 799993
29 54 1600063
194 219 1400043
7 60 899992
67 191 1400043
90 222 1200023
69 224 1100013
241 242 1200023
102 210 1400043
119 201 1300033
109 222 1100013
69 73 699994
218 248 1700073
136 211 1400043
42 82 1300033
122 145 599995
125 246 1600063
41 236 499996
59 192 1200023
72 174 1600063
47 92 1900093
89 155 100000
74 237 299998
126 219 1300033
118 154 1900093
173 188 1500053
220 230 1900093
42 158 1600063
27 138 499996
26 137 199999
55 72 699994
62 128 299998
21 57 199999
150 225 899992
122 162 1
36 50 399997
103 188 2000103
151 226 1500053
122 217 199999
110 127 899992
39 40 799993
72 245 499996
141 204 1900093
154 229 1100013
7 24 1800083
74 219 1400043
102 157 1400043
55 74 1200023
73 135 1100013
193 209 1500053
138 178 1800083
214 232 100000
36 213 1100013
28 46 1600063
153 231 1300033
2 128 1900093
52 190 1500053
13 117 199999
67 164 199999
204 213 799993
20 122 1800083
245 246 1
57 172 1700073
28 49 299998
52 117 699994
3 14 1800083
133 191 1300033
112 195 799993
9 186 299998
113 169 1
135 174 1600063
197 207 1700073
152 196 199999
31 129 199999
46 204 799993
107 196 1900093
2 35 299998
50 70 899992
58 184 1400043
139 206 1400043
210 246 299998
115 138 1400043
201 228 799993
58 178 1900093
77 158 1
82 107 1100013
193 203 2000103
90 158 1500053
213 247 1700073
36 169 1600063
21 91 1800083
20 160 1500053
141 198 399997
166 183 2000103
174 217 1200023
124 193 1400043
3 145 1100013
45 187 299998
118 149 1600063
80 109 499996
16 22 399997
160 205 899992
24 69 2000103
34 52 1800083
30 128 299998
3 192 599995
39 139 599995
26 198 1200023
195 240 499996
12 196 1100013
80 121 599995
143 150 1700073
139 151 2000103
51 143 100000
88 151 1700073
107 190 1
108 191 100000
152 193 1200023
3 246 2000103
101 186 1300033
132 153 499996
171 233 199999
6 132 1100013
95 229 699994
30 86 299998
133 197 1
57 132 2000103
88 120 1100013
155 249 1100013
5 120 1600063
45 142 1
90 103 1500053
183 241 1700073
68 157 399997
19 143 199999
7 144 399997
222 243 199999
111 216 1200023
93 129 1300033
158 195 599995
217 225 1700073
80 102 399997
206 218 1300033
14 194 2000103
152 222 199999
94 225 1700073
46 101 1100013
93 154 1300033
138 215 1300033
130 219 599995
44 110 1900093
12 65 1400043
2 168 1500053
6 70 1400043
112 210 199999
155 190 100000
75 220 599995
189 228 1400043
40 183 1800083
8 159 1700073
2 11 1
48 121 1300033
93 172 799993
18 157 2000103
59 75 1500053
210 241 499996
36 219 299998
33 157 1800083
8 10 1400043
231 240 1300033
192 231 599995
68 191 1700073
101 230 199999
118 162 699994
47 89 299998
44 201 1800083
155 162 1300033
102 138 1700073
116 160 1
227 248 899992
55 153 1100013
132 150 1400043
182 245 1500053
20 125 1500053
155 172 399997
28 200 799993
25 41 1
56 159 499996
84 204 299998
6 112 1600063
178 231 1800083
131 240 1200023
67 150 299998
131 226 399997
120 228 1500053
109 112 1800083
19 70 100000
0 198 1
41 225 599995
119 204 1200023
13 31 299998
32 123 299998
146 162 1600063
213 249 499996
166 235 299998
182 237 899992
44 84 799993
52 208 1100013
13 28 299998
147 203 299998
66 125 1
41 202 799993
15 230 299998
99 187 1300033
93 226 299998
72 99 2000103
44 50 1500053
113 190 799993
114 125 1700073
68 214 199999
22 116 299998
80 93 199999
59 248 1100013
3 60 299998
19 180 199999
91 224 1400043
171 219 899992
182 201 1300033
65 69 1
14 94 399997
195 221 1500053
22 218 1900093
57 212 899992
60 171 1900093
75 122 199999
84 198 2000103
23 178 199999
129 161 1600063
14 174 1300033
30 130 1900093
1 225 299998
14 230 100000
98 156 199999
20 167 499996
99 124 1700073
178 179 1
73 143 1100013
157 204 1600063
150 221 1500053
12 153 100000
107 117 1500053
46 109 1800083
107 235 1700073
107 243 399997
0 81 1400043
9 150 299998
185 214 1700073
78 168 1500053
35 134 1600063
74 144 1300033
150 207 799993
194 198 1700073
44 241 499996
169 225 100000
94 230 1900093
96 142 1600063
17 221 1500053
112 194 1
73 87 499996
7 136 899992
200 218 1200023
87 131 1400043
149 192 599995
145 209 299998
101 114 1300033
161 218 1500053
43 86 1200023
55 188 1500053
38 59 899992
197 244 1500053
94 112 1500053
63 173 899992
42 153 2000103
29 43 599995
94 246 1200023
90 144 1600063
158 239 1600063
80 225 799993
124 159 199999
61 222 1300033
66 95 399997
32 222 399997
204 212 1700073
36 205 1700073
130 162 199999
117 121 100000
114 222 1800083
61 223 1700073
12 68 1200023
110 167 1700073
142 196 299998
76 202 1100013
48 120 399997
40 68 1100013
63 223 1800083
26 220 199999
64 199 1900093
5 42 299998
110 187 1100013
232 241 1300033
139 199 1100013
90 121 1100013
16 212 699994
54 234 1700073
73 111 899992
28 48 1700073
86 209 1900093
102 225 1200023
89 168 799993
119 122 100000
185 245 1500053
12 104 1900093
17 206 1500053
19 81 599995
18 80 1500053
94 158 1600063
1 137 299998
73 99 1300033
49 180 1600063
108 141 1
193 232 199999
51 116 799993
100 241 2000103
5 126 1200023
79 186 1500053
43 178 599995
29 113 599995
176 183 199999
179 187 1300033
81 220 899992
29 31 1
108 174 1300033
193 194 499996
102 199 1700073
36 107 299998
43 66 1100013
16 126 1300033
9 28 699994
23 238 1300033
129 246 1800083
119 193 1900093
57 119 1900093
3 211 1200023
38 212 899992
51 108 100000
43 162 1300033
30 195 1200023
166 229 1400043
70 219 1500053
69 218 1900093
114 116 1800083
70 244 699994
168 221 399997
111 248 1200023
119 131 599995
55 66 1300033
162 248 2000103
17 193 1600063
14 98 1800083
3 94 599995
78 230 1400043
40 149 1100013
128 171 199999
28 153 499996
117 249 599995
194 229 1
14 242 899992
142 151 799993
104 211 899992
36 66 399997
54 115 899992
50 93 1400043
139 142 1900093
106 226 1100013
115 212 699994
48 71 1800083
80 163 399997
33 160 1200023
127 221 399997
64 125 1200023
22 143 899992
168 227 1300033
39 164 1400043
16 197 599995
182 192 2000103
88 169 1700073
8 144 799993
59 189 1600063
133 238 1900093
108 181 1600063
6 140 1200023
200 229 1400043
40 187 1100013
92 148 1200023
44 217 199999
175 186 1800083
94 150 1100013
10 16 899992
42 231 599995
39 175 499996
8 55 699994
111 211 1200023
37 94 799993
75 229 1
1 19 199999
209 238 1200023
29 58 1
64 184 1400043
17 186 199999
32 65 199999
109 195 1
131 215 599995
59 98 599995
85 110 1900093
170 245 899992
71 89 1300033
177 178 699994
50 88 100000
96 174 399997
140 171 699994
34 88 699994
9 36 1200023
96 203 1400043
39 155 100000
133 209 1600063
74 100 699994
40 60 1700073
30 89 1
93 197 599995
178 248 1600063
94 187 1600063
23 213 599995
1 75 1500053
201 229 699994
29 227 1400043
7 163 100000
83 127 1
113 150 699994
125 176 1
4 78 1500053
53 211 1900093
112 152 499996
215 233 1700073
92 210 799993
86 101 799993
30 66 199999
21 69 799993
53 202 399997
112 205 799993
111 227 199999
167 221 1600063
44 131 599995
128 219 1400043
154 156 100000
140 145 1100013
