EDGELIST
300 1200 2 26951973
137 210 100011
78 215 900091
186 283 1000001
163 230 400041
18 220 900091
14 143 1000001
44 90 600061
87 124 1000001
43 159 900091
32 254 400041
66 243 100010
108 214 1000101
112 193 500051
105 269 200021
115 180 700004
38 161 900002
2 51 1000001
46 292 300031
97 126 300008
48 163 400007
91 276 1000001
82 203 1000001
35 84 200009
5 222 900091
100 183 400041
270 272 300031
195 240 800081
9 36 200021
129 266 400041
28 85 600061
10 40 800003
247 251 200009
76 114 200009
89 290 200009
7 197 700071
81 277 1000001
103 146 1000101
164 223 200009
186 236 100011
23 121 500006
84 180 800081
37 298 200009
176 295 1000001
16 283 900091
11 219 200009
186 266 200009
182 291 300008
52 115 200021
52 295 1000101
146 247 700004
233 239 900091
167 293 600061
170 196 400041
65 80 500006
21 83 400041
33 113 200021
83 194 200009
16 230 800003
34 110 700071
50 193 400041
69 219 900091
222 297 500006
147 166 800081
123 198 800081
28 252 1000101
134 266 300008
116 293 300031
38 157 700071
118 234 1000001
111 198 800081
241 288 500051
81 219 400007
20 242 400007
18 292 500006
66 219 1000101
104 235 700071
92 239 1000101
255 293 600005
6 258 900091
19 35 800081
39 90 200009
54 70 800003
120 217 100011
190 206 600005
192 245 600061
171 228 800081
114 166 400007
84 284 1000101
9 114 900002
5 140 100010
108 184 400007
4 160 800003
59 102 200009
23 44 200021
33 284 600061
128 186 400007
47 268 900091
213 248 700071
46 177 900002
101 219 800003
83 269 1000001
75 205 200009
65 237 600005
31 264 700004
95 271 500051
105 263 500051
168 190 800081
43 74 200021
135 206 900091
62 205 800003
122 146 800081
91 224 200021
247 254 500051
72 154 200021
11 273 400041
169 294 1000101
140 183 200021
93 192 400041
158 255 500051
36 163 100011
105 106 200021
131 285 900002
27 136 400007
31 144 300031
30 104 700071
177 230 500006
210 268 400007
102 206 400041
118 124 100010
10 285 200021
33 236 600005
229 294 1000101
200 210 900002
190 293 700004
84 248 1000101
142 221 200009
96 260 700004
5 240 900091
58 110 400007
247 289 700004
95 206 100010
155 161 700004
15 274 700004
125 141 700071
62 180 200021
56 128 900002
2 11 300031
126 180 700004
243 272 100010
2 80 600005
253 276 500051
17 226 700071
57 255 400007
2 145 500006
22 162 800081
9 33 300008
93 279 300031
44 294 600061
62 251 400007
275 278 900091
170 235 600061
17 116 700004
45 125 300008
14 230 900002
14 233 300031
152 284 400041
132 194 800003
106 151 400041
7 266 900091
179 180 300008
13 52 900002
203 232 200009
22 160 700004
78 277 200009
6 20 400041
222 290 100010
110 172 100011
37 171 400007
113 269 400041
61 264 400041
154 178 800081
144 286 800003
59 95 700004
40 59 800003
278 289 1000001
40 101 100011
16 275 100011
3 158 200021
132 190 700071
73 104 300031
155 162 200009
196 267 1000001
249 280 800003
262 291 800081
154 281 400041
0 65 700071
134 265 200009
187 215 900091
237 280 200009
65 69 500051
56 201 100011
123 203 700071
150 290 800081
93 123 200009
85 184 600061
106 173 600061
70 142 800081
46 78 900091
12 31 100010
125 286 500006
196 224 600005
85 267 700071
29 131 800081
189 205 900002
238 259 1000001
88 253 400041
1 31 400041
51 55 900002
76 251 500051
134 289 800081
258 296 300031
116 130 300008
128 245 800003
99 151 200021
133 197 200009
5 194 200009
165 227 600005
186 245 700004
168 180 500051
61 66 1000001
67 200 900002
35 206 500006
87 90 100011
125 151 700004
79 224 200021
111 247 100010
22 271 800081
31 126 500051
155 166 1000001
208 211 1000101
54 175 900002
202 264 100010
14 257 400041
68 114 200021
246 265 700004
63 110 800003
10 220 200009
254 273 900002
2 76 100011
152 279 300008
248 274 800003
200 264 900091
56 87 800081
238 253 300008
90 177 1000101
18 222 600005
81 103 300008
174 177 900002
41 174 500006
199 229 600005
186 202 400041
145 293 1000001
27 117 1000001
5 156 800003
92 214 900091
125 150 100010
27 286 700004
47 227 300031
76 139 300031
158 223 600061
46 204 400041
36 124 400041
135 138 400007
136 216 700004
167 192 400041
216 279 600005
72 145 500006
108 224 200009
145 179 200009
162 286 400007
77 107 900002
154 163 200009
32 58 200009
64 233 600061
247 297 200021
59 164 800003
22 283 800081
37 130 600061
106 189 1000101
12 189 300031
165 221 100011
201 245 400041
190 227 600005
75 76 1000001
7 124 100010
239 244 800003
33 158 500051
13 260 600061
0 58 100011
82 273 900002
13 68 800003
225 233 800081
42 62 300031
86 183 600061
139 217 200021
38 132 1000001
106 158 600005
55 233 100011
44 274 100010
113 210 400007
107 144 600061
19 280 100010
195 234 900002
59 176 400041
208 284 200021
154 268 900091
12 130 500051
89 174 900091
58 94 600061
57 186 100010
1 174 600005
59 285 1000001
167 206 500051
127 188 500006
136 228 900091
97 204 500051
70 194 300008
108 234 1000101
107 157 400007
105 277 900002
76 115 800081
58 229 1000001
3 164 800081
79 116 800003
223 287 500006
33 259 300031
51 191 300008
23 141 600061
91 226 200021
76 198 1000101
27 55 700071
80 228 700004
130 202 800081
35 98 200009
103 192 400007
138 141 800003
36 298 300031
86 126 800003
225 266 500006
3 77 800081
124 168 300008
65 122 800081
65 197 600061
212 263 800081
147 295 200021
64 191 400041
57 59 400007
56 244 500051
8 32 400007
139 168 200009
20 115 900002
6 129 900002
96 127 900091
120 138 300031
79 238 700071
12 53 900002
130 134 200021
162 267 700071
229 232 100010
0 157 300031
227 263 900002
2 282 100010
7 45 900002
62 80 700071
55 243 200021
51 278 200021
2 128 900091
46 159 800081
1 242 200009
116 126 100011
76 93 1000101
120 163 1000001
105 231 200021
115 214 100010
45 183 500051
23 293 200021
174 280 400007
229 236 800081
52 158 100011
47 71 400041
16 162 1000101
110 118 500006
65 166 200021
17 151 900091
84 128 100010
54 172 300031
250 294 100011
125 254 200021
184 185 400041
43 51 200009
179 287 100011
189 210 500051
100 129 900002
143 178 700004
118 218 200021
116 260 1000101
148 179 800081
77 144 800081
192 282 1000101
38 278 500006
102 231 400007
74 116 500051
236 245 200021
214 273 400007
9 198 100011
34 216 100010
16 172 600005
156 196 600005
110 229 600061
125 135 500006
7 187 700004
34 63 800081
182 210 500006
76 204 500006
204 280 300008
18 111 500051
78 268 700071
121 232 800081
35 231 800081
193 199 500051
89 234 700071
76 118 400007
98 164 800081
86 197 500051
137 145 900091
236 278 900091
158 164 400007
114 153 900002
167 243 300031
83 134 700004
15 93 400007
92 241 200021
88 136 700071
56 106 900002
102 145 700004
112 272 400041
243 274 900002
9 192 400007
10 121 100011
74 242 1000101
235 271 400041
81 153 300031
250 258 700071
169 231 900002
70 170 900002
32 181 500006
164 284 200021
59 139 1000101
228 273 800003
283 293 100010
157 207 800003
244 263 500051
22 189 100010
5 184 600005
29 105 800081
179 211 200021
272 292 700071
155 269 400007
95 136 800003
125 280 200009
0 284 700071
25 110 900002
107 175 1000101
101 220 800081
43 183 100010
189 190 300031
11 242 1000001
61 289 900091
271 288 1000001
232 245 800003
89 186 500051
52 263 700004
61 93 100010
128 145 400041
222 275 800003
133 290 900091
68 257 600005
10 253 300031
29 181 100011
100 284 900091
51 182 800081
204 207 600005
119 221 800081
145 281 200021
10 245 800081
178 183 300031
96 138 1000001
111 153 900091
44 293 1000101
23 185 200021
20 55 100011
207 275 600061
45 130 500051
134 196 200021
56 231 1000001
105 268 500006
196 211 700004
96 176 500006
39 71 700071
118 220 500006
170 275 200009
33 193 700004
10 149 500006
31 209 800081
23 273 500051
91 168 700071
219 287 600061
205 218 300031
46 74 100011
93 221 1000101
117 153 1000001
219 220 900091
217 275 900002
56 204 900002
221 285 100010
39 209 800081
13 161 700004
53 124 900002
90 121 100011
27 253 100011
199 291 600005
112 151 300008
96 283 900002
146 290 300008
42 138 100011
5 178 200021
36 273 100011
124 297 500006
19 294 900091
195 241 500006
149 273 1000101
2 205 400007
188 268 1000101
45 211 300031
106 170 400007
29 201 200009
138 171 800081
73 114 1000101
65 92 600061
245 253 900002
27 172 400041
25 106 700004
92 229 500006
117 189 200021
46 138 1000001
50 267 700004
91 156 100010
7 224 800081
150 286 600005
63 111 800081
10 96 500006
53 167 100011
4 152 300031
195 267 1000001
178 231 400041
65 84 700071
167 187 600061
135 283 100010
106 215 800003
179 181 700071
237 292 700071
21 239 800003
183 235 900091
142 158 400041
103 250 600005
81 198 300008
76 259 100010
89 246 700071
50 217 600061
187 236 200021
59 202 500051
214 249 600005
267 274 500051
233 293 800003
140 213 700071
258 263 900002
119 241 1000101
36 94 300031
81 288 500051
120 296 400007
44 222 500051
146 244 900002
161 183 400041
115 130 700071
42 269 800081
160 206 600005
36 86 1000001
0 25 300008
99 223 300031
85 107 700071
35 103 600005
242 249 800003
60 299 200021
118 296 800081
5 188 500051
157 184 100011
286 293 400007
109 204 1000001
61 258 800081
211 214 100011
52 63 500006
140 168 400007
125 263 900002
108 149 400007
196 273 200009
86 230 200021
16 277 500051
236 244 700004
141 186 600061
170 291 300031
92 245 1000001
161 264 200021
20 293 900002
117 125 800081
131 179 800081
253 285 700004
80 196 700004
42 272 500006
67 233 300031
161 249 200021
45 186 500051
49 258 700004
94 254 400007
28 115 500051
69 221 200009
189 253 100011
136 204 900002
176 256 200021
72 205 1000101
150 262 200009
269 285 500051
4 262 600005
75 144 400007
70 283 1000001
22 141 200009
122 133 800003
3 39 800081
124 191 800081
62 248 1000101
15 210 600061
40 278 800003
9 231 300031
19 243 800003
96 271 800003
68 150 300008
282 299 600005
81 252 900091
156 246 100010
11 62 800003
64 168 600005
22 218 900091
136 182 800003
36 247 400041
136 137 1000101
17 271 500051
106 120 1000001
37 186 700071
203 209 700004
61 261 1000001
101 202 700004
0 201 800003
131 227 600005
178 279 500051
230 299 100010
78 113 400007
282 284 400007
44 180 900091
31 267 800081
178 179 600005
21 94 400007
53 155 600005
224 230 500051
33 117 1000101
60 81 900002
154 207 1000001
157 256 600005
36 224 300008
102 214 400007
91 271 800081
18 104 200021
118 217 200009
90 156 800003
107 295 700004
262 281 200009
10 219 1000101
165 281 400007
90 155 1000101
176 177 1000101
4 184 700071
123 219 900091
81 159 100011
40 216 1000101
75 164 500051
51 129 200009
95 272 400007
129 140 400007
2 254 100011
111 235 1000101
88 263 200021
176 287 800003
17 22 600061
212 267 300008
210 251 500006
156 231 1000001
180 220 400007
195 269 400041
93 122 500006
166 246 700004
237 252 700004
181 242 200009
253 279 600005
172 229 200021
50 194 500051
187 245 1000101
266 286 600005
75 241 400041
75 110 200009
30 69 800081
110 235 700071
63 129 500051
102 103 400041
29 40 500051
146 246 1000001
96 252 900002
56 202 100010
176 250 400041
44 84 900002
156 281 500006
160 186 400041
20 27 1000001
128 222 200021
212 238 100010
56 272 600061
190 222 700004
32 222 600005
125 203 100011
23 57 200009
197 212 100011
66 236 700004
69 88 800003
40 56 300008
41 286 500006
110 174 800003
148 166 500051
66 97 400007
11 116 800003
124 276 900091
275 288 1000001
102 164 800081
11 95 100011
27 239 700071
126 299 100011
137 199 100010
63 73 100010
32 55 800003
81 256 200021
105 158 800003
232 258 100011
212 256 600061
154 294 900002
30 245 400041
189 266 500051
158 192 700071
207 214 500006
153 164 800081
186 246 300008
59 190 600061
146 270 300008
71 189 300031
43 189 100010
101 251 700004
56 251 500006
13 225 800003
92 288 900091
90 270 300008
91 184 200009
14 260 200009
52 54 700004
47 203 800081
51 158 900002
32 247 400041
71 220 300031
69 132 800081
49 295 900002
44 291 200021
41 153 700071
83 94 700004
19 288 400007
125 142 600061
190 257 200021
20 266 600005
7 163 600005
219 292 200009
138 192 700004
77 129 700071
110 288 1000001
239 290 200021
171 174 400041
33 77 1000001
16 193 700004
44 91 1000101
51 173 100011
116 251 100010
43 228 400007
95 225 100010
175 217 200021
30 280 900091
56 232 200021
91 124 800081
1 154 200009
75 196 600061
204 222 900002
51 125 500051
136 269 700004
130 137 500051
0 54 500006
144 152 700004
114 169 500006
85 108 1000001
248 265 800081
156 260 400007
57 99 600005
12 248 300031
195 262 800003
25 197 300008
22 89 800003
43 103 1000101
133 253 300031
109 210 200021
18 229 300008
10 105 800081
72 137 700071
200 218 300031
86 141 900002
12 173 1000001
23 175 1000001
205 252 900002
11 167 200021
11 231 700071
225 229 700071
166 260 1000001
191 245 500006
173 185 900002
8 259 600061
68 90 100011
88 289 700071
60 230 400007
62 161 200021
38 121 100011
62 223 1000001
32 155 700071
25 148 700071
53 299 700004
82 257 100011
111 132 100010
25 267 500051
27 201 100010
17 150 300008
184 225 200009
7 150 800003
163 278 800003
104 125 400007
35 85 900002
128 155 200009
251 273 600005
71 175 300031
11 270 1000001
170 187 600061
6 183 700004
188 194 800081
7 43 700071
166 224 200009
139 176 500006
76 88 300031
217 241 200009
28 99 700004
175 200 900002
71 199 300008
45 117 1000001
13 213 600061
73 193 100011
46 289 1000101
2 174 600005
30 33 100011
43 185 500051
162 285 900091
35 114 700071
2 261 1000001
180 247 600005
239 242 500051
80 266 700004
102 157 500006
186 262 1000001
161 186 1000001
82 215 900002
87 191 100010
231 289 400007
175 299 800081
240 294 100011
69 201 700004
70 75 400007
114 147 500051
66 178 600061
31 280 1000001
151 235 500006
123 188 600005
175 285 700004
144 293 500006
99 291 1000101
70 121 700071
145 280 700071
39 232 500006
157 269 1000101
32 112 700004
179 294 700004
49 234 400007
43 126 700004
31 260 800003
260 262 100011
34 53 800003
36 96 900091
77 79 100010
53 60 900091
105 258 100010
22 65 200009
28 63 700004
67 244 900002
74 250 300008
155 279 500051
23 38 300031
136 199 900091
121 266 1000001
67 69 900002
205 288 1000101
143 253 500051
24 125 1000101
112 236 700071
138 181 500051
210 255 200009
54 293 1000101
50 51 100010
135 136 700004
165 279 700071
102 274 800003
50 240 300008
8 98 800003
83 128 1000101
208 214 900002
259 272 500006
121 249 800081
182 264 100011
133 242 500006
203 296 100011
7 289 300008
16 117 900091
4 215 100010
257 287 600061
160 235 900091
120 180 900091
147 192 900091
125 208 600061
49 147 1000101
135 183 300008
6 188 200021
74 93 100011
208 281 100010
52 286 700004
106 168 300031
105 259 300008
23 73 400007
147 179 800081
105 262 100010
145 177 900002
31 42 400007
180 260 700071
213 223 700004
40 134 100010
129 275 1000001
277 287 300008
24 52 600061
261 266 100010
142 278 1000001
154 184 600005
155 170 800003
112 226 300031
33 214 600061
14 171 400041
69 172 100010
51 141 800081
10 197 900002
30 42 500051
26 220 800003
9 227 100011
27 108 600005
16 18 900002
214 263 1000101
149 299 500006
40 189 900002
68 169 600005
203 213 400041
178 269 700004
144 170 500006
39 230 200009
103 260 400041
183 216 700071
72 285 600005
40 184 800081
221 257 800003
159 207 600005
162 194 500051
48 216 700071
72 274 600061
17 135 800003
112 274 500051
185 297 500051
31 116 400007
20 282 500006
44 245 200009
178 201 200009
35 49 200009
80 157 800081
61 162 300031
62 134 100011
41 214 400007
251 269 300031
137 223 600061
112 209 400041
17 191 800081
112 205 700071
159 279 300008
63 72 600005
151 256 700071
79 143 700004
87 189 500006
45 229 500006
8 146 300031
19 170 200009
52 242 300008
152 228 900002
64 118 200021
35 108 500006
57 278 200021
158 243 700071
26 255 200009
166 228 1000101
9 248 100011
69 173 300008
97 113 100011
55 111 400007
174 292 300031
1 215 400007
176 196 300031
56 104 800081
144 230 700004
129 258 800081
13 95 700004
59 93 400007
168 175 1000101
190 210 600005
20 88 600005
42 171 700004
198 293 400007
172 215 300031
76 108 500051
5 241 800081
34 282 200021
48 178 700071
203 283 700071
111 180 500006
77 240 500006
26 47 900002
103 270 900091
12 107 500006
115 127 400041
142 289 900002
169 298 900091
29 54 600061
210 277 800081
112 197 400007
90 113 700071
0 148 1000001
92 137 800081
46 243 200021
112 228 600061
197 252 200021
113 118 1000001
60 138 300031
77 252 600005
218 287 400007
213 290 200009
48 218 700071
189 271 800003
127 253 500051
66 179 500051
97 215 400041
263 297 300008
228 267 200009
62 119 800081
215 222 1000101
139 251 200021
45 188 700004
96 133 500006
206 236 700071
78 226 400007
20 258 500051
170 254 200021
48 89 900002
224 254 200009
61 207 500006
75 117 700004
0 179 900091
162 265 400041
186 210 900091
0 242 1000101
125 206 700071
20 208 600005
11 234 200009
163 228 700071
36 149 400007
42 154 100011
163 180 700071
133 220 800003
209 284 600061
131 276 100011
79 246 800081
8 160 400041
13 270 100010
12 136 900091
139 146 700071
28 284 100010
172 212 700004
35 102 500006
0 208 800081
57 136 500006
47 245 200021
56 298 700071
8 80 700004
30 46 1000001
232 283 700071
123 257 800081
21 108 800081
77 132 700071
39 223 900091
21 79 900091
177 261 900002
45 273 300031
214 228 600061
44 101 800081
93 229 400007
153 257 100011
71 178 900002
160 207 100010
24 251 700004
165 264 900002
5 152 1000101
157 289 600061
29 147 100010
139 284 1000101
40 240 100010
158 292 600061
151 191 900091
52 261 300008
163 207 200021
67 275 200021
204 210 900002
129 180 200021
118 297 800003
116 286 900091
189 207 400041
257 283 100010
100 162 900002
13 111 700071
209 280 500006
240 278 400007
62 212 100011
165 294 300031
273 292 100010
160 203 400007
1 19 100010
68 297 100011
84 164 400041
191 214 200021
27 265 200021
61 184 400007
117 198 800081
31 261 400007
28 92 200009
84 124 900091
48 187 700004
278 281 500051
