EDGELIST
300 1200 1 300000600
137 210 1100013
78 215 1900093
186 283 1
163 230 1400043
18 220 1900093
14 143 1
44 90 1600063
87 124 1
43 159 1900093
32 254 1400043
66 243 899992
108 214 2000103
112 193 1500053
105 269 1200023
115 180 299998
38 161 100000
2 51 1
46 292 1300033
97 126 699994
48 163 599995
91 276 1
82 203 1
35 84 799993
5 222 1900093
100 183 1400043
270 272 1300033
195 240 1800083
9 36 1200023
129 266 1400043
28 85 1600063
10 40 199999
247 251 799993
76 114 799993
89 290 799993
7 197 1700073
81 277 1
103 146 2000103
164 223 799993
186 236 1100013
23 121 499996
84 180 1800083
37 298 799993
176 295 1
16 283 1900093
11 219 799993
186 266 799993
182 291 699994
52 115 1200023
52 295 2000103
146 247 299998
233 239 1900093
167 293 1600063
170 196 1400043
65 80 499996
21 83 1400043
33 113 1200023
83 194 799993
16 230 199999
34 110 1700073
50 193 1400043
69 219 1900093
222 297 499996
147 166 1800083
123 198 1800083
28 252 2000103
134 266 699994
116 293 1300033
38 157 1700073
118 234 1
111 198 1800083
241 288 1500053
81 219 599995
20 242 599995
18 292 499996
66 219 2000103
104 235 1700073
92 239 2000103
255 293 399997
6 258 1900093
19 35 1800083
39 90 799993
54 70 199999
120 217 1100013
190 206 399997
192 245 1600063
171 228 1800083
114 166 599995
84 284 2000103
9 114 100000
5 140 899992
108 184 599995
4 160 199999
59 102 799993
23 44 1200023
33 284 1600063
128 186 599995
47 268 1900093
213 248 1700073
46 177 100000
101 219 199999
83 269 1
75 205 799993
65 237 399997
31 264 299998
95 271 1500053
105 263 1500053
168 190 1800083
43 74 1200023
135 206 1900093
62 205 199999
122 146 1800083
91 224 1200023
247 254 1500053
72 154 1200023
11 273 1400043
169 294 2000103
140 183 1200023
93 192 1400043
158 255 1500053
36 163 1100013
105 106 1200023
131 285 100000
27 136 599995
31 144 1300033
30 104 1700073
177 230 499996
210 268 599995
102 206 1400043
118 124 899992
10 285 1200023
33 236 399997
229 294 2000103
200 210 100000
190 293 299998
84 248 2000103
142 221 799993
96 260 299998
5 240 1900093
58 110 599995
247 289 299998
95 206 899992
155 161 299998
15 274 299998
125 141 1700073
62 180 1200023
56 128 100000
2 11 1300033
126 180 299998
243 272 899992
2 80 399997
253 276 1500053
17 226 1700073
57 255 599995
2 145 499996
22 162 1800083
9 33 699994
93 279 1300033
44 294 1600063
62 251 599995
275 278 1900093
170 235 1600063
17 116 299998
45 125 699994
14 230 100000
14 233 1300033
152 284 1400043
132 194 199999
106 151 1400043
7 266 1900093
179 180 699994
13 52 100000
203 232 799993
22 160 299998
78 277 799993
6 20 1400043
222 290 899992
110 172 1100013
37 171 599995
113 269 1400043
61 264 1400043
154 178 1800083
144 286 199999
59 95 299998
40 59 199999
278 289 1
40 101 1100013
16 275 1100013
3 158 1200023
132 190 1700073
73 104 1300033
155 162 799993
196 267 1
249 280 199999
262 291 1800083
154 281 1400043
0 65 1700073
134 265 799993
187 215 1900093
237 280 799993
65 69 1500053
56 201 1100013
123 203 1700073
150 290 1800083
93 123 799993
85 184 1600063
106 173 1600063
70 142 1800083
46 78 1900093
12 31 899992
125 286 499996
196 224 399997
85 267 1700073
29 131 1800083
189 205 100000
238 259 1
88 253 1400043
1 31 1400043
51 55 100000
76 251 1500053
134 289 1800083
258 296 1300033
116 130 699994
128 245 199999
99 151 1200023
133 197 799993
5 194 799993
165 227 399997
186 245 299998
168 180 1500053
61 66 1
67 200 100000
35 206 499996
87 90 1100013
125 151 299998
79 224 1200023
111 247 899992
22 271 1800083
31 126 1500053
155 166 1
208 211 2000103
54 175 100000
202 264 899992
14 257 1400043
68 114 1200023
246 265 299998
63 110 199999
10 220 799993
254 273 100000
2 76 1100013
152 279 699994
248 274 199999
200 264 1900093
56 87 1800083
238 253 699994
90 177 2000103
18 222 399997
81 103 699994
174 177 100000
41 174 499996
199 229 399997
186 202 1400043
145 293 1
27 117 1
5 156 199999
92 214 1900093
125 150 899992
27 286 299998
47 227 1300033
76 139 1300033
158 223 1600063
46 204 1400043
36 124 1400043
135 138 599995
136 216 299998
167 192 1400043
216 279 399997
72 145 499996
108 224 799993
145 179 799993
162 286 599995
77 107 100000
154 163 799993
32 58 799993
64 233 1600063
247 297 1200023
59 164 199999
22 283 1800083
37 130 1600063
106 189 2000103
12 189 1300033
165 221 1100013
201 245 1400043
190 227 399997
75 76 1
7 124 899992
239 244 199999
33 158 1500053
13 260 1600063
0 58 1100013
82 273 100000
13 68 199999
225 233 1800083
42 62 1300033
86 183 1600063
139 217 1200023
38 132 1
106 158 399997
55 233 1100013
44 274 899992
113 210 599995
107 144 1600063
19 280 899992
195 234 100000
59 176 1400043
208 284 1200023
154 268 1900093
12 130 1500053
89 174 1900093
58 94 1600063
57 186 899992
1 174 399997
59 285 1
167 206 1500053
127 188 499996
136 228 1900093
97 204 1500053
70 194 699994
108 234 2000103
107 157 599995
105 277 100000
76 115 1800083
58 229 1
3 164 1800083
79 116 199999
223 287 499996
33 259 1300033
51 191 699994
23 141 1600063
91 226 1200023
76 198 2000103
27 55 1700073
80 228 299998
130 202 1800083
35 98 799993
103 192 599995
138 141 199999
36 298 1300033
86 126 199999
225 266 499996
3 77 1800083
124 168 699994
65 122 1800083
65 197 1600063
212 263 1800083
147 295 1200023
64 191 1400043
57 59 599995
56 244 1500053
8 32 599995
139 168 799993
20 115 100000
6 129 100000
96 127 1900093
120 138 1300033
79 238 1700073
12 53 100000
130 134 1200023
162 267 1700073
229 232 899992
0 157 1300033
227 263 100000
2 282 899992
7 45 100000
62 80 1700073
55 243 1200023
51 278 1200023
2 128 1900093
46 159 1800083
1 242 799993
116 126 1100013
76 93 2000103
120 163 1
105 231 1200023
115 214 899992
45 183 1500053
23 293 1200023
174 280 599995
229 236 1800083
52 158 1100013
47 71 1400043
16 162 2000103
110 118 499996
65 166 1200023
17 151 1900093
84 128 899992
54 172 1300033
250 294 1100013
125 254 1200023
184 185 1400043
43 51 799993
179 287 1100013
189 210 1500053
100 129 100000
143 178 299998
118 218 1200023
116 260 2000103
148 179 1800083
77 144 1800083
192 282 2000103
38 278 499996
102 231 599995
74 116 1500053
236 245 1200023
214 273 599995
9 198 1100013
34 216 899992
16 172 399997
156 196 399997
110 229 1600063
125 135 499996
7 187 299998
34 63 1800083
182 210 499996
76 204 499996
204 280 699994
18 111 1500053
78 268 1700073
121 232 1800083
35 231 1800083
193 199 1500053
89 234 1700073
76 118 599995
98 164 1800083
86 197 1500053
137 145 1900093
236 278 1900093
158 164 599995
114 153 100000
167 243 1300033
83 134 299998
15 93 599995
92 241 1200023
88 136 1700073
56 106 100000
102 145 299998
112 272 1400043
243 274 100000
9 192 599995
10 121 1100013
74 242 2000103
235 271 1400043
81 153 1300033
250 258 1700073
169 231 100000
70 170 100000
32 181 499996
164 284 1200023
59 139 2000103
228 273 199999
283 293 899992
157 207 199999
244 263 1500053
22 189 899992
5 184 399997
29 105 1800083
179 211 1200023
272 292 1700073
155 269 599995
95 136 199999
125 280 799993
0 284 1700073
25 110 100000
107 175 2000103
101 220 1800083
43 183 899992
189 190 1300033
11 242 1
61 289 1900093
271 288 1
232 245 199999
89 186 1500053
52 263 299998
61 93 899992
128 145 1400043
222 275 199999
133 290 1900093
68 257 399997
10 253 1300033
29 181 1100013
100 284 1900093
51 182 1800083
204 207 399997
119 221 1800083
145 281 1200023
10 245 1800083
178 183 1300033
96 138 1
111 153 1900093
44 293 2000103
23 185 1200023
20 55 1100013
207 275 1600063
45 130 1500053
134 196 1200023
56 231 1
105 268 499996
196 211 299998
96 176 499996
39 71 1700073
118 220 499996
170 275 799993
33 193 299998
10 149 499996
31 209 1800083
23 273 1500053
91 168 1700073
219 287 1600063
205 218 1300033
46 74 1100013
93 221 2000103
117 153 1
219 220 1900093
217 275 100000
56 204 100000
221 285 899992
39 209 1800083
13 161 299998
53 124 100000
90 121 1100013
27 253 1100013
199 291 399997
112 151 699994
96 283 100000
146 290 699994
42 138 1100013
5 178 1200023
36 273 1100013
124 297 499996
19 294 1900093
195 241 499996
149 273 2000103
2 205 599995
188 268 2000103
45 211 1300033
106 170 599995
29 201 799993
138 171 1800083
73 114 2000103
65 92 1600063
245 253 100000
27 172 1400043
25 106 299998
92 229 499996
117 189 1200023
46 138 1
50 267 299998
91 156 899992
7 224 1800083
150 286 399997
63 111 1800083
10 96 499996
53 167 1100013
4 152 1300033
195 267 1
178 231 1400043
65 84 1700073
167 187 1600063
135 283 899992
106 215 199999
179 181 1700073
237 292 1700073
21 239 199999
183 235 1900093
142 158 1400043
103 250 399997
81 198 699994
76 259 899992
89 246 1700073
50 217 1600063
187 236 1200023
59 202 1500053
214 249 399997
267 274 1500053
233 293 199999
140 213 1700073
258 263 100000
119 241 2000103
36 94 1300033
81 288 1500053
120 296 599995
44 222 1500053
146 244 100000
161 183 1400043
115 130 1700073
42 269 1800083
160 206 399997
36 86 1
0 25 699994
99 223 1300033
85 107 1700073
35 103 399997
242 249 199999
60 299 1200023
118 296 1800083
5 188 1500053
157 184 1100013
286 293 599995
109 204 1
61 258 1800083
211 214 1100013
52 63 499996
140 168 599995
125 263 100000
108 149 599995
196 273 799993
86 230 1200023
16 277 1500053
236 244 299998
141 186 1600063
170 291 1300033
92 245 1
161 264 1200023
20 293 100000
117 125 1800083
131 179 1800083
253 285 299998
80 196 299998
42 272 499996
67 233 1300033
161 249 1200023
45 186 1500053
49 258 299998
94 254 599995
28 115 1500053
69 221 799993
189 253 1100013
136 204 100000
176 256 1200023
72 205 2000103
150 262 799993
269 285 1500053
4 262 399997
75 144 599995
70 283 1
22 141 799993
122 133 199999
3 39 1800083
124 191 1800083
62 248 2000103
15 210 1600063
40 278 199999
9 231 1300033
19 243 199999
96 271 199999
68 150 699994
282 299 399997
81 252 1900093
156 246 899992
11 62 199999
64 168 399997
22 218 1900093
136 182 199999
36 247 1400043
136 137 2000103
17 271 1500053
106 120 1
37 186 1700073
203 209 299998
61 261 1
101 202 299998
0 201 199999
131 227 399997
178 279 1500053
230 299 899992
78 113 599995
282 284 599995
44 180 1900093
31 267 1800083
178 179 399997
21 94 599995
53 155 399997
224 230 1500053
33 117 2000103
60 81 100000
154 207 1
157 256 399997
36 224 699994
102 214 599995
91 271 1800083
18 104 1200023
118 217 799993
90 156 199999
107 295 299998
262 281 799993
10 219 2000103
165 281 599995
90 155 2000103
176 177 2000103
4 184 1700073
123 219 1900093
81 159 1100013
40 216 2000103
75 164 1500053
51 129 799993
95 272 599995
129 140 599995
2 254 1100013
111 235 2000103
88 263 1200023
176 287 199999
17 22 1600063
212 267 699994
210 251 499996
156 231 1
180 220 599995
195 269 1400043
93 122 499996
166 246 299998
237 252 299998
181 242 799993
253 279 399997
172 229 1200023
50 194 1500053
187 245 2000103
266 286 399997
75 241 1400043
75 110 799993
30 69 1800083
110 235 1700073
63 129 1500053
102 103 1400043
29 40 1500053
146 246 1
96 252 100000
56 202 899992
176 250 1400043
44 84 100000
156 281 499996
160 186 1400043
20 27 1
128 222 1200023
212 238 899992
56 272 1600063
190 222 299998
32 222 399997
125 203 1100013
23 57 799993
197 212 1100013
66 236 299998
69 88 199999
40 56 699994
41 286 499996
110 174 199999
148 166 1500053
66 97 599995
11 116 199999
124 276 1900093
275 288 1
102 164 1800083
11 95 1100013
27 239 1700073
126 299 1100013
137 199 899992
63 73 899992
32 55 199999
81 256 1200023
105 158 199999
232 258 1100013
212 256 1600063
154 294 100000
30 245 1400043
189 266 1500053
158 192 1700073
207 214 499996
153 164 1800083
186 246 699994
59 190 1600063
146 270 699994
71 189 1300033
43 189 899992
101 251 299998
56 251 499996
13 225 199999
92 288 1900093
90 270 699994
91 184 799993
14 260 799993
52 54 299998
47 203 1800083
51 158 100000
32 247 1400043
71 220 1300033
69 132 1800083
49 295 100000
44 291 1200023
41 153 1700073
83 94 299998
19 288 599995
125 142 1600063
190 257 1200023
20 266 399997
7 163 399997
219 292 799993
138 192 299998
77 129 1700073
110 288 1
239 290 1200023
171 174 1400043
33 77 1
16 193 299998
44 91 2000103
51 173 1100013
116 251 899992
43 228 599995
95 225 899992
175 217 1200023
30 280 1900093
56 232 1200023
91 124 1800083
1 154 799993
75 196 1600063
204 222 100000
51 125 1500053
136 269 299998
130 137 1500053
0 54 499996
144 152 299998
114 169 499996
85 108 1
248 265 1800083
156 260 599995
57 99 399997
12 248 1300033
195 262 199999
25 197 699994
22 89 199999
43 103 2000103
133 253 1300033
109 210 1200023
18 229 699994
10 105 1800083
72 137 1700073
200 218 1300033
86 141 100000
12 173 1
23 175 1
205 252 100000
11 167 1200023
11 231 1700073
225 229 1700073
166 260 1
191 245 499996
173 185 100000
8 259 1600063
68 90 1100013
88 289 1700073
60 230 599995
62 161 1200023
38 121 1100013
62 223 1
32 155 1700073
25 148 1700073
53 299 299998
82 257 1100013
111 132 899992
25 267 1500053
27 201 899992
17 150 699994
184 225 799993
7 150 199999
163 278 199999
104 125 599995
35 85 100000
128 155 799993
251 273 399997
71 175 1300033
11 270 1
170 187 1600063
6 183 299998
188 194 1800083
7 43 1700073
166 224 799993
139 176 499996
76 88 1300033
217 241 799993
28 99 299998
175 200 100000
71 199 699994
45 117 1
13 213 1600063
73 193 1100013
46 289 2000103
2 174 399997
30 33 1100013
43 185 1500053
162 285 1900093
35 114 1700073
2 261 1
180 247 399997
239 242 1500053
80 266 299998
102 157 499996
186 262 1
161 186 1
82 215 100000
87 191 899992
231 289 599995
175 299 1800083
240 294 1100013
69 201 299998
70 75 599995
114 147 1500053
66 178 1600063
31 280 1
151 235 499996
123 188 399997
175 285 299998
144 293 499996
99 291 2000103
70 121 1700073
145 280 1700073
39 232 499996
157 269 2000103
32 112 299998
179 294 299998
49 234 599995
43 126 299998
31 260 199999
260 262 1100013
34 53 199999
36 96 1900093
77 79 899992
53 60 1900093
105 258 899992
22 65 799993
28 63 299998
67 244 100000
74 250 699994
155 279 1500053
23 38 1300033
136 199 1900093
121 266 1
67 69 100000
205 288 2000103
143 253 1500053
24 125 2000103
112 236 1700073
138 181 1500053
210 255 799993
54 293 2000103
50 51 899992
135 136 299998
165 279 1700073
102 274 199999
50 240 699994
8 98 199999
83 128 2000103
208 214 100000
259 272 499996
121 249 1800083
182 264 1100013
133 242 499996
203 296 1100013
7 289 699994
16 117 1900093
4 215 899992
257 287 1600063
160 235 1900093
120 180 1900093
147 192 1900093
125 208 1600063
49 147 2000103
135 183 699994
6 188 1200023
74 93 1100013
208 281 899992
52 286 299998
106 168 1300033
105 259 699994
23 73 599995
147 179 1800083
105 262 899992
145 177 100000
31 42 599995
180 260 1700073
213 223 299998
40 134 899992
129 275 1
277 287 699994
24 52 1600063
261 266 899992
142 278 1
154 184 399997
155 170 199999
112 226 1300033
33 214 1600063
14 171 1400043
69 172 899992
51 141 1800083
10 197 100000
30 42 1500053
26 220 199999
9 227 1100013
27 108 399997
16 18 100000
214 263 2000103
149 299 499996
40 189 100000
68 169 399997
203 213 1400043
178 269 299998
144 170 499996
39 230 799993
103 260 1400043
183 216 1700073
72 285 399997
40 184 1800083
221 257 199999
159 207 399997
162 194 1500053
48 216 1700073
72 274 1600063
17 135 199999
112 274 1500053
185 297 1500053
31 116 599995
20 282 499996
44 245 799993
178 201 799993
35 49 799993
80 157 1800083
61 162 1300033
62 134 1100013
41 214 599995
251 269 1300033
137 223 1600063
112 209 1400043
17 191 1800083
112 205 1700073
159 279 699994
63 72 399997
151 256 1700073
79 143 299998
87 189 499996
45 229 499996
8 146 1300033
19 170 799993
52 242 699994
152 228 100000
64 118 1200023
35 108 499996
57 278 1200023
158 243 1700073
26 255 799993
166 228 2000103
9 248 1100013
69 173 699994
97 113 1100013
55 111 599995
174 292 1300033
1 215 599995
176 196 1300033
56 104 1800083
144 230 299998
129 258 1800083
13 95 299998
59 93 599995
168 175 2000103
190 210 399997
20 88 399997
42 171 299998
198 293 599995
172 215 1300033
76 108 1500053
5 241 1800083
34 282 1200023
48 178 1700073
203 283 1700073
111 180 499996
77 240 499996
26 47 100000
103 270 1900093
12 107 499996
115 127 1400043
142 289 100000
169 298 1900093
29 54 1600063
210 277 1800083
112 197 599995
90 113 1700073
0 148 1
92 137 1800083
46 243 1200023
112 228 1600063
197 252 1200023
113 118 1
60 138 1300033
77 252 399997
218 287 599995
213 290 799993
48 218 1700073
189 271 199999
127 253 1500053
66 179 1500053
97 215 1400043
263 297 699994
228 267 799993
62 119 1800083
215 222 2000103
139 251 1200023
45 188 299998
96 133 499996
206 236 1700073
78 226 599995
20 258 1500053
170 254 1200023
48 89 100000
224 254 799993
61 207 499996
75 117 299998
0 179 1900093
162 265 1400043
186 210 1900093
0 242 2000103
125 206 1700073
20 208 399997
11 234 799993
163 228 1700073
36 149 599995
42 154 1100013
163 180 1700073
133 220 199999
209 284 1600063
131 276 1100013
79 246 1800083
8 160 1400043
13 270 899992
12 136 1900093
139 146 1700073
28 284 899992
172 212 299998
35 102 499996
0 208 1800083
57 136 499996
47 245 1200023
56 298 1700073
8 80 299998
30 46 1
232 283 1700073
123 257 1800083
21 108 1800083
77 132 1700073
39 223 1900093
21 79 1900093
177 261 100000
45 273 1300033
214 228 1600063
44 101 1800083
93 229 599995
153 257 1100013
71 178 100000
160 207 899992
24 251 299998
165 264 100000
5 152 2000103
157 289 1600063
29 147 899992
139 284 2000103
40 240 899992
158 292 1600063
151 191 1900093
52 261 699994
163 207 1200023
67 275 1200023
204 210 100000
129 180 1200023
118 297 199999
116 286 1900093
189 207 1400043
257 283 899992
100 162 100000
13 111 1700073
209 280 499996
240 278 599995
62 212 1100013
165 294 1300033
273 292 899992
160 203 599995
1 19 899992
68 297 1100013
84 164 1400043
191 214 1200023
27 265 1200023
61 184 599995
117 198 1800083
31 261 599995
28 92 799993
84 124 1900093
48 187 299998
278 281 1500053
