EDGELIST
400 1600 1 400000800
135 235 499996
86 393 1
16 243 1
91 268 1700073
249 296 699994
137 315 299998
124 359 1300033
3 246 2000103
36 108 1400043
46 114 1400043
192 262 1
114 335 1700073
176 339 499996
72 300 1200023
243 274 1400043
246 352 1400043
23 244 1200023
18 209 1500053
225 367 1300033
37 305 1400043
132 372 399997
159 326 1500053
68 69 399997
77 162 100000
66 264 100000
222 339 100000
36 398 1300033
272 327 1400043
94 358 1600063
208 234 2000103
205 235 2000103
12 197 1100013
342 347 1600063
23 338 1300033
60 266 1
91 324 1200023
265 333 100000
124 163 1900093
111 302 1700073
19 164 1200023
39 246 1
44 322 1500053
69 219 1900093
113 173 1900093
84 309 1600063
98 117 1800083
230 262 499996
11 112 1200023
283 321 199999
45 131 1300033
366 397 599995
90 293 299998
6 14 1800083
31 326 1500053
109 280 499996
237 277 1300033
168 275 2000103
42 103 699994
77 152 399997
153 381 1900093
164 375 1500053
124 196 299998
179 281 1500053
11 143 499996
281 303 699994
13 361 299998
68 310 599995
40 134 899992
5 163 899992
173 320 1700073
31 227 399997
169 344 1600063
215 238 1400043
243 302 100000
289 361 299998
175 390 100000
150 280 199999
185 210 1200023
78 200 599995
194 203 100000
271 317 1500053
152 347 799993
31 380 199999
340 378 699994
45 365 1900093
135 349 599995
126 216 1100013
230 398 1100013
80 84 1800083
87 191 1200023
80 173 199999
35 383 699994
350 394 1700073
155 283 1
16 274 1500053
89 207 1400043
33 185 100000
272 360 1100013
190 398 1600063
10 225 100000
22 319 399997
72 274 1600063
65 237 399997
78 313 599995
31 172 1400043
44 246 299998
208 301 1900093
78 145 100000
177 240 499996
133 276 1500053
183 216 1700073
92 179 1100013
16 317 1900093
102 314 1300033
327 382 1700073
62 81 1200023
83 228 2000103
80 112 799993
370 393 1800083
141 323 1500053
19 292 1200023
73 193 1100013
152 270 599995
167 211 1
86 273 100000
87 137 1200023
31 316 599995
34 127 899992
51 341 1800083
37 233 1400043
46 192 1300033
106 272 2000103
173 304 1300033
120 258 599995
110 205 2000103
79 345 1500053
302 331 599995
63 152 299998
102 145 299998
272 366 1500053
269 344 1700073
124 276 1900093
171 342 299998
51 73 399997
88 314 699994
202 354 1100013
66 178 1600063
81 159 1100013
169 378 299998
14 130 100000
165 394 1300033
218 299 1500053
11 231 1700073
51 201 2000103
48 166 1800083
100 262 100000
38 336 2000103
11 19 799993
90 259 100000
74 350 699994
2 147 599995
42 125 1600063
63 88 499996
90 247 1500053
184 209 599995
98 123 1800083
104 218 1200023
150 209 299998
149 341 1500053
151 299 199999
8 60 1400043
158 307 1700073
193 274 1100013
47 175 2000103
63 378 199999
93 267 1600063
96 264 1200023
6 325 299998
33 364 1600063
100 129 399997
113 260 399997
129 262 199999
322 329 1700073
223 251 1400043
58 229 1
83 217 1100013
58 392 1600063
56 286 1700073
63 332 1700073
75 117 100000
258 306 1500053
204 241 1800083
160 243 299998
248 303 100000
74 192 1300033
101 244 1800083
124 381 1900093
92 345 1
349 358 299998
85 304 1700073
289 378 1400043
255 388 1700073
36 363 1100013
168 305 1400043
66 304 599995
183 202 599995
63 70 2000103
134 389 1800083
87 384 799993
227 265 399997
148 357 1100013
51 398 1300033
203 283 1700073
56 133 1200023
185 258 1
26 334 399997
142 249 199999
220 342 599995
109 189 2000103
171 378 399997
22 246 1800083
75 185 1100013
27 202 1600063
234 315 1200023
187 191 1400043
7 134 899992
265 396 599995
61 262 1300033
184 343 1100013
355 390 1700073
1 257 599995
44 53 1500053
93 236 1600063
80 186 1
294 319 1900093
183 318 299998
29 101 799993
177 386 499996
45 156 1900093
62 112 1100013
311 396 1600063
200 233 799993
89 179 599995
6 372 100000
186 341 1
225 254 1200023
93 305 699994
251 294 399997
228 343 699994
200 246 299998
73 251 1100013
357 386 899992
20 26 199999
181 293 599995
81 263 1300033
83 294 299998
116 386 1900093
229 366 399997
44 72 799993
35 107 1900093
177 371 1
198 224 1400043
201 218 1600063
296 342 1900093
28 43 599995
18 189 1800083
237 243 199999
147 299 1200023
178 354 1800083
2 31 1800083
58 329 1800083
16 54 1600063
202 381 1900093
101 394 1200023
29 322 1200023
59 296 1700073
124 259 499996
0 29 100000
330 345 1400043
186 397 399997
5 240 899992
275 285 299998
80 108 299998
31 358 1700073
316 353 1400043
194 369 1300033
60 79 499996
246 266 899992
147 381 199999
237 352 899992
124 136 699994
94 211 199999
336 399 1900093
126 379 199999
330 369 1800083
196 210 499996
14 283 2000103
51 339 1700073
5 84 399997
262 316 499996
36 304 100000
38 280 899992
35 208 499996
222 265 1
353 383 499996
11 70 1
42 238 199999
179 216 199999
58 176 199999
132 211 899992
6 379 1100013
80 162 1700073
14 188 2000103
135 136 299998
81 219 599995
94 382 599995
4 5 1100013
129 181 1100013
36 344 299998
158 223 1600063
75 302 399997
1 288 1100013
86 245 299998
149 349 1600063
130 212 1500053
170 376 1500053
196 221 899992
176 193 1400043
73 169 899992
0 106 1900093
21 49 1500053
23 206 1900093
76 92 299998
6 360 399997
25 33 1600063
309 310 1500053
185 243 1500053
161 393 899992
51 136 499996
72 130 1700073
191 237 1200023
23 99 1300033
156 177 1500053
205 268 499996
66 236 299998
143 211 1
4 356 100000
98 164 2000103
202 256 899992
337 374 199999
273 321 299998
188 268 1600063
55 69 599995
83 371 599995
62 285 1900093
210 338 199999
90 395 100000
30 356 1500053
1 131 1400043
99 277 299998
2 11 1300033
335 385 100000
67 269 100000
66 104 100000
204 346 1400043
131 229 1800083
261 335 1
255 266 799993
92 351 1900093
265 294 1600063
42 221 799993
320 334 2000103
303 317 699994
209 388 1200023
168 204 1800083
135 289 1100013
125 324 2000103
259 395 299998
94 188 1300033
107 218 899992
244 277 1800083
30 380 1900093
116 153 599995
200 364 1900093
165 282 1100013
195 206 899992
128 320 1100013
99 309 1100013
185 203 399997
163 357 1700073
2 314 1700073
309 322 1900093
261 370 100000
262 383 499996
330 340 1
106 173 1600063
148 379 1800083
176 290 1400043
54 170 699994
91 333 499996
77 79 899992
68 228 699994
36 229 1800083
133 238 1500053
53 133 1300033
28 363 299998
224 362 1900093
5 340 1900093
189 318 1400043
151 173 1600063
72 114 899992
83 151 1800083
41 186 499996
64 223 799993
315 324 1700073
117 380 499996
18 356 1
22 350 2000103
182 210 499996
332 360 199999
105 307 399997
53 77 499996
336 347 1
88 194 1800083
3 243 1200023
50 360 1500053
322 396 299998
37 69 1900093
79 371 100000
99 313 499996
70 273 1700073
69 155 1500053
139 282 2000103
84 243 899992
101 270 1900093
200 301 299998
102 390 1
81 131 399997
56 279 1500053
188 375 299998
106 367 1500053
72 120 499996
87 276 299998
123 149 599995
91 355 599995
7 124 1800083
64 161 1400043
207 344 799993
42 369 1800083
128 323 799993
52 284 1400043
74 384 499996
285 297 1500053
3 383 1900093
192 358 1700073
170 185 100000
75 370 100000
64 91 1400043
109 128 1100013
87 245 2000103
363 374 1500053
223 353 1900093
5 207 1900093
58 156 1500053
90 171 699994
166 229 1400043
38 120 1300033
46 80 1700073
159 317 2000103
255 390 2000103
89 390 799993
174 189 1900093
209 366 1500053
189 269 1400043
212 306 1900093
2 161 1
227 236 1
146 270 699994
180 296 1
102 103 1400043
17 150 699994
65 396 1700073
60 81 100000
37 172 599995
105 106 199999
28 136 1900093
10 45 1800083
48 378 1700073
106 266 399997
30 33 1100013
59 210 1
240 340 899992
65 181 599995
119 275 100000
158 245 2000103
271 325 1700073
69 194 2000103
87 248 299998
254 363 799993
79 112 1200023
47 378 499996
1 117 1
44 90 1600063
1 315 599995
71 179 299998
145 188 299998
140 359 199999
165 395 1
16 131 1500053
110 275 799993
26 300 699994
252 276 1700073
155 310 799993
283 284 1700073
5 394 799993
73 143 1900093
32 81 499996
107 157 199999
285 327 599995
220 380 599995
10 363 199999
120 126 1400043
11 35 2000103
64 275 1200023
256 362 399997
143 281 1500053
216 226 199999
216 272 399997
68 127 199999
30 316 1
30 238 399997
75 270 599995
354 384 899992
44 325 1300033
31 42 599995
36 352 799993
295 348 1600063
33 396 1800083
212 363 1800083
190 353 199999
83 122 599995
33 136 399997
9 292 599995
25 382 299998
264 272 299998
118 134 1
121 355 1100013
85 184 1600063
65 201 1100013
44 367 100000
37 59 299998
211 343 799993
330 368 1900093
4 385 199999
189 247 299998
114 243 1
117 169 299998
253 346 1900093
184 225 799993
378 392 1
101 161 100000
1 275 1300033
50 193 1400043
6 125 1700073
215 246 1700073
304 372 1
225 359 899992
190 319 299998
102 339 1100013
103 387 1200023
7 312 499996
212 309 1400043
24 261 199999
210 314 1
17 340 2000103
296 354 1500053
181 282 1800083
219 392 799993
168 374 299998
102 328 1900093
85 328 1600063
257 306 1500053
248 380 1700073
81 298 699994
17 361 1700073
245 287 1600063
91 199 399997
81 319 399997
1 307 799993
147 394 1
109 114 599995
154 299 199999
17 191 1800083
160 354 1900093
64 345 399997
154 394 100000
37 145 1900093
281 356 1200023
194 383 799993
160 286 1400043
115 277 399997
210 344 1
60 103 599995
267 283 899992
51 63 100000
222 373 199999
319 325 799993
152 190 1600063
364 373 1200023
292 300 1900093
351 355 699994
286 303 1600063
177 321 899992
88 370 1600063
110 343 799993
196 267 1
204 356 1800083
329 340 599995
22 189 899992
16 199 100000
7 45 100000
199 226 1100013
23 387 899992
148 207 599995
77 174 100000
186 298 899992
235 244 899992
180 244 799993
190 343 299998
64 107 399997
76 213 299998
156 196 399997
86 136 1
80 326 199999
206 390 399997
178 231 599995
267 287 1600063
262 320 499996
176 386 1700073
66 334 699994
7 210 399997
2 112 2000103
45 186 1500053
108 114 499996
32 39 499996
109 314 100000
1 6 299998
200 275 100000
37 263 1800083
87 341 1600063
156 392 1700073
79 224 1200023
161 164 1200023
54 229 1600063
33 55 1100013
14 290 1200023
214 373 599995
158 372 1800083
202 375 1200023
47 217 1500053
152 398 1300033
27 297 1500053
368 369 1200023
338 356 499996
250 394 1500053
50 174 1400043
200 208 1800083
60 343 1900093
116 305 699994
116 293 1300033
103 161 1400043
217 294 199999
35 331 1800083
3 343 399997
249 359 1600063
151 247 299998
213 233 1200023
93 379 1300033
103 239 1800083
241 395 499996
61 216 1300033
157 207 599995
22 373 1500053
23 147 1500053
105 229 1800083
271 294 699994
228 284 899992
102 389 1700073
6 129 100000
50 345 799993
360 362 1100013
143 178 299998
117 226 1700073
225 308 499996
166 371 399997
14 350 1600063
128 355 799993
37 272 100000
271 311 1900093
267 331 100000
103 305 100000
115 286 1200023
296 365 799993
141 153 1700073
98 364 1800083
41 68 599995
0 250 699994
4 229 1
346 376 599995
149 308 1200023
71 147 1300033
177 391 1100013
24 342 1400043
98 352 1200023
77 396 499996
109 246 399997
169 299 899992
72 312 1300033
212 397 1600063
260 377 1800083
13 248 100000
236 306 1100013
13 355 1300033
148 236 1400043
156 393 1100013
20 373 1700073
63 186 599995
146 347 299998
19 343 199999
53 88 1400043
157 357 399997
77 150 1700073
106 215 199999
54 114 100000
6 248 299998
59 393 599995
23 266 1700073
151 275 899992
27 215 1400043
24 282 1500053
141 278 599995
178 281 1500053
325 339 299998
110 374 199999
142 158 1400043
211 396 299998
219 230 699994
191 345 499996
20 219 1900093
38 63 1600063
52 188 1400043
333 342 399997
196 202 1700073
81 188 1500053
102 364 1800083
139 343 899992
19 254 1200023
198 293 599995
282 336 199999
95 252 2000103
108 251 499996
195 213 299998
261 282 799993
72 96 1400043
161 277 2000103
65 386 199999
79 265 399997
61 122 299998
176 325 1700073
269 275 1800083
53 155 399997
199 379 599995
124 388 599995
144 185 899992
133 160 1300033
22 365 1800083
287 379 1100013
189 312 1300033
47 271 1400043
145 286 899992
53 110 1300033
324 375 1
63 72 399997
164 273 1600063
105 110 1800083
74 149 199999
0 348 1
134 245 1400043
16 211 199999
40 59 2000103
96 237 799993
97 276 1300033
66 147 299998
151 323 599995
14 313 499996
16 17 299998
154 399 100000
314 392 1900093
231 278 1400043
253 297 1800083
42 107 599995
207 240 1100013
199 254 1500053
43 289 100000
346 393 299998
225 368 1400043
61 356 499996
198 384 1300033
15 74 299998
344 386 799993
6 121 1600063
84 264 499996
63 348 599995
28 56 100000
100 379 1900093
203 233 1200023
178 383 1300033
75 282 1
129 363 1700073
2 92 699994
205 312 1700073
170 196 1400043
104 109 299998
217 399 899992
51 269 1300033
51 368 699994
151 258 1700073
100 333 399997
168 244 799993
61 281 1500053
86 307 1300033
129 221 1100013
380 394 1
32 95 199999
323 349 499996
91 210 399997
5 159 899992
15 34 1500053
175 229 1
256 354 1800083
237 398 1900093
139 151 1200023
327 392 1200023
70 294 699994
174 304 399997
122 218 100000
125 139 100000
119 262 1800083
16 62 2000103
189 253 1100013
16 18 100000
157 368 399997
272 279 199999
100 218 1300033
117 135 199999
206 336 1700073
132 271 899992
240 312 100000
147 326 499996
3 165 699994
123 370 2000103
288 371 1100013
45 303 2000103
45 328 199999
92 281 1100013
119 265 100000
78 261 299998
243 280 1300033
140 184 1800083
322 365 699994
148 266 1500053
51 195 2000103
33 226 799993
34 195 100000
23 41 1600063
293 339 1700073
21 269 699994
264 268 399997
99 137 899992
39 110 1800083
207 254 1
68 80 1500053
64 236 499996
229 332 899992
6 247 1300033
51 367 699994
31 291 899992
279 280 699994
72 292 1200023
239 268 799993
163 308 2000103
160 282 499996
55 301 799993
57 361 599995
243 331 199999
144 230 299998
49 180 499996
184 261 1500053
271 389 199999
199 268 1900093
0 192 599995
214 273 2000103
298 358 499996
115 280 699994
121 170 1700073
124 131 1500053
73 252 1300033
138 310 899992
225 301 299998
333 395 1800083
172 182 100000
155 270 199999
227 362 899992
233 267 1300033
43 281 1500053
94 312 1500053
30 386 1200023
213 297 1100013
5 155 1400043
279 307 599995
110 121 1100013
236 240 299998
231 294 1100013
247 313 2000103
13 213 1600063
146 392 1600063
177 346 100000
169 249 1100013
55 299 299998
66 383 1400043
256 351 1700073
130 357 1700073
132 154 1400043
22 304 100000
206 218 1300033
260 335 1900093
312 380 499996
25 49 1700073
162 367 1700073
115 325 799993
87 324 1
205 318 1300033
37 116 299998
8 227 399997
21 256 1900093
19 272 1200023
45 91 199999
90 387 499996
4 15 899992
11 160 1600063
90 291 1
34 388 1100013
240 285 699994
123 193 899992
141 174 499996
34 253 199999
128 231 299998
46 393 699994
69 205 1200023
197 299 1800083
70 163 599995
185 260 799993
42 333 1300033
108 324 499996
188 288 1100013
56 145 1500053
64 218 1200023
165 190 499996
97 379 100000
130 310 1600063
134 393 199999
114 257 1400043
156 197 1500053
29 147 899992
22 51 2000103
337 377 1
86 157 899992
109 263 699994
20 39 499996
64 211 1800083
52 358 1100013
74 343 1200023
122 293 499996
197 232 1400043
301 338 1200023
128 385 299998
43 367 1300033
92 399 1200023
126 357 1400043
70 144 499996
149 266 100000
87 282 1
114 217 1700073
197 207 1700073
137 209 1200023
5 252 2000103
294 310 1800083
90 336 1400043
92 137 1800083
132 202 599995
369 379 1400043
161 362 1200023
188 396 1900093
98 258 799993
218 222 399997
213 322 2000103
15 276 1800083
89 186 1500053
175 312 2000103
38 242 1100013
54 347 1500053
173 354 100000
198 320 899992
221 324 100000
92 372 1700073
49 268 1500053
268 368 199999
25 147 1
163 205 499996
10 37 1100013
31 56 1
19 155 1800083
94 240 1600063
135 170 1600063
298 313 899992
177 350 2000103
228 340 1800083
128 267 799993
18 220 1900093
102 369 299998
195 245 1500053
263 334 1800083
244 273 199999
257 307 1500053
279 385 1
18 327 1100013
352 394 1300033
178 346 1900093
139 337 599995
320 333 199999
59 264 599995
389 393 599995
131 226 1600063
136 330 1500053
4 235 1700073
139 280 599995
53 341 1500053
213 368 199999
201 215 199999
111 266 1600063
112 326 1300033
96 371 1600063
263 296 499996
172 185 399997
76 175 1
193 232 1300033
28 100 199999
27 317 1
222 289 199999
343 347 1800083
20 388 399997
138 271 1800083
46 230 1
158 300 1100013
21 183 1400043
207 350 199999
38 82 1500053
255 393 199999
51 56 1400043
216 300 899992
175 298 1500053
107 262 599995
265 320 1
83 361 1400043
16 177 1500053
19 42 699994
178 318 299998
346 373 1
124 253 100000
33 193 299998
183 360 1400043
86 364 299998
26 393 899992
181 351 1900093
199 257 399997
0 101 199999
44 218 1600063
174 342 2000103
322 390 299998
238 272 1200023
336 352 399997
18 211 1500053
262 359 799993
53 139 699994
186 328 599995
68 114 1200023
21 398 1900093
136 314 399997
183 193 899992
273 296 100000
38 96 1
125 365 299998
57 82 1100013
9 276 1200023
80 245 799993
329 354 1100013
278 354 1900093
17 274 1900093
45 205 100000
201 326 1500053
102 363 1600063
68 390 1800083
248 349 1
108 283 699994
82 215 100000
158 288 1400043
9 310 1
45 125 699994
72 228 1800083
23 126 199999
74 151 1100013
259 268 399997
363 367 1200023
209 343 799993
50 310 499996
196 309 1100013
271 318 1700073
178 287 1800083
271 331 1700073
57 78 1200023
144 175 599995
127 201 899992
11 33 1200023
263 329 1500053
97 164 699994
9 375 199999
53 131 399997
70 301 899992
189 389 1800083
190 312 1900093
168 328 499996
45 298 1200023
163 318 899992
47 326 100000
251 396 399997
215 371 1500053
173 303 1300033
10 383 1900093
218 276 599995
45 247 1200023
26 107 2000103
116 333 699994
93 138 299998
255 380 1900093
176 334 1
21 223 499996
63 111 1800083
197 247 1600063
114 318 199999
337 339 100000
270 370 699994
79 93 1300033
187 274 799993
159 349 599995
109 110 1200023
146 317 499996
187 315 1900093
224 297 1100013
274 307 799993
144 391 1200023
62 386 1
248 388 1300033
9 393 1300033
211 397 1700073
153 209 1100013
53 144 299998
323 346 1400043
51 158 100000
183 345 1500053
40 242 199999
161 307 499996
1 358 1200023
122 141 799993
144 366 899992
11 68 1200023
127 391 1200023
38 357 1700073
86 103 1400043
23 257 799993
280 292 1300033
94 268 2000103
130 177 499996
7 241 1800083
212 221 1800083
9 216 1900093
161 217 1500053
67 214 1100013
8 291 599995
6 120 1400043
48 216 1700073
42 362 1300033
118 258 1200023
109 340 1700073
36 283 899992
32 259 599995
173 229 599995
67 314 599995
33 338 1
224 369 899992
93 216 299998
133 158 1500053
277 319 399997
16 294 1100013
371 399 699994
9 293 699994
346 379 699994
234 265 1800083
106 339 899992
7 332 499996
113 355 1400043
167 357 1
123 176 1200023
96 162 199999
239 295 599995
108 311 2000103
193 196 599995
44 193 499996
266 296 1300033
308 332 2000103
259 292 1700073
31 386 1400043
61 184 599995
112 241 899992
177 329 1700073
57 153 1100013
114 213 1200023
172 310 1100013
149 199 499996
86 326 199999
154 284 399997
163 315 299998
89 189 1900093
288 315 1500053
156 381 499996
5 243 1300033
82 319 1400043
24 69 699994
44 245 799993
227 322 599995
127 162 1
10 89 1100013
131 209 1800083
71 175 799993
52 117 1900093
105 131 1200023
170 229 100000
241 333 1300033
118 345 1400043
44 47 100000
93 337 1200023
35 321 1400043
118 152 1200023
284 300 1700073
127 296 1900093
97 363 1700073
164 328 1700073
140 192 2000103
3 313 1400043
168 370 1100013
30 180 1200023
224 356 1100013
275 317 1
318 397 199999
184 200 1900093
290 319 1100013
4 262 399997
111 231 1200023
20 214 199999
61 260 1700073
171 291 1700073
105 294 399997
298 309 699994
68 373 1300033
34 113 1
39 342 1500053
157 336 2000103
76 208 1500053
33 114 1300033
164 384 1200023
20 217 1100013
197 297 1800083
153 167 1100013
95 211 1100013
101 167 1400043
22 118 1900093
79 152 699994
66 179 1500053
5 142 1800083
187 314 1200023
154 227 1100013
151 329 799993
35 347 599995
229 245 499996
5 284 1700073
56 206 100000
97 228 399997
13 112 199999
28 269 1100013
21 328 799993
133 285 199999
16 124 199999
112 113 699994
296 378 1900093
342 387 1300033
26 97 699994
65 179 1700073
192 203 599995
200 328 499996
24 151 299998
85 257 1400043
16 105 399997
322 375 199999
104 397 1500053
56 76 199999
37 98 799993
138 380 799993
108 227 599995
163 328 1300033
238 305 1900093
184 194 1200023
276 350 1800083
7 365 1200023
3 219 1100013
76 253 1500053
46 59 1800083
243 258 1700073
181 269 1600063
151 212 699994
65 266 1200023
141 290 1500053
199 291 1100013
12 228 1700073
145 232 199999
167 271 1800083
70 155 1200023
195 269 1400043
122 162 1800083
244 286 199999
258 392 1
190 359 1600063
114 248 1500053
263 332 799993
63 244 1500053
263 373 499996
163 355 1500053
295 368 2000103
32 185 100000
279 321 1900093
182 333 1800083
116 160 2000103
172 225 1400043
234 278 1800083
203 254 1900093
69 173 699994
158 287 1600063
65 259 199999
238 369 1300033
255 262 799993
84 198 100000
57 395 399997
16 30 699994
52 194 1300033
108 185 1600063
236 300 399997
21 194 599995
173 260 2000103
128 148 1500053
102 301 299998
135 351 1700073
188 348 1700073
94 246 799993
247 262 599995
179 238 1700073
12 73 1
143 253 1300033
78 348 299998
107 268 599995
17 71 1200023
22 32 399997
171 244 100000
86 202 699994
130 148 1100013
94 390 899992
123 319 1900093
28 352 2000103
189 288 1700073
212 336 1700073
16 79 399997
96 179 1
76 302 1100013
122 336 599995
61 138 100000
194 258 299998
135 257 399997
8 146 199999
185 315 599995
113 218 1
246 309 199999
309 340 399997
288 307 1600063
55 266 299998
155 166 1
205 306 1200023
115 380 299998
89 227 499996
240 384 1600063
73 314 1800083
180 211 499996
35 296 1200023
115 295 399997
153 275 1100013
293 325 299998
21 208 1800083
169 214 499996
79 312 1600063
80 346 899992
79 264 1300033
34 397 799993
48 357 100000
11 398 1800083
10 101 100000
69 295 1800083
58 284 1100013
255 361 299998
170 219 799993
182 267 1200023
8 69 1
16 359 699994
289 381 199999
146 230 1700073
182 368 1900093
15 114 899992
232 305 2000103
211 393 100000
213 250 1400043
70 106 599995
8 198 1100013
174 366 1700073
283 369 1
196 380 299998
244 245 699994
57 391 899992
122 202 199999
168 327 699994
249 271 1700073
96 353 1500053
181 285 1300033
27 232 899992
347 395 2000103
150 237 1700073
63 252 1400043
159 307 399997
105 269 1700073
137 346 199999
62 86 1
316 377 1300033
10 351 499996
215 274 1800083
30 195 1400043
157 307 1300033
201 204 799993
90 342 899992
12 53 100000
207 208 100000
165 314 299998
210 286 1900093
242 300 2000103
60 156 599995
163 307 1200023
49 235 799993
45 302 499996
103 137 299998
93 268 899992
263 328 1900093
133 239 1900093
113 329 1300033
293 399 1500053
84 248 2000103
59 302 799993
219 365 1400043
186 359 1700073
220 262 1100013
101 351 299998
280 379 1
64 302 899992
0 367 100000
91 171 1800083
131 179 1800083
256 325 1
82 279 299998
208 320 399997
257 263 599995
93 129 599995
106 380 1100013
222 236 1500053
189 340 100000
180 287 799993
77 163 1300033
184 247 1200023
151 250 1600063
111 215 1600063
355 373 599995
224 253 1
335 346 799993
300 396 699994
259 376 1400043
2 186 599995
130 215 1700073
170 295 1300033
68 290 1100013
349 390 1100013
71 389 1300033
15 244 1
40 380 699994
103 370 1900093
80 302 399997
140 283 1200023
204 387 1100013
3 277 1800083
108 385 599995
179 319 1800083
226 378 599995
13 160 1600063
181 342 799993
127 355 1700073
5 378 1200023
327 343 1600063
180 377 1700073
42 235 1800083
254 297 799993
64 282 1200023
88 106 1200023
39 290 799993
330 370 299998
13 390 1700073
24 120 1
171 240 799993
100 351 399997
233 288 199999
140 378 199999
206 257 899992
103 386 1500053
25 297 699994
108 124 799993
28 153 1500053
347 392 1900093
12 238 899992
40 122 2000103
76 307 2000103
31 70 100000
20 120 1700073
141 250 1400043
12 93 1800083
57 323 1800083
39 344 199999
211 295 899992
93 94 1700073
335 379 399997
231 376 1100013
24 391 1800083
178 323 1900093
189 361 1900093
292 334 1900093
204 378 1900093
147 324 899992
2 244 399997
60 197 1900093
197 312 599995
47 285 399997
92 391 1500053
77 329 699994
248 399 499996
17 175 1200023
89 143 399997
101 390 1500053
204 329 1300033
65 376 899992
107 195 299998
244 304 199999
65 180 499996
67 192 1400043
295 336 199999
201 378 799993
8 267 1600063
116 209 1800083
7 237 1200023
263 327 100000
228 366 2000103
233 280 1700073
63 352 499996
