EDGELIST
400 1600 2 36552692
135 235 500006
86 393 1000001
16 243 1000001
91 268 700071
249 296 300008
137 315 700004
124 359 300031
3 246 1000101
36 108 400041
46 114 400041
192 262 1000001
114 335 700071
176 339 500006
72 300 200021
243 274 400041
246 352 400041
23 244 200021
18 209 500051
225 367 300031
37 305 400041
132 372 600005
159 326 500051
68 69 600005
77 162 900002
66 264 900002
222 339 900002
36 398 300031
272 327 400041
94 358 600061
208 234 1000101
205 235 1000101
12 197 100011
342 347 600061
23 338 300031
60 266 1000001
91 324 200021
265 333 900002
124 163 900091
111 302 700071
19 164 200021
39 246 1000001
44 322 500051
69 219 900091
113 173 900091
84 309 600061
98 117 800081
230 262 500006
11 112 200021
283 321 800003
45 131 300031
366 397 400007
90 293 700004
6 14 800081
31 326 500051
109 280 500006
237 277 300031
168 275 1000101
42 103 300008
77 152 600005
153 381 900091
164 375 500051
124 196 700004
179 281 500051
11 143 500006
281 303 300008
13 361 700004
68 310 400007
40 134 100010
5 163 100010
173 320 700071
31 227 600005
169 344 600061
215 238 400041
243 302 900002
289 361 700004
175 390 900002
150 280 800003
185 210 200021
78 200 400007
194 203 900002
271 317 500051
152 347 200009
31 380 800003
340 378 300008
45 365 900091
135 349 400007
126 216 100011
230 398 100011
80 84 800081
87 191 200021
80 173 800003
35 383 300008
350 394 700071
155 283 1000001
16 274 500051
89 207 400041
33 185 900002
272 360 100011
190 398 600061
10 225 900002
22 319 600005
72 274 600061
65 237 600005
78 313 400007
31 172 400041
44 246 700004
208 301 900091
78 145 900002
177 240 500006
133 276 500051
183 216 700071
92 179 100011
16 317 900091
102 314 300031
327 382 700071
62 81 200021
83 228 1000101
80 112 200009
370 393 800081
141 323 500051
19 292 200021
73 193 100011
152 270 400007
167 211 1000001
86 273 900002
87 137 200021
31 316 400007
34 127 100010
51 341 800081
37 233 400041
46 192 300031
106 272 1000101
173 304 300031
120 258 400007
110 205 1000101
79 345 500051
302 331 400007
63 152 700004
102 145 700004
272 366 500051
269 344 700071
124 276 900091
171 342 700004
51 73 600005
88 314 300008
202 354 100011
66 178 600061
81 159 100011
169 378 700004
14 130 900002
165 394 300031
218 299 500051
11 231 700071
51 201 1000101
48 166 800081
100 262 900002
38 336 1000101
11 19 200009
90 259 900002
74 350 300008
2 147 400007
42 125 600061
63 88 500006
90 247 500051
184 209 400007
98 123 800081
104 218 200021
150 209 700004
149 341 500051
151 299 800003
8 60 400041
158 307 700071
193 274 100011
47 175 1000101
63 378 800003
93 267 600061
96 264 200021
6 325 700004
33 364 600061
100 129 600005
113 260 600005
129 262 800003
322 329 700071
223 251 400041
58 229 1000001
83 217 100011
58 392 600061
56 286 700071
63 332 700071
75 117 900002
258 306 500051
204 241 800081
160 243 700004
248 303 900002
74 192 300031
101 244 800081
124 381 900091
92 345 1000001
349 358 700004
85 304 700071
289 378 400041
255 388 700071
36 363 100011
168 305 400041
66 304 400007
183 202 400007
63 70 1000101
134 389 800081
87 384 200009
227 265 600005
148 357 100011
51 398 300031
203 283 700071
56 133 200021
185 258 1000001
26 334 600005
142 249 800003
220 342 400007
109 189 1000101
171 378 600005
22 246 800081
75 185 100011
27 202 600061
234 315 200021
187 191 400041
7 134 100010
265 396 400007
61 262 300031
184 343 100011
355 390 700071
1 257 400007
44 53 500051
93 236 600061
80 186 1000001
294 319 900091
183 318 700004
29 101 200009
177 386 500006
45 156 900091
62 112 100011
311 396 600061
200 233 200009
89 179 400007
6 372 900002
186 341 1000001
225 254 200021
93 305 300008
251 294 600005
228 343 300008
200 246 700004
73 251 100011
357 386 100010
20 26 800003
181 293 400007
81 263 300031
83 294 700004
116 386 900091
229 366 600005
44 72 200009
35 107 900091
177 371 1000001
198 224 400041
201 218 600061
296 342 900091
28 43 400007
18 189 800081
237 243 800003
147 299 200021
178 354 800081
2 31 800081
58 329 800081
16 54 600061
202 381 900091
101 394 200021
29 322 200021
59 296 700071
124 259 500006
0 29 900002
330 345 400041
186 397 600005
5 240 100010
275 285 700004
80 108 700004
31 358 700071
316 353 400041
194 369 300031
60 79 500006
246 266 100010
147 381 800003
237 352 100010
124 136 300008
94 211 800003
336 399 900091
126 379 800003
330 369 800081
196 210 500006
14 283 1000101
51 339 700071
5 84 600005
262 316 500006
36 304 900002
38 280 100010
35 208 500006
222 265 1000001
353 383 500006
11 70 1000001
42 238 800003
179 216 800003
58 176 800003
132 211 100010
6 379 100011
80 162 700071
14 188 1000101
135 136 700004
81 219 400007
94 382 400007
4 5 100011
129 181 100011
36 344 700004
158 223 600061
75 302 600005
1 288 100011
86 245 700004
149 349 600061
130 212 500051
170 376 500051
196 221 100010
176 193 400041
73 169 100010
0 106 900091
21 49 500051
23 206 900091
76 92 700004
6 360 600005
25 33 600061
309 310 500051
185 243 500051
161 393 100010
51 136 500006
72 130 700071
191 237 200021
23 99 300031
156 177 500051
205 268 500006
66 236 700004
143 211 1000001
4 356 900002
98 164 1000101
202 256 100010
337 374 800003
273 321 700004
188 268 600061
55 69 400007
83 371 400007
62 285 900091
210 338 800003
90 395 900002
30 356 500051
1 131 400041
99 277 700004
2 11 300031
335 385 900002
67 269 900002
66 104 900002
204 346 400041
131 229 800081
261 335 1000001
255 266 200009
92 351 900091
265 294 600061
42 221 200009
320 334 1000101
303 317 300008
209 388 200021
168 204 800081
135 289 100011
125 324 1000101
259 395 700004
94 188 300031
107 218 100010
244 277 800081
30 380 900091
116 153 400007
200 364 900091
165 282 100011
195 206 100010
128 320 100011
99 309 100011
185 203 600005
163 357 700071
2 314 700071
309 322 900091
261 370 900002
262 383 500006
330 340 1000001
106 173 600061
148 379 800081
176 290 400041
54 170 300008
91 333 500006
77 79 100010
68 228 300008
36 229 800081
133 238 500051
53 133 300031
28 363 700004
224 362 900091
5 340 900091
189 318 400041
151 173 600061
72 114 100010
83 151 800081
41 186 500006
64 223 200009
315 324 700071
117 380 500006
18 356 1000001
22 350 1000101
182 210 500006
332 360 800003
105 307 600005
53 77 500006
336 347 1000001
88 194 800081
3 243 200021
50 360 500051
322 396 700004
37 69 900091
79 371 900002
99 313 500006
70 273 700071
69 155 500051
139 282 1000101
84 243 100010
101 270 900091
200 301 700004
102 390 1000001
81 131 600005
56 279 500051
188 375 700004
106 367 500051
72 120 500006
87 276 700004
123 149 400007
91 355 400007
7 124 800081
64 161 400041
207 344 200009
42 369 800081
128 323 200009
52 284 400041
74 384 500006
285 297 500051
3 383 900091
192 358 700071
170 185 900002
75 370 900002
64 91 400041
109 128 100011
87 245 1000101
363 374 500051
223 353 900091
5 207 900091
58 156 500051
90 171 300008
166 229 400041
38 120 300031
46 80 700071
159 317 1000101
255 390 1000101
89 390 200009
174 189 900091
209 366 500051
189 269 400041
212 306 900091
2 161 1000001
227 236 1000001
146 270 300008
180 296 1000001
102 103 400041
17 150 300008
65 396 700071
60 81 900002
37 172 400007
105 106 800003
28 136 900091
10 45 800081
48 378 700071
106 266 600005
30 33 100011
59 210 1000001
240 340 100010
65 181 400007
119 275 900002
158 245 1000101
271 325 700071
69 194 1000101
87 248 700004
254 363 200009
79 112 200021
47 378 500006
1 117 1000001
44 90 600061
1 315 400007
71 179 700004
145 188 700004
140 359 800003
165 395 1000001
16 131 500051
110 275 200009
26 300 300008
252 276 700071
155 310 200009
283 284 700071
5 394 200009
73 143 900091
32 81 500006
107 157 800003
285 327 400007
220 380 400007
10 363 800003
120 126 400041
11 35 1000101
64 275 200021
256 362 600005
143 281 500051
216 226 800003
216 272 600005
68 127 800003
30 316 1000001
30 238 600005
75 270 400007
354 384 100010
44 325 300031
31 42 400007
36 352 200009
295 348 600061
33 396 800081
212 363 800081
190 353 800003
83 122 400007
33 136 600005
9 292 400007
25 382 700004
264 272 700004
118 134 1000001
121 355 100011
85 184 600061
65 201 100011
44 367 900002
37 59 700004
211 343 200009
330 368 900091
4 385 800003
189 247 700004
114 243 1000001
117 169 700004
253 346 900091
184 225 200009
378 392 1000001
101 161 900002
1 275 300031
50 193 400041
6 125 700071
215 246 700071
304 372 1000001
225 359 100010
190 319 700004
102 339 100011
103 387 200021
7 312 500006
212 309 400041
24 261 800003
210 314 1000001
17 340 1000101
296 354 500051
181 282 800081
219 392 200009
168 374 700004
102 328 900091
85 328 600061
257 306 500051
248 380 700071
81 298 300008
17 361 700071
245 287 600061
91 199 600005
81 319 600005
1 307 200009
147 394 1000001
109 114 400007
154 299 800003
17 191 800081
160 354 900091
64 345 600005
154 394 900002
37 145 900091
281 356 200021
194 383 200009
160 286 400041
115 277 600005
210 344 1000001
60 103 400007
267 283 100010
51 63 900002
222 373 800003
319 325 200009
152 190 600061
364 373 200021
292 300 900091
351 355 300008
286 303 600061
177 321 100010
88 370 600061
110 343 200009
196 267 1000001
204 356 800081
329 340 400007
22 189 100010
16 199 900002
7 45 900002
199 226 100011
23 387 100010
148 207 400007
77 174 900002
186 298 100010
235 244 100010
180 244 200009
190 343 700004
64 107 600005
76 213 700004
156 196 600005
86 136 1000001
80 326 800003
206 390 600005
178 231 400007
267 287 600061
262 320 500006
176 386 700071
66 334 300008
7 210 600005
2 112 1000101
45 186 500051
108 114 500006
32 39 500006
109 314 900002
1 6 700004
200 275 900002
37 263 800081
87 341 600061
156 392 700071
79 224 200021
161 164 200021
54 229 600061
33 55 100011
14 290 200021
214 373 400007
158 372 800081
202 375 200021
47 217 500051
152 398 300031
27 297 500051
368 369 200021
338 356 500006
250 394 500051
50 174 400041
200 208 800081
60 343 900091
116 305 300008
116 293 300031
103 161 400041
217 294 800003
35 331 800081
3 343 600005
249 359 600061
151 247 700004
213 233 200021
93 379 300031
103 239 800081
241 395 500006
61 216 300031
157 207 400007
22 373 500051
23 147 500051
105 229 800081
271 294 300008
228 284 100010
102 389 700071
6 129 900002
50 345 200009
360 362 100011
143 178 700004
117 226 700071
225 308 500006
166 371 600005
14 350 600061
128 355 200009
37 272 900002
271 311 900091
267 331 900002
103 305 900002
115 286 200021
296 365 200009
141 153 700071
98 364 800081
41 68 400007
0 250 300008
4 229 1000001
346 376 400007
149 308 200021
71 147 300031
177 391 100011
24 342 400041
98 352 200021
77 396 500006
109 246 600005
169 299 100010
72 312 300031
212 397 600061
260 377 800081
13 248 900002
236 306 100011
13 355 300031
148 236 400041
156 393 100011
20 373 700071
63 186 400007
146 347 700004
19 343 800003
53 88 400041
157 357 600005
77 150 700071
106 215 800003
54 114 900002
6 248 700004
59 393 400007
23 266 700071
151 275 100010
27 215 400041
24 282 500051
141 278 400007
178 281 500051
325 339 700004
110 374 800003
142 158 400041
211 396 700004
219 230 300008
191 345 500006
20 219 900091
38 63 600061
52 188 400041
333 342 600005
196 202 700071
81 188 500051
102 364 800081
139 343 100010
19 254 200021
198 293 400007
282 336 800003
95 252 1000101
108 251 500006
195 213 700004
261 282 200009
72 96 400041
161 277 1000101
65 386 800003
79 265 600005
61 122 700004
176 325 700071
269 275 800081
53 155 600005
199 379 400007
124 388 400007
144 185 100010
133 160 300031
22 365 800081
287 379 100011
189 312 300031
47 271 400041
145 286 100010
53 110 300031
324 375 1000001
63 72 600005
164 273 600061
105 110 800081
74 149 800003
0 348 1000001
134 245 400041
16 211 800003
40 59 1000101
96 237 200009
97 276 300031
66 147 700004
151 323 400007
14 313 500006
16 17 700004
154 399 900002
314 392 900091
231 278 400041
253 297 800081
42 107 400007
207 240 100011
199 254 500051
43 289 900002
346 393 700004
225 368 400041
61 356 500006
198 384 300031
15 74 700004
344 386 200009
6 121 600061
84 264 500006
63 348 400007
28 56 900002
100 379 900091
203 233 200021
178 383 300031
75 282 1000001
129 363 700071
2 92 300008
205 312 700071
170 196 400041
104 109 700004
217 399 100010
51 269 300031
51 368 300008
151 258 700071
100 333 600005
168 244 200009
61 281 500051
86 307 300031
129 221 100011
380 394 1000001
32 95 800003
323 349 500006
91 210 600005
5 159 100010
15 34 500051
175 229 1000001
256 354 800081
237 398 900091
139 151 200021
327 392 200021
70 294 300008
174 304 600005
122 218 900002
125 139 900002
119 262 800081
16 62 1000101
189 253 100011
16 18 900002
157 368 600005
272 279 800003
100 218 300031
117 135 800003
206 336 700071
132 271 100010
240 312 900002
147 326 500006
3 165 300008
123 370 1000101
288 371 100011
45 303 1000101
45 328 800003
92 281 100011
119 265 900002
78 261 700004
243 280 300031
140 184 800081
322 365 300008
148 266 500051
51 195 1000101
33 226 200009
34 195 900002
23 41 600061
293 339 700071
21 269 300008
264 268 600005
99 137 100010
39 110 800081
207 254 1000001
68 80 500051
64 236 500006
229 332 100010
6 247 300031
51 367 300008
31 291 100010
279 280 300008
72 292 200021
239 268 200009
163 308 1000101
160 282 500006
55 301 200009
57 361 400007
243 331 800003
144 230 700004
49 180 500006
184 261 500051
271 389 800003
199 268 900091
0 192 400007
214 273 1000101
298 358 500006
115 280 300008
121 170 700071
124 131 500051
73 252 300031
138 310 100010
225 301 700004
333 395 800081
172 182 900002
155 270 800003
227 362 100010
233 267 300031
43 281 500051
94 312 500051
30 386 200021
213 297 100011
5 155 400041
279 307 400007
110 121 100011
236 240 700004
231 294 100011
247 313 1000101
13 213 600061
146 392 600061
177 346 900002
169 249 100011
55 299 700004
66 383 400041
256 351 700071
130 357 700071
132 154 400041
22 304 900002
206 218 300031
260 335 900091
312 380 500006
25 49 700071
162 367 700071
115 325 200009
87 324 1000001
205 318 300031
37 116 700004
8 227 600005
21 256 900091
19 272 200021
45 91 800003
90 387 500006
4 15 100010
11 160 600061
90 291 1000001
34 388 100011
240 285 300008
123 193 100010
141 174 500006
34 253 800003
128 231 700004
46 393 300008
69 205 200021
197 299 800081
70 163 400007
185 260 200009
42 333 300031
108 324 500006
188 288 100011
56 145 500051
64 218 200021
165 190 500006
97 379 900002
130 310 600061
134 393 800003
114 257 400041
156 197 500051
29 147 100010
22 51 1000101
337 377 1000001
86 157 100010
109 263 300008
20 39 500006
64 211 800081
52 358 100011
74 343 200021
122 293 500006
197 232 400041
301 338 200021
128 385 700004
43 367 300031
92 399 200021
126 357 400041
70 144 500006
149 266 900002
87 282 1000001
114 217 700071
197 207 700071
137 209 200021
5 252 1000101
294 310 800081
90 336 400041
92 137 800081
132 202 400007
369 379 400041
161 362 200021
188 396 900091
98 258 200009
218 222 600005
213 322 1000101
15 276 800081
89 186 500051
175 312 1000101
38 242 100011
54 347 500051
173 354 900002
198 320 100010
221 324 900002
92 372 700071
49 268 500051
268 368 800003
25 147 1000001
163 205 500006
10 37 100011
31 56 1000001
19 155 800081
94 240 600061
135 170 600061
298 313 100010
177 350 1000101
228 340 800081
128 267 200009
18 220 900091
102 369 700004
195 245 500051
263 334 800081
244 273 800003
257 307 500051
279 385 1000001
18 327 100011
352 394 300031
178 346 900091
139 337 400007
320 333 800003
59 264 400007
389 393 400007
131 226 600061
136 330 500051
4 235 700071
139 280 400007
53 341 500051
213 368 800003
201 215 800003
111 266 600061
112 326 300031
96 371 600061
263 296 500006
172 185 600005
76 175 1000001
193 232 300031
28 100 800003
27 317 1000001
222 289 800003
343 347 800081
20 388 600005
138 271 800081
46 230 1000001
158 300 100011
21 183 400041
207 350 800003
38 82 500051
255 393 800003
51 56 400041
216 300 100010
175 298 500051
107 262 400007
265 320 1000001
83 361 400041
16 177 500051
19 42 300008
178 318 700004
346 373 1000001
124 253 900002
33 193 700004
183 360 400041
86 364 700004
26 393 100010
181 351 900091
199 257 600005
0 101 800003
44 218 600061
174 342 1000101
322 390 700004
238 272 200021
336 352 600005
18 211 500051
262 359 200009
53 139 300008
186 328 400007
68 114 200021
21 398 900091
136 314 600005
183 193 100010
273 296 900002
38 96 1000001
125 365 700004
57 82 100011
9 276 200021
80 245 200009
329 354 100011
278 354 900091
17 274 900091
45 205 900002
201 326 500051
102 363 600061
68 390 800081
248 349 1000001
108 283 300008
82 215 900002
158 288 400041
9 310 1000001
45 125 300008
72 228 800081
23 126 800003
74 151 100011
259 268 600005
363 367 200021
209 343 200009
50 310 500006
196 309 100011
271 318 700071
178 287 800081
271 331 700071
57 78 200021
144 175 400007
127 201 100010
11 33 200021
263 329 500051
97 164 300008
9 375 800003
53 131 600005
70 301 100010
189 389 800081
190 312 900091
168 328 500006
45 298 200021
163 318 100010
47 326 900002
251 396 600005
215 371 500051
173 303 300031
10 383 900091
218 276 400007
45 247 200021
26 107 1000101
116 333 300008
93 138 700004
255 380 900091
176 334 1000001
21 223 500006
63 111 800081
197 247 600061
114 318 800003
337 339 900002
270 370 300008
79 93 300031
187 274 200009
159 349 400007
109 110 200021
146 317 500006
187 315 900091
224 297 100011
274 307 200009
144 391 200021
62 386 1000001
248 388 300031
9 393 300031
211 397 700071
153 209 100011
53 144 700004
323 346 400041
51 158 900002
183 345 500051
40 242 800003
161 307 500006
1 358 200021
122 141 200009
144 366 100010
11 68 200021
127 391 200021
38 357 700071
86 103 400041
23 257 200009
280 292 300031
94 268 1000101
130 177 500006
7 241 800081
212 221 800081
9 216 900091
161 217 500051
67 214 100011
8 291 400007
6 120 400041
48 216 700071
42 362 300031
118 258 200021
109 340 700071
36 283 100010
32 259 400007
173 229 400007
67 314 400007
33 338 1000001
224 369 100010
93 216 700004
133 158 500051
277 319 600005
16 294 100011
371 399 300008
9 293 300008
346 379 300008
234 265 800081
106 339 100010
7 332 500006
113 355 400041
167 357 1000001
123 176 200021
96 162 800003
239 295 400007
108 311 1000101
193 196 400007
44 193 500006
266 296 300031
308 332 1000101
259 292 700071
31 386 400041
61 184 400007
112 241 100010
177 329 700071
57 153 100011
114 213 200021
172 310 100011
149 199 500006
86 326 800003
154 284 600005
163 315 700004
89 189 900091
288 315 500051
156 381 500006
5 243 300031
82 319 400041
24 69 300008
44 245 200009
227 322 400007
127 162 1000001
10 89 100011
131 209 800081
71 175 200009
52 117 900091
105 131 200021
170 229 900002
241 333 300031
118 345 400041
44 47 900002
93 337 200021
35 321 400041
118 152 200021
284 300 700071
127 296 900091
97 363 700071
164 328 700071
140 192 1000101
3 313 400041
168 370 100011
30 180 200021
224 356 100011
275 317 1000001
318 397 800003
184 200 900091
290 319 100011
4 262 600005
111 231 200021
20 214 800003
61 260 700071
171 291 700071
105 294 600005
298 309 300008
68 373 300031
34 113 1000001
39 342 500051
157 336 1000101
76 208 500051
33 114 300031
164 384 200021
20 217 100011
197 297 800081
153 167 100011
95 211 100011
101 167 400041
22 118 900091
79 152 300008
66 179 500051
5 142 800081
187 314 200021
154 227 100011
151 329 200009
35 347 400007
229 245 500006
5 284 700071
56 206 900002
97 228 600005
13 112 800003
28 269 100011
21 328 200009
133 285 800003
16 124 800003
112 113 300008
296 378 900091
342 387 300031
26 97 300008
65 179 700071
192 203 400007
200 328 500006
24 151 700004
85 257 400041
16 105 600005
322 375 800003
104 397 500051
56 76 800003
37 98 200009
138 380 200009
108 227 400007
163 328 300031
238 305 900091
184 194 200021
276 350 800081
7 365 200021
3 219 100011
76 253 500051
46 59 800081
243 258 700071
181 269 600061
151 212 300008
65 266 200021
141 290 500051
199 291 100011
12 228 700071
145 232 800003
167 271 800081
70 155 200021
195 269 400041
122 162 800081
244 286 800003
258 392 1000001
190 359 600061
114 248 500051
263 332 200009
63 244 500051
263 373 500006
163 355 500051
295 368 1000101
32 185 900002
279 321 900091
182 333 800081
116 160 1000101
172 225 400041
234 278 800081
203 254 900091
69 173 300008
158 287 600061
65 259 800003
238 369 300031
255 262 200009
84 198 900002
57 395 600005
16 30 300008
52 194 300031
108 185 600061
236 300 600005
21 194 400007
173 260 1000101
128 148 500051
102 301 700004
135 351 700071
188 348 700071
94 246 200009
247 262 400007
179 238 700071
12 73 1000001
143 253 300031
78 348 700004
107 268 400007
17 71 200021
22 32 600005
171 244 900002
86 202 300008
130 148 100011
94 390 100010
123 319 900091
28 352 1000101
189 288 700071
212 336 700071
16 79 600005
96 179 1000001
76 302 100011
122 336 400007
61 138 900002
194 258 700004
135 257 600005
8 146 800003
185 315 400007
113 218 1000001
246 309 800003
309 340 600005
288 307 600061
55 266 700004
155 166 1000001
205 306 200021
115 380 700004
89 227 500006
240 384 600061
73 314 800081
180 211 500006
35 296 200021
115 295 600005
153 275 100011
293 325 700004
21 208 800081
169 214 500006
79 312 600061
80 346 100010
79 264 300031
34 397 200009
48 357 900002
11 398 800081
10 101 900002
69 295 800081
58 284 100011
255 361 700004
170 219 200009
182 267 200021
8 69 1000001
16 359 300008
289 381 800003
146 230 700071
182 368 900091
15 114 100010
232 305 1000101
211 393 900002
213 250 400041
70 106 400007
8 198 100011
174 366 700071
283 369 1000001
196 380 700004
244 245 300008
57 391 100010
122 202 800003
168 327 300008
249 271 700071
96 353 500051
181 285 300031
27 232 100010
347 395 1000101
150 237 700071
63 252 400041
159 307 600005
105 269 700071
137 346 800003
62 86 1000001
316 377 300031
10 351 500006
215 274 800081
30 195 400041
157 307 300031
201 204 200009
90 342 100010
12 53 900002
207 208 900002
165 314 700004
210 286 900091
242 300 1000101
60 156 400007
163 307 200021
49 235 200009
45 302 500006
103 137 700004
93 268 100010
263 328 900091
133 239 900091
113 329 300031
293 399 500051
84 248 1000101
59 302 200009
219 365 400041
186 359 700071
220 262 100011
101 351 700004
280 379 1000001
64 302 100010
0 367 900002
91 171 800081
131 179 800081
256 325 1000001
82 279 700004
208 320 600005
257 263 400007
93 129 400007
106 380 100011
222 236 500051
189 340 900002
180 287 200009
77 163 300031
184 247 200021
151 250 600061
111 215 600061
355 373 400007
224 253 1000001
335 346 200009
300 396 300008
259 376 400041
2 186 400007
130 215 700071
170 295 300031
68 290 100011
349 390 100011
71 389 300031
15 244 1000001
40 380 300008
103 370 900091
80 302 600005
140 283 200021
204 387 100011
3 277 800081
108 385 400007
179 319 800081
226 378 400007
13 160 600061
181 342 200009
127 355 700071
5 378 200021
327 343 600061
180 377 700071
42 235 800081
254 297 200009
64 282 200021
88 106 200021
39 290 200009
330 370 700004
13 390 700071
24 120 1000001
171 240 200009
100 351 600005
233 288 800003
140 378 800003
206 257 100010
103 386 500051
25 297 300008
108 124 200009
28 153 500051
347 392 900091
12 238 100010
40 122 1000101
76 307 1000101
31 70 900002
20 120 700071
141 250 400041
12 93 800081
57 323 800081
39 344 800003
211 295 100010
93 94 700071
335 379 600005
231 376 100011
24 391 800081
178 323 900091
189 361 900091
292 334 900091
204 378 900091
147 324 100010
2 244 600005
60 197 900091
197 312 400007
47 285 600005
92 391 500051
77 329 300008
248 399 500006
17 175 200021
89 143 600005
101 390 500051
204 329 300031
65 376 100010
107 195 700004
244 304 800003
65 180 500006
67 192 400041
295 336 800003
201 378 200009
8 267 600061
116 209 800081
7 237 200021
263 327 900002
228 366 1000101
233 280 700071
63 352 500006
