EDGELIST
500 2000 1 500001000
35 249 599995
124 447 899992
87 391 399997
204 342 2000103
108 382 399997
312 396 199999
170 230 100000
65 306 799993
20 283 1800083
169 272 599995
32 259 599995
173 258 1200023
198 367 399997
183 202 599995
351 492 1900093
262 264 1800083
55 156 1700073
76 202 1100013
455 470 799993
64 200 1900093
111 287 599995
26 320 1400043
183 412 1400043
427 434 899992
293 308 1900093
175 223 1900093
105 253 399997
172 176 2000103
156 197 1500053
322 441 1300033
286 462 1
297 366 599995
70 393 1800083
17 399 1500053
357 414 799993
134 389 1800083
77 377 1600063
97 226 699994
247 290 1500053
283 294 1100013
87 241 1300033
7 409 1900093
65 382 1100013
395 446 1500053
27 159 100000
319 477 399997
55 205 1400043
151 339 1700073
255 368 899992
351 446 599995
62 119 1800083
69 473 899992
196 480 299998
17 416 299998
40 236 299998
265 290 499996
83 102 899992
264 345 399997
266 306 399997
210 233 1200023
298 307 199999
123 426 199999
343 415 1700073
93 396 1600063
17 316 1900093
257 295 199999
298 381 699994
216 480 1
68 290 1100013
227 486 499996
250 271 1600063
181 309 899992
144 453 299998
284 487 1400043
280 489 1
57 325 599995
64 191 1400043
194 360 1100013
5 10 2000103
63 478 1500053
162 211 1900093
302 420 199999
254 365 1700073
209 316 100000
88 351 1700073
284 352 1400043
86 463 599995
387 474 799993
127 196 1900093
244 363 1500053
201 237 1900093
56 202 899992
89 405 2000103
168 407 599995
210 450 499996
47 243 1100013
242 289 1700073
172 224 1900093
3 386 1400043
47 274 1800083
417 452 1900093
179 280 1
72 140 1500053
5 156 1
96 435 1200023
26 220 199999
120 198 1
262 380 899992
386 478 899992
410 491 399997
188 208 1900093
307 390 799993
294 316 1100013
58 281 899992
475 479 1500053
221 368 1200023
107 295 299998
63 488 499996
41 183 100000
260 477 1800083
192 269 299998
33 414 1300033
322 427 599995
99 137 899992
191 235 100000
337 343 199999
105 439 1600063
196 227 1600063
146 149 199999
287 482 1
478 498 1900093
378 404 1900093
83 140 1200023
150 251 1600063
116 193 1300033
21 232 1800083
379 467 1100013
72 131 1400043
114 247 1800083
22 51 2000103
189 381 199999
205 484 1
29 118 699994
324 391 1800083
158 223 1600063
98 450 1500053
122 415 2000103
16 384 1600063
96 170 1400043
81 291 399997
214 467 599995
318 407 1600063
131 386 1400043
216 437 299998
204 441 1800083
225 406 299998
370 494 1400043
98 388 1500053
34 312 799993
61 450 899992
247 406 1300033
212 409 1400043
144 235 1100013
82 205 799993
386 458 399997
42 385 1800083
25 258 499996
75 122 199999
327 357 1400043
67 102 299998
123 333 599995
45 325 699994
166 218 1700073
284 484 2000103
114 129 1900093
327 415 699994
24 51 299998
135 225 2000103
71 89 1300033
147 458 1400043
123 459 1900093
40 189 100000
53 451 699994
0 460 1800083
328 464 1700073
425 491 1700073
216 490 1600063
65 380 499996
19 390 1100013
390 470 399997
51 136 1900093
206 333 1700073
348 478 299998
0 448 1
338 410 199999
1 357 299998
112 260 1100013
166 229 1400043
143 302 100000
368 426 2000103
119 355 1800083
73 172 1
372 440 1800083
269 315 899992
147 229 899992
443 484 899992
23 238 1300033
4 262 399997
9 414 100000
141 161 699994
197 207 1700073
425 431 199999
207 389 1400043
261 462 1300033
359 476 1400043
54 425 1200023
51 280 899992
164 175 1500053
236 488 399997
196 264 1200023
192 400 599995
41 77 1
181 342 799993
62 177 100000
122 365 1700073
206 267 1500053
108 163 2000103
6 121 1600063
279 427 399997
2 214 1700073
186 245 1500053
145 232 199999
313 490 1700073
36 206 1700073
78 387 299998
278 362 1600063
43 211 1
43 328 699994
121 238 199999
282 300 499996
14 276 399997
41 181 1300033
286 459 1600063
162 434 699994
304 385 199999
219 246 2000103
288 358 1400043
200 228 499996
158 389 100000
263 480 100000
59 449 1600063
45 130 1400043
15 334 1500053
45 170 1500053
309 366 1500053
183 322 599995
34 153 199999
51 455 100000
59 489 299998
51 208 499996
64 220 799993
103 170 1900093
182 322 1200023
338 433 1
58 187 1600063
1 326 1500053
187 273 399997
366 411 1
127 489 499996
299 451 199999
373 478 199999
244 283 1100013
60 61 1700073
277 363 1300033
34 493 199999
97 497 1800083
20 314 199999
163 217 799993
293 479 1300033
19 428 1800083
475 485 1100013
165 394 1300033
154 221 1400043
240 447 199999
21 258 1800083
370 406 499996
127 418 1100013
29 428 899992
7 157 199999
69 344 1600063
36 151 499996
248 488 1300033
81 269 1
418 483 699994
244 302 399997
311 498 1800083
354 418 699994
94 401 1200023
192 427 1400043
29 329 1300033
111 451 599995
226 299 1
259 407 599995
471 479 100000
110 201 1900093
314 328 799993
119 225 2000103
250 462 299998
214 357 1400043
151 412 699994
51 329 799993
47 323 1200023
211 392 1800083
130 495 1400043
242 443 2000103
193 333 299998
337 346 199999
25 371 1600063
83 333 1900093
213 337 599995
450 492 199999
200 207 199999
130 438 399997
365 407 1200023
171 241 1600063
44 322 1500053
53 210 1300033
142 187 1100013
318 414 199999
1 290 1500053
12 275 2000103
33 249 899992
97 457 299998
78 113 599995
36 167 599995
331 343 199999
143 261 799993
133 400 799993
367 487 299998
230 316 1
8 246 199999
228 295 1200023
18 89 1400043
104 329 1300033
2 464 1800083
171 409 199999
78 228 899992
5 59 899992
289 296 699994
67 287 1600063
277 452 1500053
24 269 1200023
339 405 1
218 234 899992
14 246 1600063
345 455 499996
258 298 799993
253 346 1900093
368 442 199999
200 360 499996
12 494 1500053
331 337 799993
124 220 1
288 365 100000
56 246 899992
152 305 599995
186 493 1800083
41 185 499996
55 369 1500053
241 443 1800083
195 239 1700073
239 422 100000
189 269 1400043
225 469 599995
52 199 1
133 239 1900093
362 477 2000103
116 387 2000103
212 268 1
208 311 1
101 454 1500053
184 185 1400043
283 308 699994
185 451 100000
224 342 1400043
311 431 1700073
304 391 100000
32 222 399997
179 308 399997
362 386 1
220 369 1900093
36 341 1
282 475 1
304 472 1
228 441 1300033
75 274 699994
19 81 599995
35 243 599995
123 498 1800083
375 409 199999
326 333 799993
63 227 100000
25 237 199999
2 145 299998
98 152 1300033
53 260 1
432 436 1300033
109 276 1200023
184 409 199999
165 229 599995
109 218 1500053
248 499 499996
156 324 1100013
263 373 499996
2 16 699994
321 477 899992
5 368 1400043
113 229 1300033
286 309 1400043
12 21 1800083
110 151 1500053
85 228 1600063
416 443 1500053
383 436 899992
36 495 199999
79 265 1400043
14 470 699994
264 321 1200023
67 451 699994
136 428 1900093
189 443 100000
12 263 499996
114 465 299998
102 403 1400043
66 174 399997
173 406 1600063
94 340 1600063
413 423 1400043
13 98 1100013
70 407 199999
150 259 1600063
171 351 1600063
179 238 1700073
379 447 899992
48 91 1300033
389 470 1700073
25 434 499996
221 256 1900093
189 371 199999
106 257 899992
77 231 1100013
313 388 399997
136 302 1500053
104 118 1200023
31 416 599995
235 304 1700073
114 145 399997
358 392 1
159 340 299998
1 67 2000103
121 170 1700073
134 172 1600063
11 494 100000
203 383 1700073
124 217 1
80 473 399997
111 468 1200023
12 189 1300033
16 420 899992
209 264 799993
235 323 1800083
241 402 1400043
156 384 1500053
105 316 399997
187 443 699994
213 453 199999
168 252 1500053
77 99 699994
75 386 899992
100 462 100000
10 183 1200023
276 362 399997
359 465 199999
6 172 2000103
120 436 1300033
92 399 1200023
404 485 1700073
257 401 599995
80 455 1400043
350 410 699994
131 209 1800083
127 302 1600063
64 161 1200023
472 479 199999
240 377 499996
73 393 1100013
72 438 399997
20 208 1300033
90 131 599995
331 470 100000
133 218 899992
423 446 1400043
207 318 899992
333 436 1600063
391 487 1400043
24 288 599995
33 36 399997
259 278 299998
24 316 199999
231 397 1300033
281 291 1200023
105 468 499996
262 295 1900093
413 414 499996
153 383 499996
189 326 1400043
224 379 1200023
240 417 2000103
156 325 1300033
13 250 1400043
82 357 1100013
233 488 199999
343 405 1300033
272 302 399997
123 328 799993
140 459 2000103
339 382 2000103
235 261 1100013
327 495 899992
117 303 699994
160 234 599995
196 228 499996
266 362 1600063
306 370 1200023
379 469 1400043
144 161 1
73 112 1400043
71 277 1400043
42 255 299998
32 293 1300033
274 384 499996
70 285 1500053
0 129 399997
77 136 1100013
244 303 1600063
190 441 299998
117 168 1
44 164 1700073
104 266 899992
68 127 199999
130 356 1500053
228 353 899992
131 374 1300033
276 375 699994
27 311 499996
76 207 1600063
83 128 2000103
193 316 299998
355 447 1500053
383 435 1700073
7 435 1900093
132 285 1900093
112 256 1600063
172 477 1400043
284 405 1700073
66 266 599995
124 475 299998
13 297 1200023
245 498 1200023
282 304 1200023
368 388 1600063
248 350 100000
253 428 1500053
406 480 899992
163 203 699994
23 493 899992
178 447 499996
456 479 1500053
166 437 799993
85 205 199999
135 443 699994
20 288 399997
58 286 1900093
346 479 699994
310 366 1400043
10 117 1500053
210 251 399997
18 393 1500053
258 432 1
335 480 2000103
10 494 1800083
174 390 899992
114 169 499996
12 479 1200023
206 288 1700073
214 406 1800083
46 359 1800083
156 196 399997
2 261 1
50 93 1400043
284 340 1400043
428 472 1800083
86 289 1400043
36 463 1100013
55 166 1
189 408 1200023
106 239 1700073
323 329 599995
28 232 1100013
88 441 699994
209 237 1100013
9 237 1200023
71 113 899992
235 278 1
25 250 1700073
389 436 100000
93 412 1800083
76 89 1300033
339 437 599995
209 375 1500053
134 432 1300033
148 434 399997
100 283 1100013
243 456 100000
88 253 1400043
21 437 399997
2 290 1400043
353 358 1100013
144 308 399997
71 131 699994
336 348 1800083
161 284 299998
5 298 799993
323 491 1600063
105 189 399997
152 479 699994
29 477 1400043
70 84 1
13 255 599995
191 408 799993
376 442 299998
98 276 2000103
271 333 199999
57 78 1200023
218 483 299998
38 120 1300033
170 375 100000
209 263 699994
170 419 799993
141 317 1700073
292 418 399997
115 240 599995
56 258 1500053
357 430 1600063
128 394 199999
124 428 1800083
26 157 1400043
191 440 399997
237 263 1800083
216 483 1700073
281 331 399997
205 352 2000103
103 254 1900093
184 225 799993
224 361 1300033
76 252 1700073
322 448 1300033
5 494 100000
46 280 899992
174 328 1500053
342 471 1500053
26 112 1300033
52 428 1100013
76 156 199999
387 490 499996
119 190 299998
258 268 1800083
276 486 1700073
208 464 399997
135 409 1500053
144 269 1700073
7 182 899992
63 190 1600063
172 410 1100013
18 116 100000
249 421 1500053
435 463 1500053
1 110 100000
82 267 1200023
403 437 299998
202 238 1900093
405 406 1700073
11 15 1600063
130 312 1
285 440 699994
362 379 1900093
276 349 1300033
147 385 1
151 323 1400043
153 357 1100013
125 406 1700073
192 369 1
39 344 199999
103 148 100000
208 282 599995
25 297 699994
216 305 699994
204 346 1400043
117 153 2000103
97 159 499996
65 298 1200023
42 487 1300033
153 481 1300033
71 221 599995
287 345 1600063
157 339 1100013
246 310 199999
257 476 599995
15 324 1700073
10 339 1800083
317 375 1
96 476 1
362 481 1200023
90 408 1500053
207 274 799993
136 312 199999
66 400 1400043
245 253 1700073
106 120 399997
36 48 1400043
103 372 1200023
170 261 100000
187 315 1900093
99 323 1300033
168 416 299998
38 212 899992
70 301 899992
3 83 1900093
401 454 1600063
164 428 299998
186 430 1200023
53 447 399997
99 369 1900093
91 271 1800083
23 34 1200023
86 245 299998
121 405 399997
200 229 1400043
213 233 399997
94 158 1600063
337 479 100000
60 481 100000
119 323 1900093
71 117 1300033
83 144 1600063
90 143 299998
61 307 499996
67 386 799993
180 356 2000103
83 462 499996
14 193 599995
125 389 1200023
31 153 399997
136 347 1
14 472 499996
357 466 899992
219 485 1500053
93 255 199999
86 359 1
142 221 799993
40 163 299998
155 388 1700073
243 358 1700073
60 265 699994
219 220 1900093
48 371 1300033
22 262 1800083
26 279 199999
169 422 799993
172 174 1900093
229 380 1600063
331 405 1200023
187 225 1100013
370 407 100000
74 350 699994
230 249 799993
93 198 599995
244 450 2000103
377 458 1600063
445 480 799993
431 467 100000
419 426 399997
233 364 1600063
355 410 799993
96 138 1
80 311 100000
7 365 1
16 199 100000
47 492 1
126 237 1700073
88 236 699994
221 356 1600063
146 444 199999
30 296 499996
230 314 699994
439 458 1700073
265 451 799993
373 451 399997
381 419 399997
86 126 199999
98 408 1100013
350 353 599995
193 409 1300033
206 428 199999
203 374 100000
79 464 1300033
101 152 1400043
387 403 1200023
138 174 699994
9 182 1700073
124 476 1900093
61 284 599995
235 370 1600063
114 368 1200023
64 272 299998
215 305 1900093
2 148 1300033
297 486 399997
243 327 1600063
121 424 1600063
118 297 799993
168 327 499996
45 138 1300033
143 270 899992
85 427 599995
72 218 1200023
61 237 799993
360 472 1100013
71 192 799993
16 62 2000103
22 461 299998
200 496 1700073
143 296 1100013
300 306 1900093
47 66 299998
306 409 499996
154 304 1300033
163 297 1700073
482 487 699994
39 399 699994
22 141 799993
55 462 1900093
102 386 599995
232 267 199999
230 377 499996
323 341 1500053
5 84 399997
94 144 2000103
55 66 1300033
35 289 1100013
29 401 799993
120 319 399997
226 298 1100013
43 428 599995
349 470 299998
312 467 1400043
16 126 1100013
356 426 100000
45 288 499996
38 274 399997
28 152 2000103
259 481 1100013
211 496 299998
29 228 1500053
344 412 899992
25 339 100000
117 212 1100013
164 410 1100013
341 353 1500053
50 480 199999
176 256 100000
326 399 1100013
107 346 799993
62 108 199999
366 439 1300033
12 140 100000
191 312 1200023
63 218 899992
100 242 2000103
321 398 1900093
16 377 1300033
92 219 1200023
165 197 1900093
124 469 699994
212 363 1800083
297 454 799993
351 475 1300033
160 286 1400043
245 333 1
271 396 899992
66 465 1200023
98 313 899992
66 448 1800083
361 475 1900093
214 490 1200023
210 363 199999
308 455 1700073
191 457 899992
70 403 1200023
39 304 399997
6 320 1400043
163 415 1100013
154 474 699994
184 354 899992
66 148 1500053
300 338 100000
23 295 499996
299 448 1400043
107 482 399997
413 452 1900093
175 217 1200023
316 345 399997
214 392 1900093
268 441 599995
120 273 699994
243 267 799993
10 245 1800083
42 262 1300033
63 111 1800083
10 30 1600063
305 428 1600063
310 465 299998
28 116 899992
356 420 299998
470 488 1600063
158 490 1300033
218 406 599995
172 248 100000
2 269 299998
263 404 100000
128 485 199999
90 489 1300033
117 210 1
98 264 1800083
113 299 199999
392 415 1
265 303 699994
248 343 100000
62 114 1300033
266 455 799993
313 321 1900093
37 222 1500053
146 177 100000
186 393 1400043
231 376 1100013
361 417 1700073
407 476 2000103
75 443 100000
76 293 1400043
86 157 899992
329 485 2000103
314 459 1500053
43 460 1900093
39 337 100000
96 265 599995
325 463 1600063
89 286 1500053
70 463 2000103
195 497 799993
175 432 2000103
204 315 1500053
203 267 699994
205 393 199999
47 89 299998
323 336 299998
225 449 1700073
45 456 1500053
153 202 1600063
30 340 1
282 292 1600063
192 414 699994
32 498 100000
178 453 1600063
169 437 1900093
397 412 1600063
244 447 100000
37 250 1700073
314 473 1800083
73 120 2000103
16 272 399997
45 107 100000
288 430 1600063
129 131 1800083
216 493 1800083
18 97 1800083
44 186 1800083
43 115 799993
401 475 1
214 376 1300033
27 54 1100013
132 241 699994
29 393 899992
210 343 799993
293 481 599995
369 451 1300033
136 198 199999
184 386 599995
160 379 499996
181 231 399997
1 119 299998
36 124 699994
64 297 699994
254 288 499996
294 307 899992
313 361 299998
216 240 2000103
337 398 2000103
110 182 499996
122 429 1200023
53 288 100000
198 332 1900093
105 329 1800083
258 460 1700073
112 473 1300033
70 494 699994
305 404 1100013
199 270 499996
296 387 1
351 481 1900093
451 468 699994
251 410 499996
93 403 1400043
181 329 1100013
200 236 399997
21 155 1100013
194 443 1200023
257 395 399997
142 202 799993
292 391 1500053
64 459 599995
118 301 1600063
87 260 899992
86 456 1600063
154 192 2000103
187 314 2000103
185 277 1800083
39 290 799993
127 384 1900093
202 374 799993
351 474 1100013
128 468 699994
145 248 1900093
19 143 199999
57 119 1900093
203 443 299998
256 290 1900093
33 200 399997
34 118 1
137 462 799993
35 331 1800083
106 315 199999
140 333 599995
127 462 1
26 397 699994
65 179 1700073
211 231 1200023
67 480 1100013
323 470 2000103
167 271 1800083
119 182 1400043
23 370 1400043
169 228 1100013
13 494 1500053
80 352 100000
4 81 699994
32 124 599995
264 419 1200023
61 403 1400043
192 234 1900093
186 304 699994
91 418 1500053
84 448 2000103
165 313 1400043
75 101 1300033
48 278 1700073
68 191 1700073
161 375 2000103
21 369 699994
277 329 1700073
343 357 199999
273 422 1500053
311 460 1600063
2 371 1900093
37 298 799993
289 410 1100013
84 486 499996
63 277 899992
285 365 499996
165 264 1700073
306 358 1500053
18 354 1200023
50 91 1800083
115 471 199999
232 305 1900093
266 442 699994
106 136 1100013
152 486 799993
431 460 1100013
230 238 1900093
82 154 1400043
92 252 1
236 431 1400043
51 355 699994
161 489 100000
78 231 1400043
116 353 599995
115 130 1700073
325 368 1400043
403 423 399997
4 166 599995
364 468 599995
9 499 1100013
72 300 1200023
208 362 100000
71 91 1700073
80 478 1500053
339 340 799993
21 408 1800083
2 431 1800083
334 457 1100013
15 301 199999
86 210 1900093
25 165 299998
195 391 899992
35 101 699994
55 133 1100013
162 361 1
133 153 1300033
395 459 299998
150 394 1700073
75 129 799993
322 404 100000
213 291 899992
452 455 2000103
288 327 1500053
10 398 299998
64 457 599995
124 465 199999
29 492 100000
71 321 1500053
151 470 799993
100 370 299998
18 437 1100013
393 426 899992
113 382 1300033
113 318 1
380 446 1700073
77 352 399997
119 197 699994
175 333 1100013
169 345 1
49 474 199999
228 395 100000
53 357 1300033
470 471 1300033
238 247 1600063
229 458 499996
20 413 1
245 446 899992
29 438 1100013
79 299 599995
262 366 1500053
62 358 1800083
109 112 299998
59 349 599995
62 212 1100013
144 415 1
163 281 1300033
274 407 299998
293 337 1200023
376 479 1500053
74 492 899992
81 156 499996
72 496 199999
0 326 699994
390 449 1100013
224 489 100000
279 382 1700073
216 286 1900093
316 384 1700073
22 159 1700073
188 483 199999
185 343 1500053
423 447 1500053
163 318 2000103
328 459 599995
123 252 1600063
31 324 1500053
193 250 1600063
99 338 299998
199 391 399997
135 308 499996
166 374 1700073
70 216 1900093
233 467 1300033
124 423 1300033
72 325 1400043
31 445 1300033
46 240 1900093
41 50 1400043
108 198 199999
64 336 499996
380 430 1200023
97 434 799993
146 392 1300033
64 273 1600063
47 171 1400043
77 413 1500053
95 185 1200023
347 420 1800083
47 92 1900093
49 90 100000
137 339 1800083
442 469 499996
225 462 1500053
7 163 1200023
65 320 1
57 348 1100013
55 339 399997
11 119 1
122 265 799993
305 419 199999
22 218 1900093
157 323 499996
101 321 399997
22 389 199999
303 323 2000103
297 299 1800083
426 434 399997
373 435 399997
412 436 1700073
249 366 100000
17 280 499996
56 140 1300033
369 378 1
220 262 499996
110 437 1100013
427 481 1600063
209 301 1800083
143 414 1
166 236 299998
385 432 100000
279 482 299998
47 48 799993
47 262 599995
374 421 1200023
158 433 1500053
358 410 1500053
492 494 599995
122 393 499996
13 312 699994
304 498 399997
259 480 100000
16 74 1500053
154 490 1600063
325 421 1500053
108 327 399997
252 498 1200023
203 345 599995
47 364 299998
71 269 100000
222 494 1200023
75 168 2000103
144 325 1300033
356 425 1
48 209 899992
319 369 599995
75 380 1200023
211 370 1
156 481 1200023
379 400 1900093
184 483 1900093
13 213 1600063
196 477 499996
138 346 399997
56 430 899992
156 464 1100013
49 56 799993
44 484 299998
2 377 199999
170 286 299998
68 81 899992
247 402 599995
432 495 199999
332 491 2000103
100 474 1600063
401 452 1300033
247 295 2000103
144 371 100000
12 240 1
79 389 1
335 360 1900093
168 403 1
59 342 699994
234 381 799993
256 391 1700073
429 473 100000
293 439 1700073
43 461 899992
359 424 1300033
96 189 799993
124 208 100000
259 365 1600063
44 230 299998
135 417 199999
114 226 1100013
195 241 499996
314 418 1700073
268 468 199999
315 395 399997
55 72 599995
177 229 1700073
35 57 399997
12 153 100000
208 380 299998
158 221 899992
109 468 1400043
8 49 1800083
236 439 499996
289 414 1400043
172 401 1400043
24 275 499996
119 411 799993
383 417 1100013
67 209 399997
75 388 299998
128 197 399997
38 57 1700073
206 360 100000
444 479 1
383 424 799993
178 498 1600063
30 64 299998
344 465 599995
294 382 599995
70 155 199999
70 176 699994
103 433 1200023
100 460 1200023
2 475 399997
391 393 1500053
94 289 1
220 380 599995
290 293 299998
239 245 100000
312 390 1900093
34 215 199999
162 432 899992
157 392 1400043
64 68 399997
155 422 399997
93 379 1300033
251 483 1800083
164 439 1500053
65 156 399997
328 385 299998
251 294 399997
400 422 499996
350 444 1200023
18 452 1200023
111 306 100000
351 445 1100013
247 299 1200023
38 280 799993
256 307 499996
118 136 1400043
282 431 1600063
393 485 899992
246 439 1
7 319 1100013
14 230 100000
86 298 899992
351 412 1
115 284 1900093
82 164 1200023
325 454 100000
247 425 1
39 176 499996
31 380 199999
129 198 599995
7 105 1900093
40 365 1
54 178 1800083
11 266 1600063
5 307 399997
86 370 899992
217 226 1700073
384 394 1800083
433 494 1500053
10 466 1800083
76 149 2000103
183 245 1500053
115 380 299998
452 490 1600063
45 188 299998
259 290 100000
258 372 1800083
300 484 1700073
68 374 299998
80 249 499996
167 357 1400043
416 439 1400043
98 188 1800083
86 445 899992
15 111 1700073
322 350 2000103
162 496 199999
118 489 1500053
327 441 1300033
145 478 100000
131 299 100000
44 245 799993
40 346 899992
171 311 1900093
247 301 1100013
407 464 399997
194 405 399997
275 351 899992
158 294 299998
201 278 799993
137 267 799993
214 336 399997
186 268 199999
128 295 1300033
46 282 399997
378 451 399997
39 169 1
110 265 1300033
176 215 1800083
77 325 2000103
168 359 399997
261 470 199999
51 258 1700073
151 254 499996
15 25 799993
103 108 1500053
46 115 1700073
57 183 799993
128 167 799993
198 365 1200023
272 292 1200023
74 269 899992
254 416 1600063
393 446 299998
55 470 1200023
141 164 1100013
8 234 2000103
215 348 1700073
11 102 1300033
476 497 1300033
100 218 1300033
265 266 1300033
270 352 599995
107 448 599995
249 371 1700073
24 236 899992
9 192 599995
227 241 1300033
4 15 399997
185 347 1500053
87 424 1
395 432 499996
174 177 100000
70 134 1100013
158 237 199999
306 471 599995
214 348 1500053
66 259 1100013
309 322 1900093
197 231 1400043
283 469 1
16 353 1400043
217 453 1
83 394 299998
42 105 1800083
433 466 299998
158 179 399997
377 434 499996
172 182 1500053
41 486 499996
253 444 1500053
13 368 199999
397 427 1500053
43 65 1200023
91 429 599995
403 443 1200023
58 332 1100013
67 192 1400043
275 290 100000
68 474 1500053
82 493 1
356 385 1600063
179 495 699994
21 308 1900093
15 405 1800083
98 258 499996
16 433 699994
98 407 1700073
14 172 899992
189 288 1500053
142 355 2000103
476 489 1400043
75 337 1300033
152 236 1900093
137 259 299998
35 312 1700073
336 490 1400043
15 181 599995
159 307 399997
29 163 1700073
144 367 100000
42 333 1300033
108 425 499996
221 494 599995
288 391 1900093
29 58 1
69 219 1900093
175 444 1200023
194 483 799993
249 272 100000
179 388 1100013
209 246 199999
247 487 1500053
173 483 1100013
288 294 1800083
139 372 1600063
132 326 1600063
155 344 899992
157 433 1600063
365 481 1500053
143 473 1900093
100 396 699994
39 153 699994
110 496 499996
438 493 299998
144 252 199999
48 66 1800083
208 220 399997
92 282 699994
286 456 1700073
83 452 1700073
41 478 599995
269 473 199999
53 155 399997
412 413 199999
72 174 1600063
49 335 799993
29 54 1600063
215 482 100000
263 434 1800083
115 195 799993
6 56 100000
238 305 1900093
46 55 100000
68 282 1900093
161 230 499996
330 369 1800083
304 481 499996
183 311 1900093
222 418 399997
231 442 599995
38 310 899992
32 271 899992
109 410 1200023
88 371 1100013
100 417 499996
146 178 1700073
336 352 799993
18 449 399997
226 353 799993
420 473 1700073
88 216 699994
145 194 1500053
231 369 1200023
142 347 1600063
65 237 399997
199 208 100000
121 161 2000103
314 464 399997
89 418 1800083
363 451 1700073
27 117 1
165 334 1800083
115 159 100000
172 496 1400043
159 440 2000103
292 393 100000
227 329 699994
142 482 599995
330 436 1500053
51 295 2000103
120 217 1100013
294 413 1800083
330 385 199999
14 337 1900093
202 439 1100013
23 249 599995
65 259 399997
64 70 1900093
371 383 599995
14 409 1600063
45 47 1400043
416 448 1700073
326 459 1500053
98 168 1100013
136 409 499996
303 458 1200023
163 339 899992
140 169 199999
387 468 2000103
241 259 2000103
31 356 1
334 441 1
69 463 399997
480 484 1800083
117 298 1800083
60 213 399997
192 302 1800083
67 469 100000
113 314 1200023
103 239 1800083
52 458 1100013
331 367 399997
338 442 199999
141 487 1600063
414 454 100000
274 472 299998
168 490 1400043
201 374 1700073
147 225 799993
129 306 100000
334 375 699994
40 184 1800083
221 427 599995
146 267 399997
2 381 1900093
184 334 1400043
66 228 2000103
203 222 2000103
61 424 199999
155 413 1300033
133 178 499996
296 359 1700073
22 359 1700073
245 381 1800083
179 346 1700073
346 444 299998
57 157 399997
24 498 1400043
157 375 399997
20 433 199999
106 152 799993
436 438 2000103
27 291 1200023
217 347 1800083
205 212 1700073
167 303 799993
46 409 399997
121 150 1100013
58 307 1700073
19 65 100000
55 349 499996
78 143 299998
95 448 1600063
51 358 100000
275 362 299998
59 190 1600063
191 217 1800083
26 430 2000103
28 409 1100013
192 356 1700073
111 132 899992
241 476 1900093
171 242 299998
101 455 799993
95 211 1100013
162 230 499996
290 352 2000103
94 331 1100013
77 402 299998
180 292 1300033
17 93 1800083
347 386 1900093
90 144 1600063
15 160 1500053
261 301 100000
63 405 899992
144 375 599995
310 473 1800083
221 273 299998
173 246 1
394 415 1200023
195 469 1400043
268 371 599995
332 363 1700073
50 340 399997
238 482 1500053
17 290 499996
129 192 1100013
78 310 1800083
154 484 399997
51 423 599995
136 159 499996
384 458 1100013
222 365 1800083
169 299 1600063
188 267 599995
54 233 399997
180 443 1300033
295 368 2000103
347 369 499996
350 424 499996
334 339 1100013
317 473 599995
277 297 599995
147 373 1500053
144 470 499996
136 448 1700073
43 443 100000
33 60 1300033
71 480 199999
381 465 599995
82 355 1
314 454 1200023
151 424 299998
137 148 899992
46 492 1600063
162 467 1700073
138 171 1800083
40 66 1300033
53 181 1900093
248 406 299998
224 482 1500053
118 222 100000
245 447 1200023
9 279 1600063
114 209 599995
190 343 299998
280 453 299998
138 302 1400043
260 386 299998
130 295 599995
40 429 199999
119 422 399997
417 435 1900093
27 265 399997
257 386 899992
3 192 599995
325 440 799993
13 460 1600063
70 146 699994
5 168 1800083
109 490 899992
88 177 699994
120 215 100000
66 278 1600063
315 402 1300033
15 74 299998
102 389 1700073
40 192 2000103
28 102 599995
214 273 599995
80 102 399997
261 335 1
177 253 499996
271 390 799993
93 137 1700073
69 73 699994
405 437 499996
29 158 1800083
114 446 1400043
107 254 1
91 137 1200023
43 304 100000
334 376 1
235 378 1800083
264 466 100000
249 367 599995
207 401 799993
197 365 1600063
131 358 1700073
424 430 1500053
402 430 1600063
90 222 299998
45 240 399997
53 167 1100013
154 472 1100013
83 377 2000103
274 441 499996
193 358 699994
231 339 1200023
260 451 299998
36 375 499996
161 281 1500053
4 304 899992
105 463 499996
375 400 299998
105 485 599995
28 200 199999
32 102 599995
204 223 499996
17 150 699994
17 328 1200023
131 332 199999
132 308 2000103
8 285 1600063
176 499 1500053
297 474 1800083
44 466 899992
163 357 1700073
211 375 299998
259 390 699994
75 262 199999
149 299 499996
153 420 599995
147 294 1700073
85 282 599995
204 269 1600063
3 401 1100013
85 365 1
104 282 1300033
229 357 1800083
52 247 799993
59 202 799993
69 388 2000103
109 453 1100013
362 461 1200023
92 214 699994
61 277 2000103
360 476 1800083
74 423 1500053
33 337 1400043
292 379 1100013
37 107 1500053
4 9 299998
138 193 599995
360 431 100000
8 14 499996
28 348 1500053
110 474 199999
142 158 1400043
209 323 1900093
63 372 399997
67 408 2000103
7 316 299998
134 466 699994
267 301 1400043
290 342 899992
149 177 1700073
139 151 1200023
241 351 1800083
46 401 499996
66 240 499996
173 486 100000
20 120 1700073
93 422 1600063
17 233 599995
1 15 599995
154 452 1800083
180 311 499996
210 291 1800083
27 320 399997
79 477 899992
264 461 1400043
179 231 1800083
108 124 799993
16 331 1500053
103 437 599995
43 47 1800083
22 36 599995
40 472 1100013
151 200 399997
243 411 1900093
260 327 1700073
87 125 499996
165 279 399997
225 308 1600063
120 331 199999
234 283 1500053
22 191 699994
25 39 299998
288 301 1100013
180 193 399997
269 327 199999
33 411 1200023
173 387 1100013
89 122 899992
87 146 499996
280 296 1
35 456 799993
87 356 1800083
30 380 1900093
261 456 499996
95 344 1600063
41 290 1500053
315 363 299998
112 180 399997
3 77 1800083
181 443 1500053
34 40 899992
73 444 199999
185 308 1200023
170 429 100000
401 481 1
25 119 599995
88 324 1500053
84 251 799993
279 487 1900093
168 328 1500053
88 312 1
82 353 799993
131 227 399997
177 227 2000103
91 455 599995
12 197 1100013
54 399 100000
238 346 1700073
147 328 799993
296 321 899992
288 363 299998
47 394 1
114 170 799993
474 480 2000103
224 453 1
88 428 1700073
275 471 799993
194 484 1200023
293 474 1100013
266 310 399997
117 371 1200023
92 416 1700073
130 358 1900093
172 455 399997
11 404 1500053
221 431 1400043
8 260 1400043
21 328 799993
109 376 899992
17 377 299998
176 433 1500053
9 110 1
270 376 1500053
270 370 699994
239 420 499996
48 79 1800083
312 472 1300033
268 403 1500053
136 358 299998
233 475 499996
243 259 1400043
343 484 1100013
184 298 100000
25 135 399997
220 480 1900093
416 496 1100013
123 211 599995
281 484 499996
243 381 1500053
54 278 1900093
35 106 499996
45 128 199999
4 350 1800083
163 321 599995
39 272 1300033
1 82 199999
291 399 1100013
181 389 699994
199 318 1500053
75 470 599995
192 392 699994
410 475 799993
45 229 499996
176 462 199999
7 24 1800083
178 418 299998
104 184 1200023
37 92 1800083
189 264 1100013
102 457 1700073
101 351 299998
137 277 1300033
316 475 1200023
357 363 599995
37 487 1200023
100 201 199999
62 153 1100013
55 128 799993
33 156 1200023
267 407 1600063
296 357 199999
