EDGELIST
500 2000 2 46153301
35 249 400007
124 447 100010
87 391 600005
204 342 1000101
108 382 600005
312 396 800003
170 230 900002
65 306 200009
20 283 800081
169 272 400007
32 259 400007
173 258 200021
198 367 600005
183 202 400007
351 492 900091
262 264 800081
55 156 700071
76 202 100011
455 470 200009
64 200 900091
111 287 400007
26 320 400041
183 412 400041
427 434 100010
293 308 900091
175 223 900091
105 253 600005
172 176 1000101
156 197 500051
322 441 300031
286 462 1000001
297 366 400007
70 393 800081
17 399 500051
357 414 200009
134 389 800081
77 377 600061
97 226 300008
247 290 500051
283 294 100011
87 241 300031
7 409 900091
65 382 100011
395 446 500051
27 159 900002
319 477 600005
55 205 400041
151 339 700071
255 368 100010
351 446 400007
62 119 800081
69 473 100010
196 480 700004
17 416 700004
40 236 700004
265 290 500006
83 102 100010
264 345 600005
266 306 600005
210 233 200021
298 307 800003
123 426 800003
343 415 700071
93 396 600061
17 316 900091
257 295 800003
298 381 300008
216 480 1000001
68 290 100011
227 486 500006
250 271 600061
181 309 100010
144 453 700004
284 487 400041
280 489 1000001
57 325 400007
64 191 400041
194 360 100011
5 10 1000101
63 478 500051
162 211 900091
302 420 800003
254 365 700071
209 316 900002
88 351 700071
284 352 400041
86 463 400007
387 474 200009
127 196 900091
244 363 500051
201 237 900091
56 202 100010
89 405 1000101
168 407 400007
210 450 500006
47 243 100011
242 289 700071
172 224 900091
3 386 400041
47 274 800081
417 452 900091
179 280 1000001
72 140 500051
5 156 1000001
96 435 200021
26 220 800003
120 198 1000001
262 380 100010
386 478 100010
410 491 600005
188 208 900091
307 390 200009
294 316 100011
58 281 100010
475 479 500051
221 368 200021
107 295 700004
63 488 500006
41 183 900002
260 477 800081
192 269 700004
33 414 300031
322 427 400007
99 137 100010
191 235 900002
337 343 800003
105 439 600061
196 227 600061
146 149 800003
287 482 1000001
478 498 900091
378 404 900091
83 140 200021
150 251 600061
116 193 300031
21 232 800081
379 467 100011
72 131 400041
114 247 800081
22 51 1000101
189 381 800003
205 484 1000001
29 118 300008
324 391 800081
158 223 600061
98 450 500051
122 415 1000101
16 384 600061
96 170 400041
81 291 600005
214 467 400007
318 407 600061
131 386 400041
216 437 700004
204 441 800081
225 406 700004
370 494 400041
98 388 500051
34 312 200009
61 450 100010
247 406 300031
212 409 400041
144 235 100011
82 205 200009
386 458 600005
42 385 800081
25 258 500006
75 122 800003
327 357 400041
67 102 700004
123 333 400007
45 325 300008
166 218 700071
284 484 1000101
114 129 900091
327 415 300008
24 51 700004
135 225 1000101
71 89 300031
147 458 400041
123 459 900091
40 189 900002
53 451 300008
0 460 800081
328 464 700071
425 491 700071
216 490 600061
65 380 500006
19 390 100011
390 470 600005
51 136 900091
206 333 700071
348 478 700004
0 448 1000001
338 410 800003
1 357 700004
112 260 100011
166 229 400041
143 302 900002
368 426 1000101
119 355 800081
73 172 1000001
372 440 800081
269 315 100010
147 229 100010
443 484 100010
23 238 300031
4 262 600005
9 414 900002
141 161 300008
197 207 700071
425 431 800003
207 389 400041
261 462 300031
359 476 400041
54 425 200021
51 280 100010
164 175 500051
236 488 600005
196 264 200021
192 400 400007
41 77 1000001
181 342 200009
62 177 900002
122 365 700071
206 267 500051
108 163 1000101
6 121 600061
279 427 600005
2 214 700071
186 245 500051
145 232 800003
313 490 700071
36 206 700071
78 387 700004
278 362 600061
43 211 1000001
43 328 300008
121 238 800003
282 300 500006
14 276 600005
41 181 300031
286 459 600061
162 434 300008
304 385 800003
219 246 1000101
288 358 400041
200 228 500006
158 389 900002
263 480 900002
59 449 600061
45 130 400041
15 334 500051
45 170 500051
309 366 500051
183 322 400007
34 153 800003
51 455 900002
59 489 700004
51 208 500006
64 220 200009
103 170 900091
182 322 200021
338 433 1000001
58 187 600061
1 326 500051
187 273 600005
366 411 1000001
127 489 500006
299 451 800003
373 478 800003
244 283 100011
60 61 700071
277 363 300031
34 493 800003
97 497 800081
20 314 800003
163 217 200009
293 479 300031
19 428 800081
475 485 100011
165 394 300031
154 221 400041
240 447 800003
21 258 800081
370 406 500006
127 418 100011
29 428 100010
7 157 800003
69 344 600061
36 151 500006
248 488 300031
81 269 1000001
418 483 300008
244 302 600005
311 498 800081
354 418 300008
94 401 200021
192 427 400041
29 329 300031
111 451 400007
226 299 1000001
259 407 400007
471 479 900002
110 201 900091
314 328 200009
119 225 1000101
250 462 700004
214 357 400041
151 412 300008
51 329 200009
47 323 200021
211 392 800081
130 495 400041
242 443 1000101
193 333 700004
337 346 800003
25 371 600061
83 333 900091
213 337 400007
450 492 800003
200 207 800003
130 438 600005
365 407 200021
171 241 600061
44 322 500051
53 210 300031
142 187 100011
318 414 800003
1 290 500051
12 275 1000101
33 249 100010
97 457 700004
78 113 400007
36 167 400007
331 343 800003
143 261 200009
133 400 200009
367 487 700004
230 316 1000001
8 246 800003
228 295 200021
18 89 400041
104 329 300031
2 464 800081
171 409 800003
78 228 100010
5 59 100010
289 296 300008
67 287 600061
277 452 500051
24 269 200021
339 405 1000001
218 234 100010
14 246 600061
345 455 500006
258 298 200009
253 346 900091
368 442 800003
200 360 500006
12 494 500051
331 337 200009
124 220 1000001
288 365 900002
56 246 100010
152 305 400007
186 493 800081
41 185 500006
55 369 500051
241 443 800081
195 239 700071
239 422 900002
189 269 400041
225 469 400007
52 199 1000001
133 239 900091
362 477 1000101
116 387 1000101
212 268 1000001
208 311 1000001
101 454 500051
184 185 400041
283 308 300008
185 451 900002
224 342 400041
311 431 700071
304 391 900002
32 222 600005
179 308 600005
362 386 1000001
220 369 900091
36 341 1000001
282 475 1000001
304 472 1000001
228 441 300031
75 274 300008
19 81 400007
35 243 400007
123 498 800081
375 409 800003
326 333 200009
63 227 900002
25 237 800003
2 145 700004
98 152 300031
53 260 1000001
432 436 300031
109 276 200021
184 409 800003
165 229 400007
109 218 500051
248 499 500006
156 324 100011
263 373 500006
2 16 300008
321 477 100010
5 368 400041
113 229 300031
286 309 400041
12 21 800081
110 151 500051
85 228 600061
416 443 500051
383 436 100010
36 495 800003
79 265 400041
14 470 300008
264 321 200021
67 451 300008
136 428 900091
189 443 900002
12 263 500006
114 465 700004
102 403 400041
66 174 600005
173 406 600061
94 340 600061
413 423 400041
13 98 100011
70 407 800003
150 259 600061
171 351 600061
179 238 700071
379 447 100010
48 91 300031
389 470 700071
25 434 500006
221 256 900091
189 371 800003
106 257 100010
77 231 100011
313 388 600005
136 302 500051
104 118 200021
31 416 400007
235 304 700071
114 145 600005
358 392 1000001
159 340 700004
1 67 1000101
121 170 700071
134 172 600061
11 494 900002
203 383 700071
124 217 1000001
80 473 600005
111 468 200021
12 189 300031
16 420 100010
209 264 200009
235 323 800081
241 402 400041
156 384 500051
105 316 600005
187 443 300008
213 453 800003
168 252 500051
77 99 300008
75 386 100010
100 462 900002
10 183 200021
276 362 600005
359 465 800003
6 172 1000101
120 436 300031
92 399 200021
404 485 700071
257 401 400007
80 455 400041
350 410 300008
131 209 800081
127 302 600061
64 161 200021
472 479 800003
240 377 500006
73 393 100011
72 438 600005
20 208 300031
90 131 400007
331 470 900002
133 218 100010
423 446 400041
207 318 100010
333 436 600061
391 487 400041
24 288 400007
33 36 600005
259 278 700004
24 316 800003
231 397 300031
281 291 200021
105 468 500006
262 295 900091
413 414 500006
153 383 500006
189 326 400041
224 379 200021
240 417 1000101
156 325 300031
13 250 400041
82 357 100011
233 488 800003
343 405 300031
272 302 600005
123 328 200009
140 459 1000101
339 382 1000101
235 261 100011
327 495 100010
117 303 300008
160 234 400007
196 228 500006
266 362 600061
306 370 200021
379 469 400041
144 161 1000001
73 112 400041
71 277 400041
42 255 700004
32 293 300031
274 384 500006
70 285 500051
0 129 600005
77 136 100011
244 303 600061
190 441 700004
117 168 1000001
44 164 700071
104 266 100010
68 127 800003
130 356 500051
228 353 100010
131 374 300031
276 375 300008
27 311 500006
76 207 600061
83 128 1000101
193 316 700004
355 447 500051
383 435 700071
7 435 900091
132 285 900091
112 256 600061
172 477 400041
284 405 700071
66 266 400007
124 475 700004
13 297 200021
245 498 200021
282 304 200021
368 388 600061
248 350 900002
253 428 500051
406 480 100010
163 203 300008
23 493 100010
178 447 500006
456 479 500051
166 437 200009
85 205 800003
135 443 300008
20 288 600005
58 286 900091
346 479 300008
310 366 400041
10 117 500051
210 251 600005
18 393 500051
258 432 1000001
335 480 1000101
10 494 800081
174 390 100010
114 169 500006
12 479 200021
206 288 700071
214 406 800081
46 359 800081
156 196 600005
2 261 1000001
50 93 400041
284 340 400041
428 472 800081
86 289 400041
36 463 100011
55 166 1000001
189 408 200021
106 239 700071
323 329 400007
28 232 100011
88 441 300008
209 237 100011
9 237 200021
71 113 100010
235 278 1000001
25 250 700071
389 436 900002
93 412 800081
76 89 300031
339 437 400007
209 375 500051
134 432 300031
148 434 600005
100 283 100011
243 456 900002
88 253 400041
21 437 600005
2 290 400041
353 358 100011
144 308 600005
71 131 300008
336 348 800081
161 284 700004
5 298 200009
323 491 600061
105 189 600005
152 479 300008
29 477 400041
70 84 1000001
13 255 400007
191 408 200009
376 442 700004
98 276 1000101
271 333 800003
57 78 200021
218 483 700004
38 120 300031
170 375 900002
209 263 300008
170 419 200009
141 317 700071
292 418 600005
115 240 400007
56 258 500051
357 430 600061
128 394 800003
124 428 800081
26 157 400041
191 440 600005
237 263 800081
216 483 700071
281 331 600005
205 352 1000101
103 254 900091
184 225 200009
224 361 300031
76 252 700071
322 448 300031
5 494 900002
46 280 100010
174 328 500051
342 471 500051
26 112 300031
52 428 100011
76 156 800003
387 490 500006
119 190 700004
258 268 800081
276 486 700071
208 464 600005
135 409 500051
144 269 700071
7 182 100010
63 190 600061
172 410 100011
18 116 900002
249 421 500051
435 463 500051
1 110 900002
82 267 200021
403 437 700004
202 238 900091
405 406 700071
11 15 600061
130 312 1000001
285 440 300008
362 379 900091
276 349 300031
147 385 1000001
151 323 400041
153 357 100011
125 406 700071
192 369 1000001
39 344 800003
103 148 900002
208 282 400007
25 297 300008
216 305 300008
204 346 400041
117 153 1000101
97 159 500006
65 298 200021
42 487 300031
153 481 300031
71 221 400007
287 345 600061
157 339 100011
246 310 800003
257 476 400007
15 324 700071
10 339 800081
317 375 1000001
96 476 1000001
362 481 200021
90 408 500051
207 274 200009
136 312 800003
66 400 400041
245 253 700071
106 120 600005
36 48 400041
103 372 200021
170 261 900002
187 315 900091
99 323 300031
168 416 700004
38 212 100010
70 301 100010
3 83 900091
401 454 600061
164 428 700004
186 430 200021
53 447 600005
99 369 900091
91 271 800081
23 34 200021
86 245 700004
121 405 600005
200 229 400041
213 233 600005
94 158 600061
337 479 900002
60 481 900002
119 323 900091
71 117 300031
83 144 600061
90 143 700004
61 307 500006
67 386 200009
180 356 1000101
83 462 500006
14 193 400007
125 389 200021
31 153 600005
136 347 1000001
14 472 500006
357 466 100010
219 485 500051
93 255 800003
86 359 1000001
142 221 200009
40 163 700004
155 388 700071
243 358 700071
60 265 300008
219 220 900091
48 371 300031
22 262 800081
26 279 800003
169 422 200009
172 174 900091
229 380 600061
331 405 200021
187 225 100011
370 407 900002
74 350 300008
230 249 200009
93 198 400007
244 450 1000101
377 458 600061
445 480 200009
431 467 900002
419 426 600005
233 364 600061
355 410 200009
96 138 1000001
80 311 900002
7 365 1000001
16 199 900002
47 492 1000001
126 237 700071
88 236 300008
221 356 600061
146 444 800003
30 296 500006
230 314 300008
439 458 700071
265 451 200009
373 451 600005
381 419 600005
86 126 800003
98 408 100011
350 353 400007
193 409 300031
206 428 800003
203 374 900002
79 464 300031
101 152 400041
387 403 200021
138 174 300008
9 182 700071
124 476 900091
61 284 400007
235 370 600061
114 368 200021
64 272 700004
215 305 900091
2 148 300031
297 486 600005
243 327 600061
121 424 600061
118 297 200009
168 327 500006
45 138 300031
143 270 100010
85 427 400007
72 218 200021
61 237 200009
360 472 100011
71 192 200009
16 62 1000101
22 461 700004
200 496 700071
143 296 100011
300 306 900091
47 66 700004
306 409 500006
154 304 300031
163 297 700071
482 487 300008
39 399 300008
22 141 200009
55 462 900091
102 386 400007
232 267 800003
230 377 500006
323 341 500051
5 84 600005
94 144 1000101
55 66 300031
35 289 100011
29 401 200009
120 319 600005
226 298 100011
43 428 400007
349 470 700004
312 467 400041
16 126 100011
356 426 900002
45 288 500006
38 274 600005
28 152 1000101
259 481 100011
211 496 700004
29 228 500051
344 412 100010
25 339 900002
117 212 100011
164 410 100011
341 353 500051
50 480 800003
176 256 900002
326 399 100011
107 346 200009
62 108 800003
366 439 300031
12 140 900002
191 312 200021
63 218 100010
100 242 1000101
321 398 900091
16 377 300031
92 219 200021
165 197 900091
124 469 300008
212 363 800081
297 454 200009
351 475 300031
160 286 400041
245 333 1000001
271 396 100010
66 465 200021
98 313 100010
66 448 800081
361 475 900091
214 490 200021
210 363 800003
308 455 700071
191 457 100010
70 403 200021
39 304 600005
6 320 400041
163 415 100011
154 474 300008
184 354 100010
66 148 500051
300 338 900002
23 295 500006
299 448 400041
107 482 600005
413 452 900091
175 217 200021
316 345 600005
214 392 900091
268 441 400007
120 273 300008
243 267 200009
10 245 800081
42 262 300031
63 111 800081
10 30 600061
305 428 600061
310 465 700004
28 116 100010
356 420 700004
470 488 600061
158 490 300031
218 406 400007
172 248 900002
2 269 700004
263 404 900002
128 485 800003
90 489 300031
117 210 1000001
98 264 800081
113 299 800003
392 415 1000001
265 303 300008
248 343 900002
62 114 300031
266 455 200009
313 321 900091
37 222 500051
146 177 900002
186 393 400041
231 376 100011
361 417 700071
407 476 1000101
75 443 900002
76 293 400041
86 157 100010
329 485 1000101
314 459 500051
43 460 900091
39 337 900002
96 265 400007
325 463 600061
89 286 500051
70 463 1000101
195 497 200009
175 432 1000101
204 315 500051
203 267 300008
205 393 800003
47 89 700004
323 336 700004
225 449 700071
45 456 500051
153 202 600061
30 340 1000001
282 292 600061
192 414 300008
32 498 900002
178 453 600061
169 437 900091
397 412 600061
244 447 900002
37 250 700071
314 473 800081
73 120 1000101
16 272 600005
45 107 900002
288 430 600061
129 131 800081
216 493 800081
18 97 800081
44 186 800081
43 115 200009
401 475 1000001
214 376 300031
27 54 100011
132 241 300008
29 393 100010
210 343 200009
293 481 400007
369 451 300031
136 198 800003
184 386 400007
160 379 500006
181 231 600005
1 119 700004
36 124 300008
64 297 300008
254 288 500006
294 307 100010
313 361 700004
216 240 1000101
337 398 1000101
110 182 500006
122 429 200021
53 288 900002
198 332 900091
105 329 800081
258 460 700071
112 473 300031
70 494 300008
305 404 100011
199 270 500006
296 387 1000001
351 481 900091
451 468 300008
251 410 500006
93 403 400041
181 329 100011
200 236 600005
21 155 100011
194 443 200021
257 395 600005
142 202 200009
292 391 500051
64 459 400007
118 301 600061
87 260 100010
86 456 600061
154 192 1000101
187 314 1000101
185 277 800081
39 290 200009
127 384 900091
202 374 200009
351 474 100011
128 468 300008
145 248 900091
19 143 800003
57 119 900091
203 443 700004
256 290 900091
33 200 600005
34 118 1000001
137 462 200009
35 331 800081
106 315 800003
140 333 400007
127 462 1000001
26 397 300008
65 179 700071
211 231 200021
67 480 100011
323 470 1000101
167 271 800081
119 182 400041
23 370 400041
169 228 100011
13 494 500051
80 352 900002
4 81 300008
32 124 400007
264 419 200021
61 403 400041
192 234 900091
186 304 300008
91 418 500051
84 448 1000101
165 313 400041
75 101 300031
48 278 700071
68 191 700071
161 375 1000101
21 369 300008
277 329 700071
343 357 800003
273 422 500051
311 460 600061
2 371 900091
37 298 200009
289 410 100011
84 486 500006
63 277 100010
285 365 500006
165 264 700071
306 358 500051
18 354 200021
50 91 800081
115 471 800003
232 305 900091
266 442 300008
106 136 100011
152 486 200009
431 460 100011
230 238 900091
82 154 400041
92 252 1000001
236 431 400041
51 355 300008
161 489 900002
78 231 400041
116 353 400007
115 130 700071
325 368 400041
403 423 600005
4 166 400007
364 468 400007
9 499 100011
72 300 200021
208 362 900002
71 91 700071
80 478 500051
339 340 200009
21 408 800081
2 431 800081
334 457 100011
15 301 800003
86 210 900091
25 165 700004
195 391 100010
35 101 300008
55 133 100011
162 361 1000001
133 153 300031
395 459 700004
150 394 700071
75 129 200009
322 404 900002
213 291 100010
452 455 1000101
288 327 500051
10 398 700004
64 457 400007
124 465 800003
29 492 900002
71 321 500051
151 470 200009
100 370 700004
18 437 100011
393 426 100010
113 382 300031
113 318 1000001
380 446 700071
77 352 600005
119 197 300008
175 333 100011
169 345 1000001
49 474 800003
228 395 900002
53 357 300031
470 471 300031
238 247 600061
229 458 500006
20 413 1000001
245 446 100010
29 438 100011
79 299 400007
262 366 500051
62 358 800081
109 112 700004
59 349 400007
62 212 100011
144 415 1000001
163 281 300031
274 407 700004
293 337 200021
376 479 500051
74 492 100010
81 156 500006
72 496 800003
0 326 300008
390 449 100011
224 489 900002
279 382 700071
216 286 900091
316 384 700071
22 159 700071
188 483 800003
185 343 500051
423 447 500051
163 318 1000101
328 459 400007
123 252 600061
31 324 500051
193 250 600061
99 338 700004
199 391 600005
135 308 500006
166 374 700071
70 216 900091
233 467 300031
124 423 300031
72 325 400041
31 445 300031
46 240 900091
41 50 400041
108 198 800003
64 336 500006
380 430 200021
97 434 200009
146 392 300031
64 273 600061
47 171 400041
77 413 500051
95 185 200021
347 420 800081
47 92 900091
49 90 900002
137 339 800081
442 469 500006
225 462 500051
7 163 200021
65 320 1000001
57 348 100011
55 339 600005
11 119 1000001
122 265 200009
305 419 800003
22 218 900091
157 323 500006
101 321 600005
22 389 800003
303 323 1000101
297 299 800081
426 434 600005
373 435 600005
412 436 700071
249 366 900002
17 280 500006
56 140 300031
369 378 1000001
220 262 500006
110 437 100011
427 481 600061
209 301 800081
143 414 1000001
166 236 700004
385 432 900002
279 482 700004
47 48 200009
47 262 400007
374 421 200021
158 433 500051
358 410 500051
492 494 400007
122 393 500006
13 312 300008
304 498 600005
259 480 900002
16 74 500051
154 490 600061
325 421 500051
108 327 600005
252 498 200021
203 345 400007
47 364 700004
71 269 900002
222 494 200021
75 168 1000101
144 325 300031
356 425 1000001
48 209 100010
319 369 400007
75 380 200021
211 370 1000001
156 481 200021
379 400 900091
184 483 900091
13 213 600061
196 477 500006
138 346 600005
56 430 100010
156 464 100011
49 56 200009
44 484 700004
2 377 800003
170 286 700004
68 81 100010
247 402 400007
432 495 800003
332 491 1000101
100 474 600061
401 452 300031
247 295 1000101
144 371 900002
12 240 1000001
79 389 1000001
335 360 900091
168 403 1000001
59 342 300008
234 381 200009
256 391 700071
429 473 900002
293 439 700071
43 461 100010
359 424 300031
96 189 200009
124 208 900002
259 365 600061
44 230 700004
135 417 800003
114 226 100011
195 241 500006
314 418 700071
268 468 800003
315 395 600005
55 72 400007
177 229 700071
35 57 600005
12 153 900002
208 380 700004
158 221 100010
109 468 400041
8 49 800081
236 439 500006
289 414 400041
172 401 400041
24 275 500006
119 411 200009
383 417 100011
67 209 600005
75 388 700004
128 197 600005
38 57 700071
206 360 900002
444 479 1000001
383 424 200009
178 498 600061
30 64 700004
344 465 400007
294 382 400007
70 155 800003
70 176 300008
103 433 200021
100 460 200021
2 475 600005
391 393 500051
94 289 1000001
220 380 400007
290 293 700004
239 245 900002
312 390 900091
34 215 800003
162 432 100010
157 392 400041
64 68 600005
155 422 600005
93 379 300031
251 483 800081
164 439 500051
65 156 600005
328 385 700004
251 294 600005
400 422 500006
350 444 200021
18 452 200021
111 306 900002
351 445 100011
247 299 200021
38 280 200009
256 307 500006
118 136 400041
282 431 600061
393 485 100010
246 439 1000001
7 319 100011
14 230 900002
86 298 100010
351 412 1000001
115 284 900091
82 164 200021
325 454 900002
247 425 1000001
39 176 500006
31 380 800003
129 198 400007
7 105 900091
40 365 1000001
54 178 800081
11 266 600061
5 307 600005
86 370 100010
217 226 700071
384 394 800081
433 494 500051
10 466 800081
76 149 1000101
183 245 500051
115 380 700004
452 490 600061
45 188 700004
259 290 900002
258 372 800081
300 484 700071
68 374 700004
80 249 500006
167 357 400041
416 439 400041
98 188 800081
86 445 100010
15 111 700071
322 350 1000101
162 496 800003
118 489 500051
327 441 300031
145 478 900002
131 299 900002
44 245 200009
40 346 100010
171 311 900091
247 301 100011
407 464 600005
194 405 600005
275 351 100010
158 294 700004
201 278 200009
137 267 200009
214 336 600005
186 268 800003
128 295 300031
46 282 600005
378 451 600005
39 169 1000001
110 265 300031
176 215 800081
77 325 1000101
168 359 600005
261 470 800003
51 258 700071
151 254 500006
15 25 200009
103 108 500051
46 115 700071
57 183 200009
128 167 200009
198 365 200021
272 292 200021
74 269 100010
254 416 600061
393 446 700004
55 470 200021
141 164 100011
8 234 1000101
215 348 700071
11 102 300031
476 497 300031
100 218 300031
265 266 300031
270 352 400007
107 448 400007
249 371 700071
24 236 100010
9 192 400007
227 241 300031
4 15 600005
185 347 500051
87 424 1000001
395 432 500006
174 177 900002
70 134 100011
158 237 800003
306 471 400007
214 348 500051
66 259 100011
309 322 900091
197 231 400041
283 469 1000001
16 353 400041
217 453 1000001
83 394 700004
42 105 800081
433 466 700004
158 179 600005
377 434 500006
172 182 500051
41 486 500006
253 444 500051
13 368 800003
397 427 500051
43 65 200021
91 429 400007
403 443 200021
58 332 100011
67 192 400041
275 290 900002
68 474 500051
82 493 1000001
356 385 600061
179 495 300008
21 308 900091
15 405 800081
98 258 500006
16 433 300008
98 407 700071
14 172 100010
189 288 500051
142 355 1000101
476 489 400041
75 337 300031
152 236 900091
137 259 700004
35 312 700071
336 490 400041
15 181 400007
159 307 600005
29 163 700071
144 367 900002
42 333 300031
108 425 500006
221 494 400007
288 391 900091
29 58 1000001
69 219 900091
175 444 200021
194 483 200009
249 272 900002
179 388 100011
209 246 800003
247 487 500051
173 483 100011
288 294 800081
139 372 600061
132 326 600061
155 344 100010
157 433 600061
365 481 500051
143 473 900091
100 396 300008
39 153 300008
110 496 500006
438 493 700004
144 252 800003
48 66 800081
208 220 600005
92 282 300008
286 456 700071
83 452 700071
41 478 400007
269 473 800003
53 155 600005
412 413 800003
72 174 600061
49 335 200009
29 54 600061
215 482 900002
263 434 800081
115 195 200009
6 56 900002
238 305 900091
46 55 900002
68 282 900091
161 230 500006
330 369 800081
304 481 500006
183 311 900091
222 418 600005
231 442 400007
38 310 100010
32 271 100010
109 410 200021
88 371 100011
100 417 500006
146 178 700071
336 352 200009
18 449 600005
226 353 200009
420 473 700071
88 216 300008
145 194 500051
231 369 200021
142 347 600061
65 237 600005
199 208 900002
121 161 1000101
314 464 600005
89 418 800081
363 451 700071
27 117 1000001
165 334 800081
115 159 900002
172 496 400041
159 440 1000101
292 393 900002
227 329 300008
142 482 400007
330 436 500051
51 295 1000101
120 217 100011
294 413 800081
330 385 800003
14 337 900091
202 439 100011
23 249 400007
65 259 600005
64 70 900091
371 383 400007
14 409 600061
45 47 400041
416 448 700071
326 459 500051
98 168 100011
136 409 500006
303 458 200021
163 339 100010
140 169 800003
387 468 1000101
241 259 1000101
31 356 1000001
334 441 1000001
69 463 600005
480 484 800081
117 298 800081
60 213 600005
192 302 800081
67 469 900002
113 314 200021
103 239 800081
52 458 100011
331 367 600005
338 442 800003
141 487 600061
414 454 900002
274 472 700004
168 490 400041
201 374 700071
147 225 200009
129 306 900002
334 375 300008
40 184 800081
221 427 400007
146 267 600005
2 381 900091
184 334 400041
66 228 1000101
203 222 1000101
61 424 800003
155 413 300031
133 178 500006
296 359 700071
22 359 700071
245 381 800081
179 346 700071
346 444 700004
57 157 600005
24 498 400041
157 375 600005
20 433 800003
106 152 200009
436 438 1000101
27 291 200021
217 347 800081
205 212 700071
167 303 200009
46 409 600005
121 150 100011
58 307 700071
19 65 900002
55 349 500006
78 143 700004
95 448 600061
51 358 900002
275 362 700004
59 190 600061
191 217 800081
26 430 1000101
28 409 100011
192 356 700071
111 132 100010
241 476 900091
171 242 700004
101 455 200009
95 211 100011
162 230 500006
290 352 1000101
94 331 100011
77 402 700004
180 292 300031
17 93 800081
347 386 900091
90 144 600061
15 160 500051
261 301 900002
63 405 100010
144 375 400007
310 473 800081
221 273 700004
173 246 1000001
394 415 200021
195 469 400041
268 371 400007
332 363 700071
50 340 600005
238 482 500051
17 290 500006
129 192 100011
78 310 800081
154 484 600005
51 423 400007
136 159 500006
384 458 100011
222 365 800081
169 299 600061
188 267 400007
54 233 600005
180 443 300031
295 368 1000101
347 369 500006
350 424 500006
334 339 100011
317 473 400007
277 297 400007
147 373 500051
144 470 500006
136 448 700071
43 443 900002
33 60 300031
71 480 800003
381 465 400007
82 355 1000001
314 454 200021
151 424 700004
137 148 100010
46 492 600061
162 467 700071
138 171 800081
40 66 300031
53 181 900091
248 406 700004
224 482 500051
118 222 900002
245 447 200021
9 279 600061
114 209 400007
190 343 700004
280 453 700004
138 302 400041
260 386 700004
130 295 400007
40 429 800003
119 422 600005
417 435 900091
27 265 600005
257 386 100010
3 192 400007
325 440 200009
13 460 600061
70 146 300008
5 168 800081
109 490 100010
88 177 300008
120 215 900002
66 278 600061
315 402 300031
15 74 700004
102 389 700071
40 192 1000101
28 102 400007
214 273 400007
80 102 600005
261 335 1000001
177 253 500006
271 390 200009
93 137 700071
69 73 300008
405 437 500006
29 158 800081
114 446 400041
107 254 1000001
91 137 200021
43 304 900002
334 376 1000001
235 378 800081
264 466 900002
249 367 400007
207 401 200009
197 365 600061
131 358 700071
424 430 500051
402 430 600061
90 222 700004
45 240 600005
53 167 100011
154 472 100011
83 377 1000101
274 441 500006
193 358 300008
231 339 200021
260 451 700004
36 375 500006
161 281 500051
4 304 100010
105 463 500006
375 400 700004
105 485 400007
28 200 800003
32 102 400007
204 223 500006
17 150 300008
17 328 200021
131 332 800003
132 308 1000101
8 285 600061
176 499 500051
297 474 800081
44 466 100010
163 357 700071
211 375 700004
259 390 300008
75 262 800003
149 299 500006
153 420 400007
147 294 700071
85 282 400007
204 269 600061
3 401 100011
85 365 1000001
104 282 300031
229 357 800081
52 247 200009
59 202 200009
69 388 1000101
109 453 100011
362 461 200021
92 214 300008
61 277 1000101
360 476 800081
74 423 500051
33 337 400041
292 379 100011
37 107 500051
4 9 700004
138 193 400007
360 431 900002
8 14 500006
28 348 500051
110 474 800003
142 158 400041
209 323 900091
63 372 600005
67 408 1000101
7 316 700004
134 466 300008
267 301 400041
290 342 100010
149 177 700071
139 151 200021
241 351 800081
46 401 500006
66 240 500006
173 486 900002
20 120 700071
93 422 600061
17 233 400007
1 15 400007
154 452 800081
180 311 500006
210 291 800081
27 320 600005
79 477 100010
264 461 400041
179 231 800081
108 124 200009
16 331 500051
103 437 400007
43 47 800081
22 36 400007
40 472 100011
151 200 600005
243 411 900091
260 327 700071
87 125 500006
165 279 600005
225 308 600061
120 331 800003
234 283 500051
22 191 300008
25 39 700004
288 301 100011
180 193 600005
269 327 800003
33 411 200021
173 387 100011
89 122 100010
87 146 500006
280 296 1000001
35 456 200009
87 356 800081
30 380 900091
261 456 500006
95 344 600061
41 290 500051
315 363 700004
112 180 600005
3 77 800081
181 443 500051
34 40 100010
73 444 800003
185 308 200021
170 429 900002
401 481 1000001
25 119 400007
88 324 500051
84 251 200009
279 487 900091
168 328 500051
88 312 1000001
82 353 200009
131 227 600005
177 227 1000101
91 455 400007
12 197 100011
54 399 900002
238 346 700071
147 328 200009
296 321 100010
288 363 700004
47 394 1000001
114 170 200009
474 480 1000101
224 453 1000001
88 428 700071
275 471 200009
194 484 200021
293 474 100011
266 310 600005
117 371 200021
92 416 700071
130 358 900091
172 455 600005
11 404 500051
221 431 400041
8 260 400041
21 328 200009
109 376 100010
17 377 700004
176 433 500051
9 110 1000001
270 376 500051
270 370 300008
239 420 500006
48 79 800081
312 472 300031
268 403 500051
136 358 700004
233 475 500006
243 259 400041
343 484 100011
184 298 900002
25 135 600005
220 480 900091
416 496 100011
123 211 400007
281 484 500006
243 381 500051
54 278 900091
35 106 500006
45 128 800003
4 350 800081
163 321 400007
39 272 300031
1 82 800003
291 399 100011
181 389 300008
199 318 500051
75 470 400007
192 392 300008
410 475 200009
45 229 500006
176 462 800003
7 24 800081
178 418 700004
104 184 200021
37 92 800081
189 264 100011
102 457 700071
101 351 700004
137 277 300031
316 475 200021
357 363 400007
37 487 200021
100 201 800003
62 153 100011
55 128 200009
33 156 200021
267 407 600061
296 357 800003
