EDGELIST
600 2400 2 53503516
56 435 700071
254 495 800003
146 501 900002
173 546 100011
131 182 600061
196 589 300008
92 535 900002
30 312 1000001
330 435 1000001
448 488 400041
218 462 100011
34 181 200021
159 507 600005
58 279 600005
262 562 1000001
366 414 1000101
61 392 900091
36 91 200009
62 361 1000001
543 562 900002
388 416 500051
225 569 200009
100 462 900002
87 425 100011
19 451 700071
212 288 1000001
533 588 100011
191 464 200021
23 411 400007
403 514 800003
505 507 600005
96 572 800003
125 273 700004
122 403 1000101
362 512 200009
80 266 700004
12 596 100010
13 199 800003
214 454 200021
34 53 800003
450 501 400007
508 556 900002
73 113 800003
9 166 700004
144 278 900002
29 147 100010
83 557 200009
457 475 500006
209 486 400041
312 465 1000101
310 439 800003
190 511 900002
69 219 900091
97 129 1000101
239 533 900091
168 212 1000001
186 366 800081
19 543 800003
286 373 400007
44 424 500051
221 588 900091
180 340 800003
450 573 200021
351 483 800081
245 486 700004
155 166 1000001
33 318 100010
97 439 600061
463 540 600005
154 472 500006
416 595 700071
214 291 400007
342 538 800003
413 486 700004
300 417 500051
57 133 600061
322 502 100010
247 355 900002
281 358 200009
50 459 500051
371 528 500006
397 525 800081
379 557 700071
299 353 700004
111 226 700004
351 431 100010
97 340 600005
102 243 900091
245 475 800081
30 599 800081
254 472 600061
117 167 200021
42 576 500006
54 492 1000101
25 552 300031
110 151 600005
387 427 1000001
54 202 500006
73 75 500006
190 363 100010
207 456 900091
27 117 1000001
144 375 400007
1 221 600005
461 536 900091
102 103 400041
427 489 500006
472 487 700004
24 371 300031
350 540 300008
388 575 300031
42 87 100011
24 523 300031
403 506 400041
74 266 600005
352 354 700004
180 411 500006
392 540 1000101
431 509 200009
335 398 200009
68 598 100011
66 248 100010
220 523 400041
278 403 1000101
152 391 300008
442 502 600061
0 107 800003
194 383 200009
29 520 300008
275 368 800003
179 422 700004
7 524 800081
19 390 600005
35 253 300031
160 486 400041
219 231 200021
244 566 200009
413 551 100010
18 222 600005
349 510 700071
37 298 200009
192 315 500006
274 560 200021
64 135 200009
318 435 500006
176 392 200021
8 349 1000001
40 457 1000101
193 525 100011
387 580 500006
278 338 500006
40 134 100010
118 294 100011
16 462 1000101
213 291 900002
158 339 700071
48 267 800003
83 161 100010
384 417 400007
72 514 100010
79 433 300008
77 476 400041
281 445 200021
284 564 700004
8 351 600005
302 556 800081
0 15 200021
446 491 500006
123 498 800081
320 573 300008
343 435 300008
9 507 1000101
70 494 300008
300 437 400041
279 428 800081
367 396 500051
341 590 900002
52 286 700004
337 471 400007
45 226 600005
95 438 800081
170 543 100010
30 396 700004
468 562 400007
250 344 200021
258 306 900091
173 426 200009
35 47 600005
62 373 600005
36 60 600061
98 401 400007
306 431 500006
107 466 500006
91 497 800081
291 325 700071
175 521 900002
369 502 700004
133 310 200021
248 566 800081
338 472 600005
185 320 400041
200 333 700004
455 579 800081
236 258 700004
270 303 900091
422 487 900091
274 282 800081
176 260 800081
316 586 600061
225 563 600061
102 127 800081
279 441 400007
258 320 800081
63 239 600005
310 339 100011
270 444 500006
31 65 300031
380 566 700004
213 248 700071
238 379 700071
157 495 800003
114 127 700071
393 427 600061
189 244 500006
299 323 900002
220 378 400041
180 513 500051
56 202 100010
84 269 200021
89 226 400041
292 472 600061
213 549 500051
464 545 900091
83 559 100011
27 420 300008
55 314 300008
47 71 400041
89 588 900091
296 384 500006
162 489 900002
149 409 400007
119 495 500051
285 426 900002
278 541 400007
328 429 100010
190 228 900002
71 405 100010
224 535 900002
107 595 700004
158 437 200009
397 421 400007
65 406 900091
412 465 700071
80 112 600005
64 491 400041
270 288 1000101
164 375 500051
271 474 300008
25 300 300008
560 586 100011
197 437 800081
462 506 700004
336 522 400007
324 483 200009
65 209 400007
477 593 300031
227 588 500051
211 322 600005
86 126 800003
328 580 400007
132 411 100010
207 430 500051
106 215 800003
372 405 700071
456 517 800081
359 443 1000001
586 590 900091
245 337 1000001
89 463 600005
100 296 700071
76 262 800003
204 581 300008
86 393 400041
234 341 1000001
221 285 100010
19 425 400007
188 345 700004
251 270 400041
274 291 600061
393 503 300031
163 559 700071
414 544 400041
277 298 600061
421 566 1000101
327 494 700004
242 383 300008
56 544 100011
189 558 800003
142 289 200009
203 319 600005
412 572 900002
163 515 500051
3 77 800081
466 533 100011
309 333 300008
430 458 500006
226 317 700071
73 387 100011
80 211 900002
316 332 700071
156 389 300008
30 478 100011
232 248 800003
44 583 600061
232 536 400041
99 140 600061
19 465 1000001
434 576 800003
234 369 800081
466 542 400007
48 381 300008
147 510 100010
170 528 200021
53 434 600005
280 450 500051
147 261 100011
65 380 500006
51 575 200009
247 469 500006
32 385 1000001
91 384 700071
194 236 400041
466 598 300031
117 228 200021
57 278 200021
185 214 600061
244 263 500051
108 436 400041
108 420 200009
38 356 400007
218 507 100010
488 594 800081
132 559 900091
263 350 1000101
152 438 100010
39 158 900091
176 568 700071
73 533 300031
304 516 500006
264 426 300031
15 511 600061
81 590 900002
291 362 100010
74 372 800081
379 446 1000001
337 525 1000001
231 318 700071
183 509 500006
25 489 200021
262 475 700004
141 294 100010
254 550 200021
51 158 900002
7 440 900002
56 407 200009
223 293 600061
179 530 400041
373 598 300008
55 160 300008
93 279 300031
14 201 900091
71 221 800003
98 475 100010
293 432 700071
276 562 700071
82 292 300008
7 337 500051
343 499 700071
387 581 1000001
266 307 900091
114 577 200009
13 571 100010
291 318 400007
119 447 500051
5 542 800081
218 500 300031
336 591 500051
178 180 200009
233 565 500051
104 450 400041
274 475 100010
231 478 400041
273 446 400007
101 451 700004
193 483 600005
167 388 400007
69 216 800003
183 216 700071
305 537 600061
366 481 600061
173 202 300031
34 405 900091
45 229 500006
118 435 800081
359 364 700004
129 404 800081
459 560 500051
96 428 500006
211 348 700071
64 394 200021
46 319 500051
420 524 700004
423 593 1000001
34 572 600061
46 587 500006
255 542 1000101
304 447 500051
17 288 800003
26 179 600005
305 556 900002
158 333 500051
153 257 100011
131 543 500051
190 593 400041
159 394 100011
92 507 200021
128 414 600061
371 533 300008
82 147 200021
524 564 1000101
218 557 100010
547 552 200009
186 293 600061
521 538 200009
358 499 100010
34 293 600061
61 243 500051
39 572 600061
224 321 900091
1 547 900091
169 414 500006
269 369 1000101
164 578 100010
246 384 1000101
139 551 200021
9 405 700071
516 533 300008
27 68 500006
8 62 800003
254 418 200021
356 599 1000001
521 553 300008
183 345 500051
164 471 100011
251 488 700071
242 300 1000101
47 420 200021
191 510 800081
165 531 400007
579 589 1000001
421 460 600061
20 536 300031
59 141 1000101
226 514 100010
182 210 500006
204 346 400041
399 463 1000101
232 538 200009
43 96 100011
369 589 200009
23 338 300031
67 275 200021
468 583 900002
450 579 500006
345 544 700004
45 125 300008
36 475 100011
84 375 400007
487 557 800003
338 452 800081
232 258 100011
58 108 900091
335 423 1000001
139 176 500006
326 333 100010
376 586 400007
258 394 900002
269 272 700071
395 539 800081
273 496 200009
81 505 600061
221 442 200009
300 597 100010
203 545 300008
107 489 900002
444 470 800003
448 482 100010
109 237 100011
139 339 400041
39 510 800081
135 230 900002
357 474 400041
7 216 700004
336 573 100011
407 556 900091
145 391 800003
143 446 600061
23 393 400007
304 567 400007
36 163 100011
343 489 100010
63 503 300008
3 284 1000101
328 474 200009
2 561 1000001
323 574 500051
73 193 100011
172 300 1000101
223 409 900091
129 445 800081
60 73 1000101
59 297 500006
90 475 300031
138 471 800081
252 331 800081
126 508 400007
76 323 600061
77 165 1000101
156 581 500006
163 418 200021
138 238 400007
280 477 700071
113 353 800003
84 571 100011
4 262 600005
135 317 800003
320 378 900002
465 477 800003
292 573 100010
109 302 500006
47 67 200009
124 267 400007
363 517 300008
21 408 800081
534 593 800003
256 342 400041
103 570 900091
17 210 500051
58 230 300031
368 471 400041
325 373 600005
89 186 500051
220 527 600005
346 374 100011
312 453 100011
50 86 400007
184 515 900091
137 424 900091
211 480 900091
234 356 700071
13 382 300031
261 350 100010
148 292 1000101
138 388 900091
226 559 800081
314 343 300031
39 104 500051
222 460 300008
0 148 1000001
49 411 800081
268 539 600061
33 365 300008
406 458 800003
35 209 900002
221 360 900091
220 520 700071
175 299 800081
3 245 1000001
58 385 500006
157 507 800003
383 559 200021
14 585 600005
109 510 200021
106 207 400041
194 208 500006
138 209 500051
61 184 400007
214 533 100011
140 483 200021
238 299 700004
27 571 1000101
387 490 500006
84 526 600005
211 370 100010
56 533 200021
492 493 500051
118 172 200021
183 470 1000101
112 346 400041
418 564 700004
192 363 800003
78 433 500006
93 424 200009
197 313 200021
381 384 600005
454 553 100011
205 592 1000001
503 592 900091
173 485 600005
171 314 400041
96 283 900002
28 137 800081
45 277 600005
126 514 100011
124 276 900091
22 317 600061
458 556 500051
186 294 200009
17 150 300008
75 513 1000101
60 74 700004
165 464 500006
222 305 900091
72 366 400007
163 580 800081
461 490 900002
399 589 1000001
172 232 400007
301 389 500051
102 319 900091
295 481 300031
203 283 700071
333 560 300031
476 596 1000001
275 510 600061
471 532 800003
159 279 300008
189 269 100010
69 473 1000101
439 463 700071
349 518 600005
215 457 300008
284 333 600061
199 250 700071
357 470 200009
400 401 300008
401 517 100011
257 343 100011
349 402 700071
188 237 600061
179 540 600061
163 324 900091
310 426 400041
297 397 500051
256 476 200021
45 153 700071
174 347 800081
43 298 800081
535 578 600061
80 476 800081
217 230 1000001
397 453 100011
181 434 300008
357 548 100010
264 315 600005
183 294 100011
407 458 600005
85 108 200021
191 340 600005
277 504 800081
184 340 800081
66 505 100011
433 478 100011
97 131 400041
53 181 1000001
415 598 800081
496 548 500006
23 104 500006
271 453 500051
14 242 100011
328 392 200009
11 206 900002
405 563 100010
423 433 800003
196 376 1000001
201 356 100011
103 484 600061
484 577 200021
355 363 200021
186 443 900002
215 503 1000101
5 553 600005
157 243 800003
63 146 200009
179 440 700071
246 446 1000001
349 353 900002
380 517 500006
51 524 700004
369 425 400007
112 411 400041
135 178 1000001
473 485 100010
423 509 500051
69 173 300008
55 412 400007
232 353 700071
326 567 400041
96 438 1000001
226 561 1000101
125 419 100010
372 492 900002
89 96 200009
15 366 1000101
66 178 600061
155 208 700071
83 569 300008
262 302 400007
129 158 500006
184 362 400041
136 241 1000001
202 315 200009
9 590 100010
174 469 800003
288 471 600005
497 514 600061
35 425 600005
50 421 100011
236 523 700004
312 548 300031
22 259 900002
313 594 900002
139 189 300008
14 328 400041
214 328 100011
114 569 500006
165 178 900002
416 444 900002
53 89 1000001
367 578 900091
190 370 600005
76 505 900091
315 586 800003
316 504 800003
31 172 500051
382 432 100010
152 535 500006
295 555 1000001
115 193 200021
291 436 500051
380 389 900091
52 158 100011
102 357 700071
43 484 100010
44 55 100010
52 307 900002
279 587 700071
223 268 400007
204 379 900002
71 141 600061
234 563 600061
20 388 600005
220 436 1000101
551 576 700004
163 507 200021
495 545 200021
117 224 1000001
519 524 1000101
488 528 400007
456 543 1000001
151 261 500051
114 124 400041
17 144 400041
61 191 200009
411 472 900002
51 426 500051
150 240 600005
141 183 300008
513 551 100010
116 293 300031
337 451 400007
104 431 1000001
64 336 900091
154 484 600005
125 206 700071
161 170 800003
208 336 800081
375 444 900002
152 279 300008
168 443 900002
86 505 100011
122 207 600005
2 141 300031
467 514 600005
195 573 100010
34 474 600005
12 53 900002
9 505 400007
6 16 300031
42 408 300031
296 390 1000001
47 437 900002
323 532 500051
187 296 400041
101 140 900091
30 71 800003
267 488 400007
121 336 400041
154 582 400041
161 406 400041
72 274 600061
321 539 800003
235 280 1000101
401 423 800081
533 585 900091
167 353 100011
408 539 600061
323 363 700071
206 501 900002
58 411 400007
110 530 600061
43 185 500051
179 182 700071
245 316 200009
250 531 800003
32 185 900091
154 474 900002
178 257 800081
53 155 600005
250 511 500006
439 585 400041
211 359 400041
25 497 300008
182 592 300008
308 384 1000101
190 434 200021
209 547 700071
209 465 400041
86 170 600061
97 256 300031
18 104 200021
326 416 800003
405 559 100010
59 395 900091
312 483 800003
177 279 500051
146 344 800003
70 495 500051
187 515 900091
139 395 700071
1 599 300008
52 276 1000101
79 224 200021
410 504 1000001
217 420 100011
39 396 900091
120 519 800003
496 562 800003
448 461 700004
257 381 1000001
128 359 400007
174 477 900002
314 547 300008
527 591 900091
53 320 400007
72 506 1000101
3 448 700071
172 439 300031
65 141 100011
161 564 200021
87 124 1000001
266 370 400041
279 327 600005
178 201 200009
153 375 1000001
40 106 500006
55 247 200009
168 442 800003
174 546 500006
47 488 300031
84 360 500051
95 379 600061
309 499 100011
416 567 500006
102 145 700004
205 428 600061
351 385 900002
164 165 700071
6 149 100010
230 592 600005
10 241 500006
197 403 700071
232 404 800003
366 544 100010
35 62 600061
416 466 200021
217 467 500006
266 519 500051
260 312 100010
81 500 300008
99 218 800003
525 565 700004
124 143 900091
114 572 900091
167 337 400007
452 570 400041
323 399 600061
155 470 800003
139 536 1000101
473 486 900002
121 370 700071
173 286 400041
147 506 800081
19 198 600061
288 392 900091
143 178 700004
13 65 400041
73 415 300031
363 469 600005
101 302 800081
403 482 400007
463 502 900002
73 85 100010
180 351 100010
54 399 600005
533 591 100010
163 253 600061
425 587 500006
269 384 200021
422 599 400041
98 164 800081
451 500 500051
2 40 700004
14 518 300031
329 562 300008
397 447 500051
296 380 200009
352 581 1000101
577 595 800081
31 264 700004
455 507 200009
111 375 700004
201 244 800003
159 195 600005
217 458 100010
357 526 400041
153 541 800081
36 118 400041
21 561 1000101
244 365 400007
143 194 500051
170 258 500006
21 592 900002
239 357 100011
279 317 800081
41 198 700004
76 239 1000101
262 520 300008
408 530 500006
114 477 1000001
147 544 400041
146 308 300031
150 362 700004
309 531 300031
6 220 600005
374 557 700071
524 545 700004
465 586 600005
56 164 600005
72 127 700071
219 287 600061
331 453 900002
56 215 900002
47 340 500051
24 551 700004
355 369 500051
433 522 600005
14 530 900002
110 172 100011
15 395 200009
223 510 800003
193 484 700004
52 257 300008
326 433 200009
227 431 600005
28 571 1000001
2 374 700071
568 574 500051
538 580 200009
272 281 1000101
365 386 200021
70 114 200009
222 245 1000001
1 488 900091
18 189 500051
200 360 800081
260 331 800003
288 339 200009
361 558 800081
193 451 100011
0 360 200021
11 543 1000001
316 527 300008
298 337 800003
405 447 500006
106 371 400007
201 520 300008
519 577 100010
218 593 100011
282 326 900002
73 433 900002
41 586 500006
395 576 1000001
538 560 500006
32 326 600061
4 306 100010
158 223 600061
266 343 700004
112 494 500051
343 361 100010
189 312 300031
288 300 400007
117 439 700004
98 320 1000001
85 175 1000001
96 195 100010
103 382 200009
26 220 800003
105 381 100010
508 560 200009
428 579 400041
266 410 1000001
63 111 800081
73 488 500051
338 573 500006
218 505 600005
269 498 400007
12 209 700004
118 382 800081
210 566 600005
187 565 600005
47 337 800003
308 374 100010
303 361 400041
195 241 500006
293 450 100011
145 351 100010
50 574 300008
55 392 800003
347 549 300031
129 503 100010
508 514 500006
308 543 700004
62 327 300031
450 591 800081
157 166 700004
207 329 500051
142 158 400041
298 356 700071
277 378 200009
321 493 800081
64 581 600061
191 363 900002
470 508 800003
369 569 100011
112 526 300031
197 212 100011
213 580 300008
60 81 900002
42 596 400041
230 465 700004
465 522 400007
312 372 400041
247 441 300031
13 213 600061
123 206 500006
89 348 900002
578 598 400007
413 574 700071
542 583 200021
400 414 400041
214 263 1000101
108 211 1000001
14 497 300031
357 359 400007
184 514 600061
5 112 600061
470 502 500051
4 63 1000001
254 394 400007
48 178 700071
183 342 100010
179 367 100011
538 564 800081
89 157 900091
152 575 1000101
199 503 1000101
70 75 400007
145 539 900002
290 403 300031
37 480 200009
214 341 400007
156 364 100011
88 518 600005
2 11 300031
430 588 100010
105 385 800003
265 526 900002
363 382 500006
28 320 100011
279 559 700071
260 388 600005
245 466 700071
314 504 600005
397 586 500006
220 402 800081
204 582 200021
285 508 800081
396 559 100011
349 598 900091
73 165 500006
10 551 500051
70 99 500006
215 402 300031
102 459 400007
66 519 800081
40 462 300031
48 237 100010
79 258 1000001
116 528 500006
261 433 300031
402 450 900002
77 552 600005
59 586 1000001
294 491 1000101
261 266 100010
86 376 100010
41 475 300008
147 540 700004
156 254 500051
5 477 800003
103 195 100010
367 532 900002
308 479 500051
486 523 800081
138 360 300031
343 351 400007
258 411 100011
196 420 600005
375 460 500006
165 594 300031
125 319 1000101
122 212 400007
253 297 200009
166 233 400041
543 575 900002
269 536 800003
65 388 300008
6 321 800003
231 239 500051
240 329 800003
136 188 300008
147 349 1000101
431 445 200021
210 365 700004
240 377 500006
295 572 500006
11 340 100010
3 349 1000001
120 374 900091
76 141 300008
66 489 100011
55 413 700004
222 297 500006
347 527 300031
211 292 500006
214 573 400007
255 273 700004
445 534 400041
79 160 300031
333 390 200021
324 330 500051
35 595 800003
31 116 400007
140 459 100010
255 501 100011
476 497 300031
141 382 300008
198 267 200021
148 223 300031
203 279 200009
14 447 800081
454 544 500051
428 450 100011
41 566 200009
516 534 400041
243 458 700071
33 193 700004
103 337 400007
208 327 1000001
370 584 1000001
178 533 800003
185 477 500051
202 427 800081
214 563 500051
354 562 400041
436 443 700071
464 501 800081
355 445 500006
94 243 200021
301 369 700004
345 346 100010
26 198 100011
73 195 600005
82 257 100011
40 329 500051
368 568 300008
388 402 700004
92 165 200009
5 484 600005
276 507 600005
209 275 600005
152 304 300031
169 599 900091
187 211 400007
78 570 1000101
56 251 500006
351 578 200021
310 411 500051
195 528 500051
81 219 400007
354 473 900091
421 463 1000001
344 594 1000101
313 345 700004
49 295 900002
2 67 700004
99 291 1000101
202 359 500051
402 597 100010
60 134 400007
387 410 200021
64 486 1000001
27 554 100011
384 500 700004
293 505 400041
263 538 500006
391 527 200021
149 519 800081
374 509 900091
115 547 800003
123 223 300008
336 348 700071
301 354 500051
131 451 800003
72 492 400007
25 56 300031
460 506 500006
16 18 900002
36 77 800081
34 569 200009
6 320 400041
169 346 600061
40 461 700071
157 356 500006
88 309 800081
7 496 1000101
109 433 600005
92 587 500006
171 342 700004
22 583 300008
65 425 900091
226 479 600005
194 294 500051
260 573 800003
217 448 600061
451 481 300008
44 125 600005
35 319 800081
278 461 300031
221 292 1000101
154 281 300008
94 593 600005
47 78 800003
482 565 100011
153 269 200009
136 332 300031
532 579 300031
80 116 500051
134 521 700071
423 497 400007
143 335 400007
153 456 1000001
557 592 900002
171 333 800003
197 310 900002
286 532 100010
345 476 700071
77 127 1000101
193 528 300008
414 476 400041
3 472 100010
16 542 600005
46 529 300008
64 139 500051
206 536 700071
154 365 700071
210 491 600005
120 444 800081
31 577 800081
188 359 1000101
66 218 700071
96 462 300008
143 442 200009
127 556 200021
167 231 600005
276 436 400007
438 482 500051
162 230 300008
37 476 200009
255 357 400007
103 561 400041
29 131 800081
162 430 700004
30 580 900091
295 487 300031
148 518 800081
337 452 700004
268 546 600005
147 399 300031
156 373 600005
200 564 900091
340 563 1000101
58 455 700004
392 480 600005
335 412 200021
331 561 400007
516 565 100011
131 522 900002
110 174 800003
453 503 100010
425 491 800081
44 595 600061
292 475 100011
477 562 900002
33 536 600005
334 462 300008
444 521 800003
294 479 700004
398 589 800081
396 430 300008
83 373 300008
158 498 300008
226 392 900091
127 241 300031
8 77 500051
229 363 200021
509 575 200021
301 378 900002
285 400 900091
80 469 400007
121 156 600061
196 494 400007
423 425 900002
199 262 600061
407 469 600061
285 357 300031
189 420 900091
512 513 300008
13 560 600061
289 346 1000101
19 594 1000101
120 386 300031
189 400 500006
449 458 600061
28 95 300031
229 247 900002
31 507 1000001
47 125 200009
356 453 1000001
81 433 500006
29 298 400007
213 588 600005
483 526 100010
137 253 500006
246 440 100010
31 434 400007
480 526 400041
166 542 300008
283 508 100010
449 571 1000101
178 232 800003
479 512 200021
161 249 200021
315 393 400007
68 400 900002
101 352 300031
65 237 600005
279 285 300008
186 282 500006
56 406 900002
450 472 900091
462 530 300031
239 290 200021
445 450 400007
79 408 600005
169 442 900002
370 596 1000001
15 62 1000101
28 92 300008
577 588 300008
85 328 600061
84 179 300031
323 485 200021
453 482 500051
259 422 700071
172 304 1000101
457 483 200009
87 431 300031
237 593 700071
138 146 700071
99 223 300031
404 575 700004
372 397 600061
308 475 600005
63 268 100011
133 253 300031
416 524 800003
455 497 300031
130 345 500051
40 372 500051
519 538 900091
500 553 1000001
13 170 900002
266 347 100010
136 282 400041
104 330 700071
110 334 700071
400 501 800003
479 524 200009
251 407 900091
279 325 800003
248 504 1000101
326 568 1000101
406 580 800081
131 422 600061
487 537 200021
159 242 300008
174 471 300008
127 434 800003
63 72 600005
180 220 400007
216 272 1000001
53 65 100011
304 319 300008
304 370 600061
136 485 900091
165 579 1000001
52 475 1000101
7 219 100011
172 350 600005
327 577 200021
210 501 900002
320 496 500006
453 512 700071
103 345 400007
199 291 600005
326 555 200009
284 544 900002
329 488 400007
307 469 100010
395 440 800003
173 287 600005
336 589 900002
327 486 400041
251 417 100010
92 432 100010
178 259 700004
494 565 900002
319 506 600061
99 281 600005
193 364 700004
279 458 100010
63 335 500051
136 228 900091
247 332 400041
131 179 800081
316 407 1000101
205 339 500006
162 567 700071
73 245 400007
58 229 1000001
233 382 300008
84 164 600005
521 585 400007
374 508 600061
22 518 900091
228 413 600061
249 298 800003
457 499 300008
364 449 700071
56 335 900091
210 425 800003
156 444 200021
204 309 1000001
171 221 500051
81 429 900002
192 396 600005
113 398 200009
3 308 500051
147 446 500006
97 455 900002
69 299 600061
330 428 400041
233 503 700004
68 90 100011
184 225 200009
23 483 500051
61 66 400007
169 471 900002
20 197 800081
161 401 400007
42 314 800081
209 451 400007
114 283 600061
29 290 800081
113 418 1000001
244 377 700071
79 236 400007
23 376 200009
185 189 800003
33 264 400007
48 173 500006
97 183 600005
353 380 700004
284 566 800081
432 464 200021
44 63 100010
205 302 400007
242 395 800081
268 337 500051
4 34 400007
100 324 600005
252 290 1000101
33 163 500006
142 465 600061
139 511 700004
317 570 400041
420 575 500051
31 591 200009
62 479 200021
218 316 400041
13 525 100011
142 389 700071
171 217 100010
45 324 600005
475 534 700004
222 246 400007
299 475 600061
124 261 300031
259 405 300008
505 589 1000101
153 235 200021
37 521 800081
309 520 700071
354 512 600061
130 415 700071
35 531 800081
26 37 700071
30 331 100011
34 497 1000001
141 322 200009
63 422 400007
168 475 1000101
253 532 800081
287 347 500051
357 403 700004
59 542 400041
405 451 800003
49 345 700004
130 510 500051
347 519 700004
176 227 600061
81 214 700004
358 547 400041
239 553 900002
290 348 500006
75 432 1000101
26 398 200009
293 307 800081
102 444 300008
431 590 300031
303 480 900091
11 535 100011
15 458 400041
128 577 500051
103 433 700004
40 540 100010
224 288 500051
189 360 200021
235 356 200009
59 351 400007
144 383 100011
282 299 600005
55 233 100011
585 590 500006
79 496 1000001
500 529 600005
375 480 1000001
330 399 400041
8 410 300031
197 252 400007
120 438 300031
93 550 600061
45 494 500051
136 183 500006
348 505 700071
201 328 600061
284 390 1000001
507 516 800081
321 409 600005
373 597 900091
383 419 400041
297 564 300008
236 237 700004
22 70 1000001
151 412 300008
222 241 300031
150 225 700071
440 523 400007
333 418 1000101
106 228 800003
216 245 600005
278 507 900002
286 438 700071
198 304 500051
451 536 500006
280 500 900091
82 207 100010
193 290 700004
285 392 800081
339 530 200009
61 459 100010
539 551 300008
119 246 1000101
67 380 300008
198 293 400007
273 585 300031
387 468 700004
84 186 400007
554 578 700004
114 347 400007
325 567 500051
226 494 400007
50 270 700004
76 302 100011
37 272 300008
280 331 1000001
163 529 700071
189 258 600061
175 237 300031
378 506 100011
78 113 400007
57 475 400041
150 484 100011
405 425 400007
236 375 500006
167 580 100010
21 464 1000001
126 416 100011
107 194 100010
123 233 400007
247 389 300031
29 287 700004
274 549 800003
83 94 700004
15 274 700004
48 478 1000001
103 380 600061
88 253 400041
95 543 700004
42 272 500006
20 313 100011
274 402 800003
368 593 500006
186 567 200009
271 575 1000001
127 421 900002
8 115 600005
36 190 100010
180 208 600005
250 476 400041
190 396 100010
257 477 200021
152 518 200021
417 585 200021
166 429 800081
41 134 900002
346 378 500051
524 531 500051
146 514 600061
196 211 700004
101 537 900091
10 364 400007
137 413 300031
418 516 100011
208 442 500051
175 217 200021
291 589 100010
101 551 700004
112 516 1000001
187 537 200009
61 447 300008
365 468 700071
173 329 600061
309 528 100011
256 270 200021
322 430 600005
87 107 800081
255 372 500051
86 533 300031
26 416 1000001
141 554 100011
448 536 700071
14 234 100011
249 448 100010
61 289 900002
406 451 900002
153 572 400041
147 415 500051
302 452 900002
486 503 400041
5 184 600005
40 513 300031
302 583 100010
414 565 200009
60 165 300008
236 481 700004
440 471 700004
61 205 700071
275 316 100011
23 293 200021
303 455 200021
89 249 900002
134 589 800081
143 148 900002
28 397 300008
352 353 500006
118 534 1000001
18 395 100011
170 196 400041
46 534 300031
149 599 500006
513 580 300031
27 484 900091
45 269 800081
10 290 400041
195 530 400007
74 550 300008
260 383 600061
37 39 800081
128 271 300008
154 561 200009
44 293 700004
209 331 800081
118 597 800081
269 449 200009
253 285 700004
342 369 500006
442 488 900091
199 266 300008
287 558 600061
171 580 300008
317 410 600005
91 344 1000101
268 347 900091
136 327 400007
213 346 800081
266 281 100011
164 303 800081
132 567 800003
92 137 800081
462 566 700004
193 537 700071
442 468 200021
60 331 100011
156 290 900091
263 377 300008
554 565 400041
105 494 600005
29 100 600061
289 571 200021
28 416 500051
336 362 300008
210 414 400007
83 88 800003
155 313 400007
158 412 400007
496 522 800081
320 441 400041
325 409 200009
246 537 400007
56 537 200009
397 584 100010
66 236 700004
15 192 800081
59 102 200009
378 429 300008
212 267 300008
67 233 300031
21 531 500051
325 398 400007
1 558 600005
62 119 800081
188 335 900091
106 278 100010
94 358 600061
49 376 1000101
277 412 100010
188 489 500051
146 270 300008
436 488 500006
53 126 700004
59 445 600061
231 328 700071
248 269 300031
267 545 600061
253 539 300008
402 532 400007
470 555 200021
157 557 600005
282 506 400007
323 585 300031
104 326 700071
418 529 300008
421 582 100011
203 296 100011
363 439 700071
247 410 200009
68 248 300031
94 582 1000101
31 259 100010
5 413 400007
211 419 400041
214 393 700071
5 52 400007
179 466 500051
108 524 200009
151 492 900091
45 186 500051
301 390 600005
378 441 900091
273 332 600061
181 586 300031
424 458 1000101
115 180 700004
402 519 300031
354 444 100011
275 457 300031
125 515 200009
112 205 700071
101 432 1000001
32 163 600005
377 547 900091
269 457 1000101
162 351 800003
325 388 200009
78 283 300031
93 122 500006
260 311 700071
210 486 900091
26 306 100010
9 492 400007
271 322 800081
85 255 600061
387 591 300031
1 11 400041
252 537 700004
249 355 500006
136 298 200021
442 445 700004
387 483 200009
267 529 100011
323 406 1000001
16 487 1000101
56 545 500051
21 211 900002
216 280 600005
131 388 400007
247 411 100010
137 499 100010
289 293 300008
355 521 100011
81 497 900002
8 257 1000001
292 318 500006
163 412 500006
391 595 500006
327 493 600005
24 51 700004
340 401 100011
69 92 1000001
261 329 400007
71 101 300031
144 230 700004
20 482 400007
117 498 800081
372 572 100010
130 170 900002
137 358 800003
324 494 1000101
93 584 700071
206 253 1000101
69 405 100011
426 444 200009
189 296 300008
110 310 400007
255 313 1000101
344 386 200009
305 326 200021
356 489 800003
498 552 200021
207 393 200009
219 554 900091
35 134 200009
189 208 600061
56 382 700004
41 161 300008
233 551 500051
118 134 100010
2 313 200009
151 263 700071
428 468 600005
280 460 400007
17 416 700004
168 319 200021
129 587 200021
61 534 800081
277 434 500051
144 568 300031
167 432 500051
39 131 200021
330 342 500051
96 156 1000101
165 387 400041
300 354 500006
330 363 900002
290 455 200009
110 329 1000101
94 251 200021
182 364 600061
466 547 700004
29 501 200009
46 328 700071
84 248 1000101
131 391 900091
354 452 300031
385 407 300008
8 517 900091
33 227 400041
122 433 300008
215 388 600061
128 155 200009
22 65 700071
324 352 600061
52 313 900002
510 578 800081
426 585 900091
159 450 600061
181 384 500006
9 259 200009
117 282 800081
121 288 500006
10 448 200021
451 462 300008
457 546 200021
129 468 400041
189 358 100011
175 324 500006
411 547 700071
95 308 900091
121 338 100011
386 427 800081
207 355 200009
29 105 800081
36 222 700004
27 379 500051
371 492 600061
280 550 800003
207 489 400041
220 419 500006
149 472 900002
351 540 100011
43 228 400007
234 444 500006
180 546 100010
162 164 800081
353 396 800081
46 218 400041
44 90 600061
91 571 800081
47 414 300031
0 111 500051
7 428 400041
286 303 800081
74 92 300031
32 222 600005
333 524 500006
71 189 300031
355 543 200021
358 421 200009
158 406 800003
247 347 400007
37 445 100010
399 406 300031
152 244 800003
139 244 400007
38 572 300031
202 238 400041
192 467 400041
301 441 800003
496 508 400007
278 397 200021
254 399 700071
262 458 200009
1 408 500051
187 463 700004
44 245 200009
55 554 600005
106 173 600061
257 471 400041
11 62 100010
447 564 100011
11 95 100011
118 165 700071
232 545 800003
140 546 900091
76 278 900002
59 382 500051
43 90 700004
535 538 100011
99 285 500006
340 347 800003
326 478 600005
29 54 600061
191 462 800081
66 114 900002
32 358 200009
246 265 700004
40 456 200021
188 569 1000101
67 557 400041
165 241 600061
146 188 400041
346 415 100010
68 534 300031
125 484 200009
195 269 400041
138 147 600061
5 575 300031
383 408 1000101
227 314 300008
327 388 500006
39 462 800003
203 513 400041
90 368 900091
248 315 700071
216 440 500051
107 175 200021
21 269 600061
460 536 400041
82 117 1000001
175 391 900091
251 479 800003
114 376 300031
44 486 500051
246 476 400041
258 551 700071
36 548 400041
423 446 100011
62 512 100011
38 157 700071
42 550 500051
191 453 500006
148 466 500051
58 392 700004
68 492 900091
315 545 300031
257 543 1000001
311 386 800003
110 385 600061
255 591 300008
531 590 400007
373 442 1000001
253 528 100010
177 553 400007
238 549 100011
102 542 200009
59 186 600061
95 591 100010
77 436 400007
23 229 400007
3 269 1000101
283 322 800081
217 441 700071
76 439 500051
7 392 800003
331 560 100011
478 517 900091
46 459 800081
68 110 600061
95 229 400041
509 514 900002
170 488 600061
487 526 600061
67 126 900091
148 452 100011
115 305 900091
345 396 100011
157 289 600061
440 502 1000101
35 288 700071
68 114 200021
235 404 700071
328 581 300008
190 317 500006
138 493 700004
191 528 500051
204 404 900002
367 416 800003
317 483 600005
259 348 900091
212 436 100010
416 510 400041
154 257 100010
522 548 800081
234 408 1000101
28 319 500006
239 273 300008
366 534 800003
366 533 700004
316 333 600005
19 301 100010
365 366 100011
507 555 200009
258 563 900002
230 285 800003
242 576 1000001
280 395 500006
64 229 600061
67 69 900002
238 556 100011
58 543 500006
219 409 200021
401 551 900091
252 466 500051
31 399 900002
408 583 300031
448 490 1000001
181 329 100011
513 546 800081
325 449 700071
200 282 500006
428 481 1000101
363 532 800081
432 599 600061
4 284 200021
131 277 300008
50 193 400041
128 195 900002
404 598 300031
208 320 600005
533 541 300008
271 299 800081
325 544 300008
194 274 200009
288 444 400041
190 257 200021
11 51 400007
512 570 900002
197 568 100011
35 49 200009
381 553 900091
48 338 900002
304 485 700071
245 593 300031
104 534 200009
164 411 800081
67 215 200009
58 345 700004
198 276 900091
504 555 100010
15 452 800081
11 469 500051
569 599 400007
262 591 800081
21 304 200009
177 346 900002
160 287 100010
474 574 200009
13 334 900002
0 489 900091
435 507 900091
404 550 600005
56 327 100010
263 495 500051
294 443 600005
377 408 900002
46 541 700004
0 300 200009
251 388 400041
10 245 800081
42 362 300031
123 275 900091
291 554 500006
86 323 800081
116 388 300008
333 500 200021
346 389 900002
207 582 1000001
51 421 400007
388 414 700071
39 90 200009
38 320 700071
102 233 700071
201 247 100011
409 572 900002
152 174 200009
366 386 200009
420 541 1000101
61 332 200009
490 528 500006
136 438 700071
246 350 500051
313 339 400007
64 451 100010
80 302 600005
91 312 200021
120 469 900091
112 312 600005
333 494 500051
44 88 600005
77 79 100010
61 461 600061
201 394 200021
8 460 400041
532 592 600061
214 237 900091
28 382 800003
266 422 1000001
272 325 400007
169 597 700071
455 592 700004
139 342 800081
141 487 600061
176 440 400007
493 552 800003
93 540 1000101
234 459 100010
188 312 500006
165 373 100011
223 527 400007
512 550 500006
302 449 100010
234 311 200009
412 573 400041
121 452 800081
192 546 600061
447 482 1000001
397 427 100011
156 196 600005
256 285 600061
522 527 100011
3 481 200021
100 512 700004
230 502 200021
383 598 200021
113 228 200021
432 495 800003
313 584 500051
190 359 600061
82 215 900002
61 562 100011
178 580 500051
451 528 900091
25 591 900002
144 498 600005
136 244 200009
546 561 500006
282 585 400007
41 511 700071
156 327 600005
65 519 900002
124 472 900091
99 484 800003
214 487 900091
267 287 700071
368 464 400007
231 357 200009
368 401 300008
120 302 300008
112 317 100011
0 348 900091
96 127 900091
256 403 500051
35 397 100011
431 577 100011
16 216 100011
97 426 300008
409 540 100011
38 45 300031
83 555 200009
364 531 100010
253 345 600005
275 550 800003
276 450 200021
570 585 500051
280 476 1000001
22 171 1000101
301 309 500006
200 223 500006
371 417 900091
378 476 1000001
16 309 700004
81 547 1000001
110 117 1000001
464 499 900091
24 501 100010
191 219 200021
96 365 800081
168 528 200021
571 590 400041
166 228 1000101
176 514 600005
163 177 100010
20 224 100010
138 490 300008
360 597 300031
91 276 1000001
270 272 300031
320 566 600005
135 388 700004
212 563 800081
210 564 700071
92 143 900002
300 593 700071
203 323 1000101
158 473 200021
43 76 500006
296 506 1000001
90 425 700004
135 495 900091
327 369 900002
146 246 500006
47 233 400007
349 535 400007
268 557 900091
88 341 300008
296 426 300031
193 523 100010
41 81 300031
448 485 200009
48 484 300031
154 178 800081
251 345 100011
264 444 400041
343 438 400041
350 455 700071
335 484 400041
72 376 1000101
130 456 700004
17 191 800081
253 484 1000001
189 586 400041
81 84 500051
119 381 100010
192 593 900002
192 441 400041
367 536 500006
6 129 900002
507 576 600061
99 226 500006
127 398 900002
504 509 700004
400 525 900091
206 568 500006
1 257 700004
1 515 400007
19 472 900091
312 396 600061
130 131 700004
121 437 700004
293 594 800081
300 327 600061
91 446 600005
182 196 1000101
28 552 1000101
433 446 900091
207 490 200009
126 547 1000101
