EDGELIST
600 2400 1 600001200
56 435 1700073
254 495 199999
146 501 100000
173 546 1100013
131 182 1600063
196 589 699994
92 535 100000
30 312 1
330 435 1
448 488 1400043
218 462 1100013
34 181 1200023
159 507 399997
58 279 399997
262 562 1
366 414 2000103
61 392 1900093
36 91 799993
62 361 1
543 562 100000
388 416 1500053
225 569 799993
100 462 100000
87 425 1100013
19 451 1700073
212 288 1
533 588 1100013
191 464 1200023
23 411 599995
403 514 199999
505 507 399997
96 572 199999
125 273 299998
122 403 2000103
362 512 799993
80 266 299998
12 596 899992
13 199 199999
214 454 1200023
34 53 199999
450 501 599995
508 556 100000
73 113 199999
9 166 299998
144 278 100000
29 147 899992
83 557 799993
457 475 499996
209 486 1400043
312 465 2000103
310 439 199999
190 511 100000
69 219 1900093
97 129 2000103
239 533 1900093
168 212 1
186 366 1800083
19 543 199999
286 373 599995
44 424 1500053
221 588 1900093
180 340 199999
450 573 1200023
351 483 1800083
245 486 299998
155 166 1
33 318 899992
97 439 1600063
463 540 399997
154 472 499996
416 595 1700073
214 291 599995
342 538 199999
413 486 299998
300 417 1500053
57 133 1600063
322 502 899992
247 355 100000
281 358 799993
50 459 1500053
371 528 499996
397 525 1800083
379 557 1700073
299 353 299998
111 226 299998
351 431 899992
97 340 399997
102 243 1900093
245 475 1800083
30 599 1800083
254 472 1600063
117 167 1200023
42 576 499996
54 492 2000103
25 552 1300033
110 151 399997
387 427 1
54 202 499996
73 75 499996
190 363 899992
207 456 1900093
27 117 1
144 375 599995
1 221 399997
461 536 1900093
102 103 1400043
427 489 499996
472 487 299998
24 371 1300033
350 540 699994
388 575 1300033
42 87 1100013
24 523 1300033
403 506 1400043
74 266 399997
352 354 299998
180 411 499996
392 540 2000103
431 509 799993
335 398 799993
68 598 1100013
66 248 899992
220 523 1400043
278 403 2000103
152 391 699994
442 502 1600063
0 107 199999
194 383 799993
29 520 699994
275 368 199999
179 422 299998
7 524 1800083
19 390 399997
35 253 1300033
160 486 1400043
219 231 1200023
244 566 799993
413 551 899992
18 222 399997
349 510 1700073
37 298 799993
192 315 499996
274 560 1200023
64 135 799993
318 435 499996
176 392 1200023
8 349 1
40 457 2000103
193 525 1100013
387 580 499996
278 338 499996
40 134 899992
118 294 1100013
16 462 2000103
213 291 100000
158 339 1700073
48 267 199999
83 161 899992
384 417 599995
72 514 899992
79 433 699994
77 476 1400043
281 445 1200023
284 564 299998
8 351 399997
302 556 1800083
0 15 1200023
446 491 499996
123 498 1800083
320 573 699994
343 435 699994
9 507 2000103
70 494 699994
300 437 1400043
279 428 1800083
367 396 1500053
341 590 100000
52 286 299998
337 471 599995
45 226 399997
95 438 1800083
170 543 899992
30 396 299998
468 562 599995
250 344 1200023
258 306 1900093
173 426 799993
35 47 399997
62 373 399997
36 60 1600063
98 401 599995
306 431 499996
107 466 499996
91 497 1800083
291 325 1700073
175 521 100000
369 502 299998
133 310 1200023
248 566 1800083
338 472 399997
185 320 1400043
200 333 299998
455 579 1800083
236 258 299998
270 303 1900093
422 487 1900093
274 282 1800083
176 260 1800083
316 586 1600063
225 563 1600063
102 127 1800083
279 441 599995
258 320 1800083
63 239 399997
310 339 1100013
270 444 499996
31 65 1300033
380 566 299998
213 248 1700073
238 379 1700073
157 495 199999
114 127 1700073
393 427 1600063
189 244 499996
299 323 100000
220 378 1400043
180 513 1500053
56 202 899992
84 269 1200023
89 226 1400043
292 472 1600063
213 549 1500053
464 545 1900093
83 559 1100013
27 420 699994
55 314 699994
47 71 1400043
89 588 1900093
296 384 499996
162 489 100000
149 409 599995
119 495 1500053
285 426 100000
278 541 599995
328 429 899992
190 228 100000
71 405 899992
224 535 100000
107 595 299998
158 437 799993
397 421 599995
65 406 1900093
412 465 1700073
80 112 399997
64 491 1400043
270 288 2000103
164 375 1500053
271 474 699994
25 300 699994
560 586 1100013
197 437 1800083
462 506 299998
336 522 599995
324 483 799993
65 209 599995
477 593 1300033
227 588 1500053
211 322 399997
86 126 199999
328 580 599995
132 411 899992
207 430 1500053
106 215 199999
372 405 1700073
456 517 1800083
359 443 1
586 590 1900093
245 337 1
89 463 399997
100 296 1700073
76 262 199999
204 581 699994
86 393 1400043
234 341 1
221 285 899992
19 425 599995
188 345 299998
251 270 1400043
274 291 1600063
393 503 1300033
163 559 1700073
414 544 1400043
277 298 1600063
421 566 2000103
327 494 299998
242 383 699994
56 544 1100013
189 558 199999
142 289 799993
203 319 399997
412 572 100000
163 515 1500053
3 77 1800083
466 533 1100013
309 333 699994
430 458 499996
226 317 1700073
73 387 1100013
80 211 100000
316 332 1700073
156 389 699994
30 478 1100013
232 248 199999
44 583 1600063
232 536 1400043
99 140 1600063
19 465 1
434 576 199999
234 369 1800083
466 542 599995
48 381 699994
147 510 899992
170 528 1200023
53 434 399997
280 450 1500053
147 261 1100013
65 380 499996
51 575 799993
247 469 499996
32 385 1
91 384 1700073
194 236 1400043
466 598 1300033
117 228 1200023
57 278 1200023
185 214 1600063
244 263 1500053
108 436 1400043
108 420 799993
38 356 599995
218 507 899992
488 594 1800083
132 559 1900093
263 350 2000103
152 438 899992
39 158 1900093
176 568 1700073
73 533 1300033
304 516 499996
264 426 1300033
15 511 1600063
81 590 100000
291 362 899992
74 372 1800083
379 446 1
337 525 1
231 318 1700073
183 509 499996
25 489 1200023
262 475 299998
141 294 899992
254 550 1200023
51 158 100000
7 440 100000
56 407 799993
223 293 1600063
179 530 1400043
373 598 699994
55 160 699994
93 279 1300033
14 201 1900093
71 221 199999
98 475 899992
293 432 1700073
276 562 1700073
82 292 699994
7 337 1500053
343 499 1700073
387 581 1
266 307 1900093
114 577 799993
13 571 899992
291 318 599995
119 447 1500053
5 542 1800083
218 500 1300033
336 591 1500053
178 180 799993
233 565 1500053
104 450 1400043
274 475 899992
231 478 1400043
273 446 599995
101 451 299998
193 483 399997
167 388 599995
69 216 199999
183 216 1700073
305 537 1600063
366 481 1600063
173 202 1300033
34 405 1900093
45 229 499996
118 435 1800083
359 364 299998
129 404 1800083
459 560 1500053
96 428 499996
211 348 1700073
64 394 1200023
46 319 1500053
420 524 299998
423 593 1
34 572 1600063
46 587 499996
255 542 2000103
304 447 1500053
17 288 199999
26 179 399997
305 556 100000
158 333 1500053
153 257 1100013
131 543 1500053
190 593 1400043
159 394 1100013
92 507 1200023
128 414 1600063
371 533 699994
82 147 1200023
524 564 2000103
218 557 899992
547 552 799993
186 293 1600063
521 538 799993
358 499 899992
34 293 1600063
61 243 1500053
39 572 1600063
224 321 1900093
1 547 1900093
169 414 499996
269 369 2000103
164 578 899992
246 384 2000103
139 551 1200023
9 405 1700073
516 533 699994
27 68 499996
8 62 199999
254 418 1200023
356 599 1
521 553 699994
183 345 1500053
164 471 1100013
251 488 1700073
242 300 2000103
47 420 1200023
191 510 1800083
165 531 599995
579 589 1
421 460 1600063
20 536 1300033
59 141 2000103
226 514 899992
182 210 499996
204 346 1400043
399 463 2000103
232 538 799993
43 96 1100013
369 589 799993
23 338 1300033
67 275 1200023
468 583 100000
450 579 499996
345 544 299998
45 125 699994
36 475 1100013
84 375 599995
487 557 199999
338 452 1800083
232 258 1100013
58 108 1900093
335 423 1
139 176 499996
326 333 899992
376 586 599995
258 394 100000
269 272 1700073
395 539 1800083
273 496 799993
81 505 1600063
221 442 799993
300 597 899992
203 545 699994
107 489 100000
444 470 199999
448 482 899992
109 237 1100013
139 339 1400043
39 510 1800083
135 230 100000
357 474 1400043
7 216 299998
336 573 1100013
407 556 1900093
145 391 199999
143 446 1600063
23 393 599995
304 567 599995
36 163 1100013
343 489 899992
63 503 699994
3 284 2000103
328 474 799993
2 561 1
323 574 1500053
73 193 1100013
172 300 2000103
223 409 1900093
129 445 1800083
60 73 2000103
59 297 499996
90 475 1300033
138 471 1800083
252 331 1800083
126 508 599995
76 323 1600063
77 165 2000103
156 581 499996
163 418 1200023
138 238 599995
280 477 1700073
113 353 199999
84 571 1100013
4 262 399997
135 317 199999
320 378 100000
465 477 199999
292 573 899992
109 302 499996
47 67 799993
124 267 599995
363 517 699994
21 408 1800083
534 593 199999
256 342 1400043
103 570 1900093
17 210 1500053
58 230 1300033
368 471 1400043
325 373 399997
89 186 1500053
220 527 399997
346 374 1100013
312 453 1100013
50 86 599995
184 515 1900093
137 424 1900093
211 480 1900093
234 356 1700073
13 382 1300033
261 350 899992
148 292 2000103
138 388 1900093
226 559 1800083
314 343 1300033
39 104 1500053
222 460 699994
0 148 1
49 411 1800083
268 539 1600063
33 365 699994
406 458 199999
35 209 100000
221 360 1900093
220 520 1700073
175 299 1800083
3 245 1
58 385 499996
157 507 199999
383 559 1200023
14 585 399997
109 510 1200023
106 207 1400043
194 208 499996
138 209 1500053
61 184 599995
214 533 1100013
140 483 1200023
238 299 299998
27 571 2000103
387 490 499996
84 526 399997
211 370 899992
56 533 1200023
492 493 1500053
118 172 1200023
183 470 2000103
112 346 1400043
418 564 299998
192 363 199999
78 433 499996
93 424 799993
197 313 1200023
381 384 399997
454 553 1100013
205 592 1
503 592 1900093
173 485 399997
171 314 1400043
96 283 100000
28 137 1800083
45 277 399997
126 514 1100013
124 276 1900093
22 317 1600063
458 556 1500053
186 294 799993
17 150 699994
75 513 2000103
60 74 299998
165 464 499996
222 305 1900093
72 366 599995
163 580 1800083
461 490 100000
399 589 1
172 232 599995
301 389 1500053
102 319 1900093
295 481 1300033
203 283 1700073
333 560 1300033
476 596 1
275 510 1600063
471 532 199999
159 279 699994
189 269 899992
69 473 2000103
439 463 1700073
349 518 399997
215 457 699994
284 333 1600063
199 250 1700073
357 470 799993
400 401 699994
401 517 1100013
257 343 1100013
349 402 1700073
188 237 1600063
179 540 1600063
163 324 1900093
310 426 1400043
297 397 1500053
256 476 1200023
45 153 1700073
174 347 1800083
43 298 1800083
535 578 1600063
80 476 1800083
217 230 1
397 453 1100013
181 434 699994
357 548 899992
264 315 399997
183 294 1100013
407 458 399997
85 108 1200023
191 340 399997
277 504 1800083
184 340 1800083
66 505 1100013
433 478 1100013
97 131 1400043
53 181 1
415 598 1800083
496 548 499996
23 104 499996
271 453 1500053
14 242 1100013
328 392 799993
11 206 100000
405 563 899992
423 433 199999
196 376 1
201 356 1100013
103 484 1600063
484 577 1200023
355 363 1200023
186 443 100000
215 503 2000103
5 553 399997
157 243 199999
63 146 799993
179 440 1700073
246 446 1
349 353 100000
380 517 499996
51 524 299998
369 425 599995
112 411 1400043
135 178 1
473 485 899992
423 509 1500053
69 173 699994
55 412 599995
232 353 1700073
326 567 1400043
96 438 1
226 561 2000103
125 419 899992
372 492 100000
89 96 799993
15 366 2000103
66 178 1600063
155 208 1700073
83 569 699994
262 302 599995
129 158 499996
184 362 1400043
136 241 1
202 315 799993
9 590 899992
174 469 199999
288 471 399997
497 514 1600063
35 425 399997
50 421 1100013
236 523 299998
312 548 1300033
22 259 100000
313 594 100000
139 189 699994
14 328 1400043
214 328 1100013
114 569 499996
165 178 100000
416 444 100000
53 89 1
367 578 1900093
190 370 399997
76 505 1900093
315 586 199999
316 504 199999
31 172 1500053
382 432 899992
152 535 499996
295 555 1
115 193 1200023
291 436 1500053
380 389 1900093
52 158 1100013
102 357 1700073
43 484 899992
44 55 899992
52 307 100000
279 587 1700073
223 268 599995
204 379 100000
71 141 1600063
234 563 1600063
20 388 399997
220 436 2000103
551 576 299998
163 507 1200023
495 545 1200023
117 224 1
519 524 2000103
488 528 599995
456 543 1
151 261 1500053
114 124 1400043
17 144 1400043
61 191 799993
411 472 100000
51 426 1500053
150 240 399997
141 183 699994
513 551 899992
116 293 1300033
337 451 599995
104 431 1
64 336 1900093
154 484 399997
125 206 1700073
161 170 199999
208 336 1800083
375 444 100000
152 279 699994
168 443 100000
86 505 1100013
122 207 399997
2 141 1300033
467 514 399997
195 573 899992
34 474 399997
12 53 100000
9 505 599995
6 16 1300033
42 408 1300033
296 390 1
47 437 100000
323 532 1500053
187 296 1400043
101 140 1900093
30 71 199999
267 488 599995
121 336 1400043
154 582 1400043
161 406 1400043
72 274 1600063
321 539 199999
235 280 2000103
401 423 1800083
533 585 1900093
167 353 1100013
408 539 1600063
323 363 1700073
206 501 100000
58 411 599995
110 530 1600063
43 185 1500053
179 182 1700073
245 316 799993
250 531 199999
32 185 1900093
154 474 100000
178 257 1800083
53 155 399997
250 511 499996
439 585 1400043
211 359 1400043
25 497 699994
182 592 699994
308 384 2000103
190 434 1200023
209 547 1700073
209 465 1400043
86 170 1600063
97 256 1300033
18 104 1200023
326 416 199999
405 559 899992
59 395 1900093
312 483 199999
177 279 1500053
146 344 199999
70 495 1500053
187 515 1900093
139 395 1700073
1 599 699994
52 276 2000103
79 224 1200023
410 504 1
217 420 1100013
39 396 1900093
120 519 199999
496 562 199999
448 461 299998
257 381 1
128 359 599995
174 477 100000
314 547 699994
527 591 1900093
53 320 599995
72 506 2000103
3 448 1700073
172 439 1300033
65 141 1100013
161 564 1200023
87 124 1
266 370 1400043
279 327 399997
178 201 799993
153 375 1
40 106 499996
55 247 799993
168 442 199999
174 546 499996
47 488 1300033
84 360 1500053
95 379 1600063
309 499 1100013
416 567 499996
102 145 299998
205 428 1600063
351 385 100000
164 165 1700073
6 149 899992
230 592 399997
10 241 499996
197 403 1700073
232 404 199999
366 544 899992
35 62 1600063
416 466 1200023
217 467 499996
266 519 1500053
260 312 899992
81 500 699994
99 218 199999
525 565 299998
124 143 1900093
114 572 1900093
167 337 599995
452 570 1400043
323 399 1600063
155 470 199999
139 536 2000103
473 486 100000
121 370 1700073
173 286 1400043
147 506 1800083
19 198 1600063
288 392 1900093
143 178 299998
13 65 1400043
73 415 1300033
363 469 399997
101 302 1800083
403 482 599995
463 502 100000
73 85 899992
180 351 899992
54 399 399997
533 591 899992
163 253 1600063
425 587 499996
269 384 1200023
422 599 1400043
98 164 1800083
451 500 1500053
2 40 299998
14 518 1300033
329 562 699994
397 447 1500053
296 380 799993
352 581 2000103
577 595 1800083
31 264 299998
455 507 799993
111 375 299998
201 244 199999
159 195 399997
217 458 899992
357 526 1400043
153 541 1800083
36 118 1400043
21 561 2000103
244 365 599995
143 194 1500053
170 258 499996
21 592 100000
239 357 1100013
279 317 1800083
41 198 299998
76 239 2000103
262 520 699994
408 530 499996
114 477 1
147 544 1400043
146 308 1300033
150 362 299998
309 531 1300033
6 220 399997
374 557 1700073
524 545 299998
465 586 399997
56 164 399997
72 127 1700073
219 287 1600063
331 453 100000
56 215 100000
47 340 1500053
24 551 299998
355 369 1500053
433 522 399997
14 530 100000
110 172 1100013
15 395 799993
223 510 199999
193 484 299998
52 257 699994
326 433 799993
227 431 399997
28 571 1
2 374 1700073
568 574 1500053
538 580 799993
272 281 2000103
365 386 1200023
70 114 799993
222 245 1
1 488 1900093
18 189 1500053
200 360 1800083
260 331 199999
288 339 799993
361 558 1800083
193 451 1100013
0 360 1200023
11 543 1
316 527 699994
298 337 199999
405 447 499996
106 371 599995
201 520 699994
519 577 899992
218 593 1100013
282 326 100000
73 433 100000
41 586 499996
395 576 1
538 560 499996
32 326 1600063
4 306 899992
158 223 1600063
266 343 299998
112 494 1500053
343 361 899992
189 312 1300033
288 300 599995
117 439 299998
98 320 1
85 175 1
96 195 899992
103 382 799993
26 220 199999
105 381 899992
508 560 799993
428 579 1400043
266 410 1
63 111 1800083
73 488 1500053
338 573 499996
218 505 399997
269 498 599995
12 209 299998
118 382 1800083
210 566 399997
187 565 399997
47 337 199999
308 374 899992
303 361 1400043
195 241 499996
293 450 1100013
145 351 899992
50 574 699994
55 392 199999
347 549 1300033
129 503 899992
508 514 499996
308 543 299998
62 327 1300033
450 591 1800083
157 166 299998
207 329 1500053
142 158 1400043
298 356 1700073
277 378 799993
321 493 1800083
64 581 1600063
191 363 100000
470 508 199999
369 569 1100013
112 526 1300033
197 212 1100013
213 580 699994
60 81 100000
42 596 1400043
230 465 299998
465 522 599995
312 372 1400043
247 441 1300033
13 213 1600063
123 206 499996
89 348 100000
578 598 599995
413 574 1700073
542 583 1200023
400 414 1400043
214 263 2000103
108 211 1
14 497 1300033
357 359 599995
184 514 1600063
5 112 1600063
470 502 1500053
4 63 1
254 394 599995
48 178 1700073
183 342 899992
179 367 1100013
538 564 1800083
89 157 1900093
152 575 2000103
199 503 2000103
70 75 599995
145 539 100000
290 403 1300033
37 480 799993
214 341 599995
156 364 1100013
88 518 399997
2 11 1300033
430 588 899992
105 385 199999
265 526 100000
363 382 499996
28 320 1100013
279 559 1700073
260 388 399997
245 466 1700073
314 504 399997
397 586 499996
220 402 1800083
204 582 1200023
285 508 1800083
396 559 1100013
349 598 1900093
73 165 499996
10 551 1500053
70 99 499996
215 402 1300033
102 459 599995
66 519 1800083
40 462 1300033
48 237 899992
79 258 1
116 528 499996
261 433 1300033
402 450 100000
77 552 399997
59 586 1
294 491 2000103
261 266 899992
86 376 899992
41 475 699994
147 540 299998
156 254 1500053
5 477 199999
103 195 899992
367 532 100000
308 479 1500053
486 523 1800083
138 360 1300033
343 351 599995
258 411 1100013
196 420 399997
375 460 499996
165 594 1300033
125 319 2000103
122 212 599995
253 297 799993
166 233 1400043
543 575 100000
269 536 199999
65 388 699994
6 321 199999
231 239 1500053
240 329 199999
136 188 699994
147 349 2000103
431 445 1200023
210 365 299998
240 377 499996
295 572 499996
11 340 899992
3 349 1
120 374 1900093
76 141 699994
66 489 1100013
55 413 299998
222 297 499996
347 527 1300033
211 292 499996
214 573 599995
255 273 299998
445 534 1400043
79 160 1300033
333 390 1200023
324 330 1500053
35 595 199999
31 116 599995
140 459 899992
255 501 1100013
476 497 1300033
141 382 699994
198 267 1200023
148 223 1300033
203 279 799993
14 447 1800083
454 544 1500053
428 450 1100013
41 566 799993
516 534 1400043
243 458 1700073
33 193 299998
103 337 599995
208 327 1
370 584 1
178 533 199999
185 477 1500053
202 427 1800083
214 563 1500053
354 562 1400043
436 443 1700073
464 501 1800083
355 445 499996
94 243 1200023
301 369 299998
345 346 899992
26 198 1100013
73 195 399997
82 257 1100013
40 329 1500053
368 568 699994
388 402 299998
92 165 799993
5 484 399997
276 507 399997
209 275 399997
152 304 1300033
169 599 1900093
187 211 599995
78 570 2000103
56 251 499996
351 578 1200023
310 411 1500053
195 528 1500053
81 219 599995
354 473 1900093
421 463 1
344 594 2000103
313 345 299998
49 295 100000
2 67 299998
99 291 2000103
202 359 1500053
402 597 899992
60 134 599995
387 410 1200023
64 486 1
27 554 1100013
384 500 299998
293 505 1400043
263 538 499996
391 527 1200023
149 519 1800083
374 509 1900093
115 547 199999
123 223 699994
336 348 1700073
301 354 1500053
131 451 199999
72 492 599995
25 56 1300033
460 506 499996
16 18 100000
36 77 1800083
34 569 799993
6 320 1400043
169 346 1600063
40 461 1700073
157 356 499996
88 309 1800083
7 496 2000103
109 433 399997
92 587 499996
171 342 299998
22 583 699994
65 425 1900093
226 479 399997
194 294 1500053
260 573 199999
217 448 1600063
451 481 699994
44 125 399997
35 319 1800083
278 461 1300033
221 292 2000103
154 281 699994
94 593 399997
47 78 199999
482 565 1100013
153 269 799993
136 332 1300033
532 579 1300033
80 116 1500053
134 521 1700073
423 497 599995
143 335 599995
153 456 1
557 592 100000
171 333 199999
197 310 100000
286 532 899992
345 476 1700073
77 127 2000103
193 528 699994
414 476 1400043
3 472 899992
16 542 399997
46 529 699994
64 139 1500053
206 536 1700073
154 365 1700073
210 491 399997
120 444 1800083
31 577 1800083
188 359 2000103
66 218 1700073
96 462 699994
143 442 799993
127 556 1200023
167 231 399997
276 436 599995
438 482 1500053
162 230 699994
37 476 799993
255 357 599995
103 561 1400043
29 131 1800083
162 430 299998
30 580 1900093
295 487 1300033
148 518 1800083
337 452 299998
268 546 399997
147 399 1300033
156 373 399997
200 564 1900093
340 563 2000103
58 455 299998
392 480 399997
335 412 1200023
331 561 599995
516 565 1100013
131 522 100000
110 174 199999
453 503 899992
425 491 1800083
44 595 1600063
292 475 1100013
477 562 100000
33 536 399997
334 462 699994
444 521 199999
294 479 299998
398 589 1800083
396 430 699994
83 373 699994
158 498 699994
226 392 1900093
127 241 1300033
8 77 1500053
229 363 1200023
509 575 1200023
301 378 100000
285 400 1900093
80 469 599995
121 156 1600063
196 494 599995
423 425 100000
199 262 1600063
407 469 1600063
285 357 1300033
189 420 1900093
512 513 699994
13 560 1600063
289 346 2000103
19 594 2000103
120 386 1300033
189 400 499996
449 458 1600063
28 95 1300033
229 247 100000
31 507 1
47 125 799993
356 453 1
81 433 499996
29 298 599995
213 588 399997
483 526 899992
137 253 499996
246 440 899992
31 434 599995
480 526 1400043
166 542 699994
283 508 899992
449 571 2000103
178 232 199999
479 512 1200023
161 249 1200023
315 393 599995
68 400 100000
101 352 1300033
65 237 399997
279 285 699994
186 282 499996
56 406 100000
450 472 1900093
462 530 1300033
239 290 1200023
445 450 599995
79 408 399997
169 442 100000
370 596 1
15 62 2000103
28 92 699994
577 588 699994
85 328 1600063
84 179 1300033
323 485 1200023
453 482 1500053
259 422 1700073
172 304 2000103
457 483 799993
87 431 1300033
237 593 1700073
138 146 1700073
99 223 1300033
404 575 299998
372 397 1600063
308 475 399997
63 268 1100013
133 253 1300033
416 524 199999
455 497 1300033
130 345 1500053
40 372 1500053
519 538 1900093
500 553 1
13 170 100000
266 347 899992
136 282 1400043
104 330 1700073
110 334 1700073
400 501 199999
479 524 799993
251 407 1900093
279 325 199999
248 504 2000103
326 568 2000103
406 580 1800083
131 422 1600063
487 537 1200023
159 242 699994
174 471 699994
127 434 199999
63 72 399997
180 220 599995
216 272 1
53 65 1100013
304 319 699994
304 370 1600063
136 485 1900093
165 579 1
52 475 2000103
7 219 1100013
172 350 399997
327 577 1200023
210 501 100000
320 496 499996
453 512 1700073
103 345 599995
199 291 399997
326 555 799993
284 544 100000
329 488 599995
307 469 899992
395 440 199999
173 287 399997
336 589 100000
327 486 1400043
251 417 899992
92 432 899992
178 259 299998
494 565 100000
319 506 1600063
99 281 399997
193 364 299998
279 458 899992
63 335 1500053
136 228 1900093
247 332 1400043
131 179 1800083
316 407 2000103
205 339 499996
162 567 1700073
73 245 599995
58 229 1
233 382 699994
84 164 399997
521 585 599995
374 508 1600063
22 518 1900093
228 413 1600063
249 298 199999
457 499 699994
364 449 1700073
56 335 1900093
210 425 199999
156 444 1200023
204 309 1
171 221 1500053
81 429 100000
192 396 399997
113 398 799993
3 308 1500053
147 446 499996
97 455 100000
69 299 1600063
330 428 1400043
233 503 299998
68 90 1100013
184 225 799993
23 483 1500053
61 66 599995
169 471 100000
20 197 1800083
161 401 599995
42 314 1800083
209 451 599995
114 283 1600063
29 290 1800083
113 418 1
244 377 1700073
79 236 599995
23 376 799993
185 189 199999
33 264 599995
48 173 499996
97 183 399997
353 380 299998
284 566 1800083
432 464 1200023
44 63 899992
205 302 599995
242 395 1800083
268 337 1500053
4 34 599995
100 324 399997
252 290 2000103
33 163 499996
142 465 1600063
139 511 299998
317 570 1400043
420 575 1500053
31 591 799993
62 479 1200023
218 316 1400043
13 525 1100013
142 389 1700073
171 217 899992
45 324 399997
475 534 299998
222 246 599995
299 475 1600063
124 261 1300033
259 405 699994
505 589 2000103
153 235 1200023
37 521 1800083
309 520 1700073
354 512 1600063
130 415 1700073
35 531 1800083
26 37 1700073
30 331 1100013
34 497 1
141 322 799993
63 422 599995
168 475 2000103
253 532 1800083
287 347 1500053
357 403 299998
59 542 1400043
405 451 199999
49 345 299998
130 510 1500053
347 519 299998
176 227 1600063
81 214 299998
358 547 1400043
239 553 100000
290 348 499996
75 432 2000103
26 398 799993
293 307 1800083
102 444 699994
431 590 1300033
303 480 1900093
11 535 1100013
15 458 1400043
128 577 1500053
103 433 299998
40 540 899992
224 288 1500053
189 360 1200023
235 356 799993
59 351 599995
144 383 1100013
282 299 399997
55 233 1100013
585 590 499996
79 496 1
500 529 399997
375 480 1
330 399 1400043
8 410 1300033
197 252 599995
120 438 1300033
93 550 1600063
45 494 1500053
136 183 499996
348 505 1700073
201 328 1600063
284 390 1
507 516 1800083
321 409 399997
373 597 1900093
383 419 1400043
297 564 699994
236 237 299998
22 70 1
151 412 699994
222 241 1300033
150 225 1700073
440 523 599995
333 418 2000103
106 228 199999
216 245 399997
278 507 100000
286 438 1700073
198 304 1500053
451 536 499996
280 500 1900093
82 207 899992
193 290 299998
285 392 1800083
339 530 799993
61 459 899992
539 551 699994
119 246 2000103
67 380 699994
198 293 599995
273 585 1300033
387 468 299998
84 186 599995
554 578 299998
114 347 599995
325 567 1500053
226 494 599995
50 270 299998
76 302 1100013
37 272 699994
280 331 1
163 529 1700073
189 258 1600063
175 237 1300033
378 506 1100013
78 113 599995
57 475 1400043
150 484 1100013
405 425 599995
236 375 499996
167 580 899992
21 464 1
126 416 1100013
107 194 899992
123 233 599995
247 389 1300033
29 287 299998
274 549 199999
83 94 299998
15 274 299998
48 478 1
103 380 1600063
88 253 1400043
95 543 299998
42 272 499996
20 313 1100013
274 402 199999
368 593 499996
186 567 799993
271 575 1
127 421 100000
8 115 399997
36 190 899992
180 208 399997
250 476 1400043
190 396 899992
257 477 1200023
152 518 1200023
417 585 1200023
166 429 1800083
41 134 100000
346 378 1500053
524 531 1500053
146 514 1600063
196 211 299998
101 537 1900093
10 364 599995
137 413 1300033
418 516 1100013
208 442 1500053
175 217 1200023
291 589 899992
101 551 299998
112 516 1
187 537 799993
61 447 699994
365 468 1700073
173 329 1600063
309 528 1100013
256 270 1200023
322 430 399997
87 107 1800083
255 372 1500053
86 533 1300033
26 416 1
141 554 1100013
448 536 1700073
14 234 1100013
249 448 899992
61 289 100000
406 451 100000
153 572 1400043
147 415 1500053
302 452 100000
486 503 1400043
5 184 399997
40 513 1300033
302 583 899992
414 565 799993
60 165 699994
236 481 299998
440 471 299998
61 205 1700073
275 316 1100013
23 293 1200023
303 455 1200023
89 249 100000
134 589 1800083
143 148 100000
28 397 699994
352 353 499996
118 534 1
18 395 1100013
170 196 1400043
46 534 1300033
149 599 499996
513 580 1300033
27 484 1900093
45 269 1800083
10 290 1400043
195 530 599995
74 550 699994
260 383 1600063
37 39 1800083
128 271 699994
154 561 799993
44 293 299998
209 331 1800083
118 597 1800083
269 449 799993
253 285 299998
342 369 499996
442 488 1900093
199 266 699994
287 558 1600063
171 580 699994
317 410 399997
91 344 2000103
268 347 1900093
136 327 599995
213 346 1800083
266 281 1100013
164 303 1800083
132 567 199999
92 137 1800083
462 566 299998
193 537 1700073
442 468 1200023
60 331 1100013
156 290 1900093
263 377 699994
554 565 1400043
105 494 399997
29 100 1600063
289 571 1200023
28 416 1500053
336 362 699994
210 414 599995
83 88 199999
155 313 599995
158 412 599995
496 522 1800083
320 441 1400043
325 409 799993
246 537 599995
56 537 799993
397 584 899992
66 236 299998
15 192 1800083
59 102 799993
378 429 699994
212 267 699994
67 233 1300033
21 531 1500053
325 398 599995
1 558 399997
62 119 1800083
188 335 1900093
106 278 899992
94 358 1600063
49 376 2000103
277 412 899992
188 489 1500053
146 270 699994
436 488 499996
53 126 299998
59 445 1600063
231 328 1700073
248 269 1300033
267 545 1600063
253 539 699994
402 532 599995
470 555 1200023
157 557 399997
282 506 599995
323 585 1300033
104 326 1700073
418 529 699994
421 582 1100013
203 296 1100013
363 439 1700073
247 410 799993
68 248 1300033
94 582 2000103
31 259 899992
5 413 599995
211 419 1400043
214 393 1700073
5 52 599995
179 466 1500053
108 524 799993
151 492 1900093
45 186 1500053
301 390 399997
378 441 1900093
273 332 1600063
181 586 1300033
424 458 2000103
115 180 299998
402 519 1300033
354 444 1100013
275 457 1300033
125 515 799993
112 205 1700073
101 432 1
32 163 399997
377 547 1900093
269 457 2000103
162 351 199999
325 388 799993
78 283 1300033
93 122 499996
260 311 1700073
210 486 1900093
26 306 899992
9 492 599995
271 322 1800083
85 255 1600063
387 591 1300033
1 11 1400043
252 537 299998
249 355 499996
136 298 1200023
442 445 299998
387 483 799993
267 529 1100013
323 406 1
16 487 2000103
56 545 1500053
21 211 100000
216 280 399997
131 388 599995
247 411 899992
137 499 899992
289 293 699994
355 521 1100013
81 497 100000
8 257 1
292 318 499996
163 412 499996
391 595 499996
327 493 399997
24 51 299998
340 401 1100013
69 92 1
261 329 599995
71 101 1300033
144 230 299998
20 482 599995
117 498 1800083
372 572 899992
130 170 100000
137 358 199999
324 494 2000103
93 584 1700073
206 253 2000103
69 405 1100013
426 444 799993
189 296 699994
110 310 599995
255 313 2000103
344 386 799993
305 326 1200023
356 489 199999
498 552 1200023
207 393 799993
219 554 1900093
35 134 799993
189 208 1600063
56 382 299998
41 161 699994
233 551 1500053
118 134 899992
2 313 799993
151 263 1700073
428 468 399997
280 460 599995
17 416 299998
168 319 1200023
129 587 1200023
61 534 1800083
277 434 1500053
144 568 1300033
167 432 1500053
39 131 1200023
330 342 1500053
96 156 2000103
165 387 1400043
300 354 499996
330 363 100000
290 455 799993
110 329 2000103
94 251 1200023
182 364 1600063
466 547 299998
29 501 799993
46 328 1700073
84 248 2000103
131 391 1900093
354 452 1300033
385 407 699994
8 517 1900093
33 227 1400043
122 433 699994
215 388 1600063
128 155 799993
22 65 1700073
324 352 1600063
52 313 100000
510 578 1800083
426 585 1900093
159 450 1600063
181 384 499996
9 259 799993
117 282 1800083
121 288 499996
10 448 1200023
451 462 699994
457 546 1200023
129 468 1400043
189 358 1100013
175 324 499996
411 547 1700073
95 308 1900093
121 338 1100013
386 427 1800083
207 355 799993
29 105 1800083
36 222 299998
27 379 1500053
371 492 1600063
280 550 199999
207 489 1400043
220 419 499996
149 472 100000
351 540 1100013
43 228 599995
234 444 499996
180 546 899992
162 164 1800083
353 396 1800083
46 218 1400043
44 90 1600063
91 571 1800083
47 414 1300033
0 111 1500053
7 428 1400043
286 303 1800083
74 92 1300033
32 222 399997
333 524 499996
71 189 1300033
355 543 1200023
358 421 799993
158 406 199999
247 347 599995
37 445 899992
399 406 1300033
152 244 199999
139 244 599995
38 572 1300033
202 238 1400043
192 467 1400043
301 441 199999
496 508 599995
278 397 1200023
254 399 1700073
262 458 799993
1 408 1500053
187 463 299998
44 245 799993
55 554 399997
106 173 1600063
257 471 1400043
11 62 899992
447 564 1100013
11 95 1100013
118 165 1700073
232 545 199999
140 546 1900093
76 278 100000
59 382 1500053
43 90 299998
535 538 1100013
99 285 499996
340 347 199999
326 478 399997
29 54 1600063
191 462 1800083
66 114 100000
32 358 799993
246 265 299998
40 456 1200023
188 569 2000103
67 557 1400043
165 241 1600063
146 188 1400043
346 415 899992
68 534 1300033
125 484 799993
195 269 1400043
138 147 1600063
5 575 1300033
383 408 2000103
227 314 699994
327 388 499996
39 462 199999
203 513 1400043
90 368 1900093
248 315 1700073
216 440 1500053
107 175 1200023
21 269 1600063
460 536 1400043
82 117 1
175 391 1900093
251 479 199999
114 376 1300033
44 486 1500053
246 476 1400043
258 551 1700073
36 548 1400043
423 446 1100013
62 512 1100013
38 157 1700073
42 550 1500053
191 453 499996
148 466 1500053
58 392 299998
68 492 1900093
315 545 1300033
257 543 1
311 386 199999
110 385 1600063
255 591 699994
531 590 599995
373 442 1
253 528 899992
177 553 599995
238 549 1100013
102 542 799993
59 186 1600063
95 591 899992
77 436 599995
23 229 599995
3 269 2000103
283 322 1800083
217 441 1700073
76 439 1500053
7 392 199999
331 560 1100013
478 517 1900093
46 459 1800083
68 110 1600063
95 229 1400043
509 514 100000
170 488 1600063
487 526 1600063
67 126 1900093
148 452 1100013
115 305 1900093
345 396 1100013
157 289 1600063
440 502 2000103
35 288 1700073
68 114 1200023
235 404 1700073
328 581 699994
190 317 499996
138 493 299998
191 528 1500053
204 404 100000
367 416 199999
317 483 399997
259 348 1900093
212 436 899992
416 510 1400043
154 257 899992
522 548 1800083
234 408 2000103
28 319 499996
239 273 699994
366 534 199999
366 533 299998
316 333 399997
19 301 899992
365 366 1100013
507 555 799993
258 563 100000
230 285 199999
242 576 1
280 395 499996
64 229 1600063
67 69 100000
238 556 1100013
58 543 499996
219 409 1200023
401 551 1900093
252 466 1500053
31 399 100000
408 583 1300033
448 490 1
181 329 1100013
513 546 1800083
325 449 1700073
200 282 499996
428 481 2000103
363 532 1800083
432 599 1600063
4 284 1200023
131 277 699994
50 193 1400043
128 195 100000
404 598 1300033
208 320 399997
533 541 699994
271 299 1800083
325 544 699994
194 274 799993
288 444 1400043
190 257 1200023
11 51 599995
512 570 100000
197 568 1100013
35 49 799993
381 553 1900093
48 338 100000
304 485 1700073
245 593 1300033
104 534 799993
164 411 1800083
67 215 799993
58 345 299998
198 276 1900093
504 555 899992
15 452 1800083
11 469 1500053
569 599 599995
262 591 1800083
21 304 799993
177 346 100000
160 287 899992
474 574 799993
13 334 100000
0 489 1900093
435 507 1900093
404 550 399997
56 327 899992
263 495 1500053
294 443 399997
377 408 100000
46 541 299998
0 300 799993
251 388 1400043
10 245 1800083
42 362 1300033
123 275 1900093
291 554 499996
86 323 1800083
116 388 699994
333 500 1200023
346 389 100000
207 582 1
51 421 599995
388 414 1700073
39 90 799993
38 320 1700073
102 233 1700073
201 247 1100013
409 572 100000
152 174 799993
366 386 799993
420 541 2000103
61 332 799993
490 528 499996
136 438 1700073
246 350 1500053
313 339 599995
64 451 899992
80 302 399997
91 312 1200023
120 469 1900093
112 312 399997
333 494 1500053
44 88 399997
77 79 899992
61 461 1600063
201 394 1200023
8 460 1400043
532 592 1600063
214 237 1900093
28 382 199999
266 422 1
272 325 599995
169 597 1700073
455 592 299998
139 342 1800083
141 487 1600063
176 440 599995
493 552 199999
93 540 2000103
234 459 899992
188 312 499996
165 373 1100013
223 527 599995
512 550 499996
302 449 899992
234 311 799993
412 573 1400043
121 452 1800083
192 546 1600063
447 482 1
397 427 1100013
156 196 399997
256 285 1600063
522 527 1100013
3 481 1200023
100 512 299998
230 502 1200023
383 598 1200023
113 228 1200023
432 495 199999
313 584 1500053
190 359 1600063
82 215 100000
61 562 1100013
178 580 1500053
451 528 1900093
25 591 100000
144 498 399997
136 244 799993
546 561 499996
282 585 599995
41 511 1700073
156 327 399997
65 519 100000
124 472 1900093
99 484 199999
214 487 1900093
267 287 1700073
368 464 599995
231 357 799993
368 401 699994
120 302 699994
112 317 1100013
0 348 1900093
96 127 1900093
256 403 1500053
35 397 1100013
431 577 1100013
16 216 1100013
97 426 699994
409 540 1100013
38 45 1300033
83 555 799993
364 531 899992
253 345 399997
275 550 199999
276 450 1200023
570 585 1500053
280 476 1
22 171 2000103
301 309 499996
200 223 499996
371 417 1900093
378 476 1
16 309 299998
81 547 1
110 117 1
464 499 1900093
24 501 899992
191 219 1200023
96 365 1800083
168 528 1200023
571 590 1400043
166 228 2000103
176 514 399997
163 177 899992
20 224 899992
138 490 699994
360 597 1300033
91 276 1
270 272 1300033
320 566 399997
135 388 299998
212 563 1800083
210 564 1700073
92 143 100000
300 593 1700073
203 323 2000103
158 473 1200023
43 76 499996
296 506 1
90 425 299998
135 495 1900093
327 369 100000
146 246 499996
47 233 599995
349 535 599995
268 557 1900093
88 341 699994
296 426 1300033
193 523 899992
41 81 1300033
448 485 799993
48 484 1300033
154 178 1800083
251 345 1100013
264 444 1400043
343 438 1400043
350 455 1700073
335 484 1400043
72 376 2000103
130 456 299998
17 191 1800083
253 484 1
189 586 1400043
81 84 1500053
119 381 899992
192 593 100000
192 441 1400043
367 536 499996
6 129 100000
507 576 1600063
99 226 499996
127 398 100000
504 509 299998
400 525 1900093
206 568 499996
1 257 299998
1 515 599995
19 472 1900093
312 396 1600063
130 131 299998
121 437 299998
293 594 1800083
300 327 1600063
91 446 399997
182 196 2000103
28 552 2000103
433 446 1900093
207 490 799993
126 547 2000103
