EDGELIST
700 2800 2 66454505
198 335 200009
101 295 800003
301 697 1000001
387 574 200009
366 394 1000101
260 682 800003
572 696 900002
224 547 300008
106 530 300031
196 350 600005
75 186 100010
81 169 600061
339 340 200009
59 502 200009
350 581 200009
558 685 500051
316 362 1000101
539 585 500006
292 473 100010
151 285 300008
178 533 200021
562 633 600061
307 405 900091
77 154 400041
177 345 300031
374 438 400007
216 390 600061
514 585 700071
202 685 300031
302 427 600061
279 329 900002
0 548 1000001
59 587 700071
495 693 200021
12 655 800081
388 452 1000101
303 641 900091
33 517 200021
289 523 400007
145 389 900002
25 405 400007
250 472 900091
22 429 900002
329 622 100011
262 391 800081
166 655 1000001
278 381 600061
396 447 500051
93 280 500051
22 699 100010
14 539 700071
65 69 300031
16 589 100010
308 598 800003
63 180 900002
215 230 300031
353 517 1000101
117 509 700004
9 118 900002
47 571 400041
50 356 500006
133 583 800081
101 624 600005
9 421 800081
365 533 300008
166 425 400041
239 311 500006
119 162 800081
318 600 300008
139 151 200021
0 668 800003
399 634 100011
54 402 600061
22 390 400041
273 396 200009
224 450 400041
597 613 200021
573 582 700071
91 488 400041
219 383 400041
134 574 1000101
2 145 700004
66 78 600061
273 533 200021
399 679 400007
263 268 1000001
196 682 1000101
273 582 700071
502 664 500051
121 671 400007
62 564 300008
553 658 100011
217 583 600005
557 564 700071
41 122 300031
330 603 900091
58 621 800081
109 543 200009
110 169 600005
40 336 700004
437 439 900002
520 557 700004
185 253 700004
300 568 400007
118 299 500051
32 698 900091
4 105 200009
65 524 800003
275 466 1000001
480 499 1000101
247 683 200009
445 532 700071
560 685 200009
468 554 400007
28 64 700071
332 651 500051
216 227 1000101
429 572 500006
242 302 300031
386 462 200021
554 608 400041
263 314 1000101
321 484 400007
654 693 100010
581 642 900091
44 45 200009
501 527 100010
374 618 300008
2 561 1000001
389 656 300008
192 203 900091
105 580 700071
250 276 400041
231 281 600005
523 542 100010
60 524 700071
303 564 800081
313 574 900091
618 649 800081
252 537 700004
2 80 600005
440 502 1000101
144 309 300008
458 468 1000001
235 504 700071
101 498 300031
525 572 600005
10 214 700004
437 647 300031
337 698 900091
78 336 1000001
291 599 1000101
213 302 700004
95 607 100010
94 558 600061
320 413 600061
75 287 500006
68 271 700071
353 518 500006
385 414 500006
333 488 800003
103 113 600005
60 681 900002
363 501 900002
547 581 400041
213 520 100011
478 615 800003
93 122 500006
232 424 400007
267 290 1000101
314 602 700071
162 456 400007
98 229 400007
531 576 600005
246 542 900002
114 630 200021
147 594 1000001
63 681 300031
149 436 300008
68 222 900002
551 671 600061
380 491 200021
178 654 800081
54 551 1000101
284 660 400007
24 121 600061
57 139 100011
67 614 900002
135 461 100011
502 694 600005
410 414 400007
355 598 500051
57 497 200009
163 276 800081
181 429 100011
421 543 600005
78 84 600005
73 322 400041
152 196 800003
176 356 800003
195 528 200021
246 406 600005
23 38 300031
13 677 500051
12 18 1000001
57 143 800003
45 147 300008
193 556 100011
216 632 400041
90 621 300031
267 512 300008
15 312 100011
232 341 300008
145 186 500051
237 465 600005
226 609 300008
67 238 300031
376 670 500006
472 627 1000101
77 683 1000101
50 529 600061
206 636 700071
128 226 900002
457 653 300031
337 526 1000001
274 566 700071
302 320 800003
164 301 400041
557 672 500006
86 145 100010
125 363 600061
321 341 500051
220 402 800081
5 633 1000101
179 466 500051
433 646 200009
138 299 700004
388 463 500006
23 247 200021
106 118 300031
121 641 700004
58 659 400007
110 504 100011
222 302 100010
21 496 100010
360 394 800081
60 210 800003
600 670 700004
25 314 1000101
131 407 1000001
430 548 100011
417 677 700004
71 470 300031
94 259 400041
93 457 200009
636 690 500051
347 444 500006
70 472 400007
276 654 400007
55 366 700004
148 166 500051
71 138 800081
365 657 400041
174 609 700004
152 498 300031
193 586 600061
355 484 500051
306 470 500006
25 662 500051
6 148 300008
506 680 800081
102 403 400041
199 294 1000101
58 81 500006
11 26 500051
540 645 600005
166 566 400007
162 264 700071
299 552 1000001
104 341 800081
0 660 500006
161 403 200009
233 284 600061
62 252 900091
31 309 300031
254 263 400007
10 673 800081
110 249 700071
378 441 900091
17 128 200021
9 79 600061
244 635 100011
320 608 300031
7 24 800081
283 533 900091
197 253 200009
104 206 100010
212 672 400041
189 580 400007
88 310 1000001
64 491 400041
167 316 200021
200 264 900091
358 426 300008
208 630 400041
450 639 200021
237 596 400041
362 412 200009
366 422 1000001
124 488 500051
211 215 700071
51 380 600005
393 574 400041
100 478 1000001
27 507 200009
327 452 800081
355 606 700071
377 485 800081
32 122 600005
230 285 500051
6 420 400041
459 519 700071
82 119 400041
116 253 500006
343 589 100010
38 390 900002
143 667 200009
200 417 500006
168 600 900091
298 576 500051
646 670 500006
451 481 300008
140 625 700071
403 586 600005
34 224 900091
43 185 500051
224 564 400007
271 519 600005
88 653 400041
312 524 300031
67 154 100010
20 496 1000001
471 656 900002
86 630 200021
492 600 900091
5 589 700071
344 646 200009
548 627 700004
436 539 500006
435 661 200021
235 544 500006
438 523 1000001
322 358 1000101
89 190 700071
324 490 400007
409 539 200009
487 501 200021
31 315 300031
272 641 700071
41 221 1000101
128 152 800081
170 279 1000001
10 508 700071
233 567 300031
332 358 200009
126 516 100011
537 573 400007
11 524 600061
158 510 500051
289 457 600061
278 552 700004
467 678 200021
16 424 700071
19 544 300031
107 336 900091
174 553 600061
401 591 1000101
10 334 700071
451 538 1000101
387 604 700071
244 339 700071
197 641 200021
246 541 300031
105 698 800081
637 696 200009
486 627 600005
27 615 300008
47 51 900002
270 429 900002
54 490 600061
156 386 600061
379 431 300008
266 378 400007
28 261 600005
205 385 400007
75 144 400007
336 473 100011
475 559 300031
33 674 700071
178 528 100010
18 529 300031
337 394 600005
623 651 400007
555 559 500006
390 531 700071
515 578 300031
439 583 500006
262 555 200009
187 289 1000101
264 494 400007
87 178 700004
631 669 200021
270 616 900091
130 566 400007
358 411 400007
184 470 300031
177 449 700071
65 651 200009
159 279 300008
194 419 700004
35 488 600061
159 337 700004
565 668 200021
295 525 600005
62 553 500006
199 534 800081
550 697 500006
350 551 300031
186 276 600061
144 240 200021
303 477 800081
30 424 1000101
108 439 900091
130 479 1000101
208 308 900002
472 496 400041
223 549 600005
621 680 700071
225 550 900091
584 594 200021
329 536 200021
42 685 800081
233 668 800081
440 617 200009
92 520 400041
48 507 600005
240 556 300031
241 381 400007
189 207 400041
131 632 800003
388 471 600005
107 118 100010
78 247 100010
388 442 900091
118 534 1000001
391 668 900002
251 578 600061
144 286 200009
227 692 400041
229 314 900091
129 131 800081
26 120 400041
47 242 800003
173 620 200021
582 667 800081
484 485 200021
93 116 300031
149 270 700004
281 598 800081
106 180 100011
445 671 700071
404 545 500006
437 635 800003
6 129 900002
173 406 300008
235 529 400041
465 614 700004
44 173 800003
2 359 500051
145 596 500051
96 354 800081
159 392 100011
194 394 500051
158 647 800003
51 445 600005
326 632 400007
109 522 700004
441 534 300031
394 546 400007
55 127 400007
121 351 900091
125 373 400041
209 664 200009
132 646 500006
304 549 800081
98 550 500051
386 395 300031
58 529 1000001
53 655 600005
206 457 100010
162 366 600061
60 671 700004
294 379 700004
333 685 600005
574 690 300031
553 679 100011
6 692 700071
363 581 1000101
531 658 500051
377 571 400041
357 689 400007
415 452 800081
93 419 100011
163 629 100010
239 525 700004
53 299 700004
107 470 800003
618 636 500006
539 541 900002
600 631 200009
242 547 100011
69 73 300008
69 221 200009
129 465 700071
205 532 900091
39 90 200009
550 607 300031
370 583 500006
288 323 800003
57 63 400007
416 528 500051
411 568 1000001
76 539 100010
59 508 500006
54 184 600061
251 498 900002
177 353 1000001
116 587 300031
83 194 700004
192 214 300008
51 287 100011
142 658 400041
14 350 500051
220 538 700071
62 95 200009
203 691 300008
46 155 900002
84 510 600061
362 479 200021
221 309 600005
1 520 100011
641 684 600061
73 412 300031
157 580 300008
82 657 100011
104 118 200021
120 550 800081
362 475 800003
181 253 100010
47 543 100010
56 525 900002
455 533 700071
117 175 200021
634 695 600061
181 242 200009
250 378 200021
257 386 100010
121 313 900091
175 568 800003
447 507 500051
9 189 200009
85 656 1000101
32 86 800081
325 480 400007
372 514 500006
76 102 100011
379 524 200009
183 210 400007
23 259 900091
302 539 500006
259 515 900002
316 511 100011
169 624 200021
123 432 300031
149 601 200021
173 506 600061
427 508 300008
121 370 700071
280 571 800003
394 494 900002
512 516 500051
270 697 100011
445 470 500051
407 609 900002
556 640 400007
304 410 1000001
562 635 900002
275 624 700004
16 204 900002
236 666 700004
207 593 800081
300 451 400041
163 588 700004
174 468 900002
104 634 300031
23 43 900002
58 243 700071
268 563 700071
124 563 100010
260 528 100010
71 491 700004
374 474 200009
206 560 200009
78 401 700004
23 456 600005
408 570 900091
124 663 900091
559 655 1000101
295 663 500051
645 687 300031
346 400 700004
38 457 700071
323 470 1000101
168 527 800003
433 514 100011
611 673 800081
519 565 400041
6 56 900002
91 218 400007
307 504 1000001
453 575 800081
233 336 600061
396 578 700071
377 644 700071
106 613 900091
277 371 300008
35 531 800081
178 403 1000101
247 604 700004
192 567 400041
147 385 500051
328 424 800081
295 485 200021
317 611 1000101
176 434 800003
448 699 500006
3 477 800081
382 517 100010
412 531 500006
408 664 600005
247 268 900091
406 605 700071
20 147 1000101
586 602 300008
633 657 700004
256 576 800003
427 684 700071
418 579 900091
619 675 400007
64 521 200021
23 513 300008
150 544 200021
264 323 500051
417 655 600061
72 492 200021
369 445 600005
301 463 100010
169 204 600061
99 307 400007
377 499 300008
79 265 400041
46 265 700004
306 458 900091
79 82 200021
257 575 300031
454 601 600061
35 125 1000101
41 420 1000101
199 591 600005
227 341 300031
6 193 200021
421 499 400007
488 682 400007
285 521 100010
57 278 200021
384 456 300008
247 385 600005
9 492 400007
279 678 900091
516 642 1000001
240 672 800081
12 410 100010
40 534 100010
419 438 100010
38 439 700004
492 502 800081
390 396 1000001
87 306 200009
270 372 300031
246 433 900091
183 212 900091
108 292 100011
114 618 700071
443 543 900002
16 421 600005
1 690 500051
419 674 600061
163 653 800081
150 578 1000101
324 452 600061
124 697 200009
450 604 800081
105 254 200021
275 651 300031
128 573 600005
222 303 300031
423 597 300008
214 273 400007
427 521 100011
386 447 900002
45 183 500051
27 123 500006
236 321 900002
265 400 700071
401 626 700004
24 451 700004
120 217 100011
456 543 1000001
348 550 700004
50 193 400041
302 474 200009
497 553 300031
250 473 200009
205 512 700071
374 567 700071
327 360 700071
178 290 900091
95 616 800003
205 407 600005
549 687 200009
641 664 100011
265 356 600005
80 143 500006
95 319 100010
103 270 900091
460 536 400041
315 496 300008
216 457 900091
339 599 300008
179 531 800081
277 345 800003
173 509 500051
76 560 200009
373 586 400007
8 73 400007
55 149 500006
149 257 300031
140 184 800081
228 245 800003
315 434 800003
370 411 100010
300 325 300008
344 561 800003
72 538 200021
516 633 100011
375 544 200021
232 510 400007
473 620 700071
337 517 700004
318 572 100011
219 451 900091
285 328 700004
28 689 300008
156 281 500006
373 653 100010
674 686 700071
41 443 800081
177 302 900002
89 378 400041
86 376 100010
166 500 400041
440 459 700004
234 292 300031
348 434 300008
108 301 900091
144 683 800081
422 586 500006
307 566 900091
209 585 400007
140 250 600005
243 352 500051
77 300 400007
84 548 1000101
26 447 500006
47 694 700071
9 597 100011
365 429 400007
409 476 700071
398 522 600005
428 620 200009
604 694 900002
156 552 100011
23 533 400041
228 266 1000101
6 373 900002
463 587 700004
323 685 200021
576 683 200021
256 676 200021
291 455 100011
412 541 500006
165 375 500006
237 347 600005
374 417 900091
278 434 600005
360 505 800003
43 628 600061
4 538 200009
9 210 1000001
146 270 300008
7 362 400007
151 417 100010
377 551 900091
169 669 1000101
368 393 100010
414 675 600061
10 573 900091
215 635 200021
285 371 900002
8 647 1000001
48 312 300031
332 562 100010
49 413 700004
165 211 900002
72 322 900091
24 361 800003
498 601 500051
272 542 500006
552 589 400041
112 120 400007
87 528 300008
8 442 200021
369 593 1000001
139 695 700004
412 629 700071
462 530 500006
41 442 1000001
420 583 800081
69 509 500051
269 691 600061
63 526 100010
217 371 900091
377 384 700004
477 535 900091
327 550 200009
36 425 900002
163 212 800081
426 567 800003
217 233 400007
293 401 100011
423 557 400041
333 385 900002
487 594 1000101
168 259 600005
493 631 500006
83 371 400007
181 665 400007
274 375 300008
512 688 1000001
144 170 500006
136 305 1000001
72 644 200009
36 350 500051
328 500 500006
182 226 900002
275 625 400041
634 656 100011
383 466 400041
40 91 100011
176 180 1000001
433 511 200009
157 601 700004
667 682 800003
409 676 1000101
196 384 500006
440 555 600005
40 175 400041
248 543 200021
320 362 500006
304 655 700004
179 685 300008
187 366 700071
154 571 300008
525 545 1000001
460 685 600005
47 144 800081
63 572 600005
345 433 100011
309 617 900091
324 523 300031
1 182 800003
101 356 100011
281 604 500006
111 179 1000101
473 527 600005
75 570 900002
226 433 200009
161 343 300031
55 326 200009
40 320 700071
421 489 100010
157 175 500006
19 260 300008
481 537 600005
16 462 1000101
192 311 800081
231 662 100011
104 482 300031
126 213 600005
54 529 600061
25 697 300008
167 535 500006
149 661 1000101
249 430 200009
457 589 900002
46 616 900091
52 358 100011
456 645 700004
33 377 800003
231 365 300031
232 554 800003
506 600 900091
39 232 700004
267 487 1000101
88 373 200021
366 404 100010
80 477 1000001
363 651 900091
101 610 900091
52 657 900091
0 266 700004
590 675 500051
23 152 600061
290 539 200021
36 688 500051
514 646 400041
325 610 900091
449 681 400007
212 440 900002
288 396 700071
208 526 800081
77 490 600061
154 569 900002
482 682 900002
123 506 900091
42 699 100011
200 644 200009
221 442 200009
35 419 900002
119 301 100010
13 268 400007
67 469 900002
339 347 1000101
551 629 700071
301 451 1000101
311 434 200009
7 314 100011
188 430 100010
85 128 600061
167 679 900002
395 619 700071
160 306 900002
301 676 400007
108 244 700004
469 495 400007
616 685 900091
274 418 800003
14 509 600005
118 284 200021
259 299 500051
5 368 800081
78 88 500051
361 492 200009
108 532 600005
292 541 900091
118 458 200021
203 213 800081
130 598 700004
70 86 700004
4 562 600005
423 566 700071
60 459 500051
440 665 1000001
158 656 600005
536 659 900002
144 365 400007
6 265 200009
87 524 1000001
172 639 200021
52 546 400041
76 549 500006
124 676 900091
310 497 900002
117 598 800081
398 505 200009
198 668 400041
396 690 100010
77 234 500006
245 281 200021
159 622 700071
50 74 300008
109 640 700071
224 388 400007
553 681 100011
406 458 800003
348 689 900002
26 672 700071
65 85 200021
61 84 400007
134 505 600061
640 665 700004
127 488 500051
101 251 700004
549 649 900002
520 575 900091
49 568 500051
54 321 400041
104 542 1000101
346 595 700004
190 648 300031
356 376 900002
665 698 200021
399 647 300031
252 367 900002
45 125 300008
5 7 600061
151 388 700071
138 206 800003
33 305 100010
131 664 1000001
39 272 300031
275 592 600061
119 626 600005
203 480 900091
172 320 500006
250 335 300031
444 488 400041
28 608 500051
216 318 400041
367 496 500051
81 319 700004
424 561 100010
168 671 100010
209 584 800003
291 425 800081
425 540 700004
558 619 300031
79 193 300031
307 370 700004
292 644 400007
270 634 100011
55 433 100011
314 666 500006
166 386 200009
21 208 800081
15 672 500051
145 338 600061
260 554 900091
311 383 900091
574 662 600005
188 645 700004
43 128 400007
565 612 400007
215 645 300031
151 163 700071
446 570 500006
102 115 900002
245 699 200021
91 590 900002
8 473 600061
100 455 800081
186 645 300008
409 680 300008
199 271 800081
125 189 800003
276 587 900091
190 487 200009
102 332 400041
164 184 700004
177 583 1000101
322 359 700071
230 440 200009
301 375 300031
427 522 900002
555 645 300031
322 664 500051
427 669 800003
248 298 900091
513 688 300008
167 690 1000101
122 538 900002
280 431 1000001
148 695 600061
222 260 600061
271 458 1000101
164 175 500051
248 307 700071
414 611 1000001
419 535 900002
605 641 800081
11 166 600061
35 181 100011
51 426 500051
62 173 400007
297 656 800003
8 667 1000101
48 129 100011
113 536 500006
299 521 600005
44 155 400007
169 566 600061
347 579 100010
344 460 900091
56 310 1000101
119 292 600061
39 574 600061
144 555 800081
607 610 700004
149 390 900002
586 658 600005
208 384 1000101
277 571 300008
59 183 500051
120 208 600005
162 275 700004
209 431 800081
89 358 300008
506 538 300031
174 694 200009
190 691 700071
80 504 500051
386 520 300008
182 342 400007
214 593 400007
115 187 900091
426 518 400041
26 401 100011
42 626 1000001
208 653 300031
56 555 700071
619 647 100011
197 233 500006
312 552 700004
72 374 600061
515 691 600061
261 527 1000001
358 595 100010
119 520 100010
411 674 400041
480 673 600005
127 596 900091
396 673 900002
242 351 900091
363 478 500051
73 583 1000001
468 642 200021
286 438 700071
91 164 300008
584 651 200009
99 570 100010
247 697 200021
115 663 100011
518 620 300031
160 476 800081
500 655 100011
160 486 400041
80 448 800081
247 370 900002
261 366 100010
24 593 400007
51 500 1000001
112 196 700071
259 443 1000001
75 577 100010
462 614 300031
347 627 300031
171 628 300008
142 679 500006
266 410 800081
66 511 800081
261 584 900002
343 546 200009
82 508 200009
288 598 500051
187 376 1000101
261 668 900091
164 532 500051
106 293 200021
123 198 800081
325 479 100010
394 659 100011
161 424 300031
523 588 1000101
89 386 500051
17 679 900091
323 564 900002
88 698 800081
549 639 600061
247 598 600061
277 686 500006
414 469 300031
214 473 1000101
579 660 500006
446 603 300031
181 299 600005
360 463 600061
90 379 900091
210 211 500051
584 654 900002
11 102 300031
239 565 900002
173 529 1000001
109 267 600005
223 298 500006
10 512 1000001
577 697 500051
291 518 500051
10 645 800081
155 421 800003
180 547 400041
478 506 1000001
29 558 1000101
299 598 600005
141 422 200009
140 350 300008
187 604 100011
171 437 800081
374 612 300008
34 253 1000001
276 349 200009
28 464 900002
377 408 900002
325 341 200021
580 663 300031
39 411 100011
491 669 100010
203 313 600061
299 535 300031
42 662 300031
198 293 400007
177 246 900002
293 467 700071
26 191 400041
426 531 600061
187 474 600005
276 489 400041
135 305 1000001
269 457 1000101
12 553 900002
26 97 300008
113 114 200021
220 383 600005
182 372 900002
322 435 900091
544 624 600061
112 510 900002
73 388 400007
113 418 1000001
25 258 500006
248 613 700071
32 358 200009
60 430 600005
195 646 600005
88 374 500006
383 653 100011
0 43 600061
307 316 200009
163 407 200021
344 608 200009
555 647 500051
90 257 200021
310 314 500006
105 337 500006
430 502 600061
497 650 500051
154 484 600005
467 603 300008
167 448 800003
489 612 500051
149 210 600061
364 605 900091
51 308 500006
578 639 400041
104 617 600005
68 682 900091
201 509 700004
572 645 500006
201 451 600005
280 578 500051
241 695 500006
164 633 400007
35 637 500051
452 482 400041
197 341 500006
330 404 700071
601 605 200009
65 536 100011
262 277 1000101
279 476 600005
134 318 900002
288 592 900091
575 643 800003
214 452 700004
304 576 900091
447 699 200021
5 302 400007
4 282 400041
85 422 300008
359 481 400041
520 547 800081
186 598 400041
229 510 1000001
220 599 100010
15 102 600061
259 286 900002
48 58 1000101
396 573 400007
396 630 700071
376 548 700071
143 415 700071
69 422 300008
328 409 500051
341 446 500051
443 665 200021
442 486 400041
291 641 400041
161 464 200021
91 276 1000001
130 324 700071
375 580 1000001
48 91 300031
582 600 900002
223 537 300008
316 589 800003
64 436 500006
428 464 700071
323 658 1000001
54 400 600005
231 260 800003
603 620 900002
98 127 200021
352 601 400041
36 478 200021
65 180 500006
462 625 900091
364 588 100010
97 476 400007
160 300 800003
475 641 300008
398 652 600005
488 517 700004
468 670 100011
135 641 300031
129 623 400007
235 636 500006
403 535 500051
61 249 200021
30 345 500051
165 326 900002
140 583 200021
123 265 1000101
265 310 300031
0 483 300008
101 110 800081
475 612 600005
116 361 300031
291 437 200021
371 617 200021
245 607 400041
67 649 300031
12 197 100011
247 411 100010
132 300 400041
214 599 500051
284 412 200021
158 273 800003
68 114 200021
174 395 800081
74 262 900002
248 566 100011
123 670 400041
395 404 1000101
190 355 200009
24 120 300008
130 685 800003
451 673 100011
373 670 300031
158 178 600005
213 627 200009
328 397 300008
35 101 300008
286 467 700071
305 568 400041
148 489 900091
514 516 300031
354 600 500006
84 634 400041
339 661 700004
169 339 1000001
435 478 1000001
13 623 300008
78 143 700004
93 179 300031
137 514 900091
411 461 700071
75 484 400007
489 576 300031
26 83 400041
171 503 300031
518 622 900002
516 649 200009
369 415 100010
243 583 600005
364 510 400007
155 642 1000101
594 696 400007
101 317 800003
146 540 100010
27 698 100011
150 610 300008
229 245 500006
368 536 300008
215 368 100010
321 474 200021
113 570 100011
368 409 400041
63 328 300031
204 546 400041
488 499 1000001
248 494 900002
687 695 600061
61 500 700004
151 212 300008
251 456 500006
110 329 700071
380 523 700071
273 380 1000101
139 321 800003
436 494 300008
110 482 800081
361 682 200009
195 269 400041
502 698 1000001
117 191 800081
5 259 300008
397 699 800081
70 542 300008
320 560 600061
209 351 600061
229 352 800081
112 334 200009
44 454 500051
29 480 800003
50 114 600061
69 151 200009
116 274 100010
35 463 1000101
386 427 800081
404 566 400007
202 274 800003
9 648 100010
276 442 1000001
498 520 800003
15 148 700071
18 154 200021
225 543 500051
62 202 300008
93 294 700071
272 693 900091
31 556 100010
260 576 100011
314 606 800081
259 507 400007
177 438 600061
448 575 400007
392 422 400007
261 658 400041
162 515 800003
109 601 700004
417 535 200021
19 673 800081
658 687 500051
71 289 300031
208 614 700004
102 481 800081
237 621 700004
94 112 800003
216 699 900002
46 610 800003
357 381 1000001
519 665 400041
219 369 900091
358 361 800081
331 621 400041
434 592 700004
507 668 400007
32 597 400041
212 465 1000101
335 693 300031
132 558 100011
67 242 400041
91 187 400041
418 543 200009
249 568 700004
223 403 400007
440 643 800003
256 457 600061
392 619 900091
470 599 600061
78 671 200009
210 386 900091
86 383 1000101
72 554 100011
525 577 700071
369 614 800081
514 564 600005
257 497 700004
568 577 500051
16 539 400041
7 183 700071
255 565 800081
240 564 900002
9 69 600061
106 415 800003
482 654 300031
352 391 300008
86 203 500051
199 613 500006
542 643 500051
171 303 500051
210 566 200009
221 262 100011
315 343 200009
115 130 900091
31 58 1000001
5 571 300031
282 466 1000001
382 659 500051
405 416 300008
84 640 400041
32 424 700071
155 570 800003
78 461 300031
31 616 400007
485 613 600061
287 521 1000001
318 584 700071
109 353 100011
68 111 300008
299 475 800081
99 191 400041
100 262 900002
92 363 1000001
255 302 600061
380 396 200009
198 258 500006
231 578 400041
278 365 400007
45 592 900091
10 45 800081
54 429 900002
103 344 500006
105 413 1000001
325 567 500051
480 495 300008
190 474 400041
406 462 700004
134 441 1000001
36 191 400007
397 528 1000101
194 483 200009
87 514 1000101
196 626 300031
305 594 600005
316 428 100010
341 498 700004
192 602 300008
16 627 800003
25 450 500006
298 536 900002
30 524 800081
198 636 800003
395 439 300031
408 663 1000101
621 662 100011
343 484 100011
447 515 200021
5 464 1000101
333 696 400041
254 404 300031
554 623 900091
41 242 300008
413 528 600061
246 446 1000001
176 227 100010
330 627 600005
25 334 500006
349 547 1000101
301 528 500006
505 506 900091
471 681 100011
156 394 100010
19 242 300008
5 547 400041
71 589 100011
47 620 500006
470 529 800003
13 574 400007
405 429 1000101
113 694 800081
46 333 500006
206 517 100011
268 574 500006
548 666 900091
597 618 200009
261 329 1000001
412 475 1000101
53 500 800003
55 412 400007
149 599 500006
215 382 900002
494 540 600061
152 190 1000101
137 399 100010
58 79 300031
40 269 800003
372 492 900002
198 330 300008
190 459 600061
486 644 800081
487 579 800081
242 274 1000101
125 645 400007
178 391 1000001
3 562 400041
413 488 100011
41 249 200021
264 592 700004
87 119 1000001
223 558 600061
328 514 200009
244 276 600061
59 101 100011
530 556 100010
156 392 700071
305 588 400007
331 461 400007
550 640 400041
109 493 900091
207 638 200021
75 672 300008
167 204 400007
93 154 800003
332 622 100010
483 488 300008
193 216 800081
33 36 600005
424 593 200009
62 297 600005
245 286 700004
540 592 1000101
338 407 700071
15 300 100010
429 627 300008
106 179 600061
353 651 300008
230 244 700004
8 234 1000101
200 227 600061
279 608 700071
492 620 400041
182 615 900002
318 563 100010
40 59 1000101
115 164 700004
126 389 400041
252 480 200021
109 253 200009
90 452 600061
303 370 100010
421 437 700004
42 234 1000101
285 369 600061
490 598 600061
178 535 100010
84 594 100010
38 120 300031
560 610 100011
416 554 400007
28 350 200021
86 201 1000101
343 580 300031
369 510 700071
148 197 100011
97 427 700071
347 353 1000001
19 266 700004
15 540 400007
363 377 300031
123 401 800081
123 148 600061
253 636 100010
99 523 300031
226 617 700071
284 552 500006
69 76 600061
33 349 100010
111 304 500051
201 673 800003
136 623 700004
112 286 500006
149 293 200021
222 317 600061
33 586 900091
293 358 300008
596 678 400007
205 416 600005
119 607 100011
1 370 800003
628 682 100010
137 274 800081
53 531 500006
223 273 200009
81 452 500051
417 675 900002
237 299 400041
93 596 300031
80 135 1000101
36 563 100011
232 645 800003
79 277 100010
144 256 300008
335 509 500051
62 612 100011
141 479 900002
67 152 300008
226 579 800003
178 362 600061
47 586 900091
448 661 300031
229 456 300008
71 463 900091
313 352 900002
98 106 700071
306 428 700004
449 531 1000001
208 399 900002
225 383 200021
14 430 300008
226 358 900091
264 454 200021
21 580 700004
28 229 100011
183 237 600005
211 388 100010
156 298 700071
361 503 700004
238 638 400007
63 290 600061
504 569 800081
62 580 100010
63 310 900091
142 561 200021
79 516 200009
125 206 700071
283 300 500006
355 472 600005
529 669 1000101
173 572 1000001
69 201 700004
114 619 500006
35 251 600005
83 266 500006
377 401 200009
120 356 600005
13 560 600061
277 278 200009
79 429 800003
176 452 1000101
266 634 300031
64 514 600061
92 489 800003
473 646 900091
331 667 900002
153 528 100010
231 272 400041
90 219 700004
135 541 500051
156 202 100010
295 349 900002
54 497 1000001
446 534 1000101
276 631 700004
369 592 700004
140 511 800081
41 283 900002
87 529 800081
335 405 600061
52 266 500051
246 495 500051
203 265 100011
390 519 1000101
176 670 800081
176 339 400041
232 558 1000001
27 137 700004
145 633 1000001
379 646 1000001
116 487 800081
325 644 700071
312 642 100010
138 621 800003
156 461 500006
351 500 600005
379 406 700071
266 610 400041
61 494 100011
431 686 800081
159 607 600005
489 550 800003
59 166 100011
422 581 600005
239 505 600061
97 540 400007
175 490 900002
30 580 900091
526 601 800081
291 481 200021
12 388 600005
41 686 500006
205 500 900091
68 90 100011
11 590 900002
401 659 200021
459 649 600061
303 342 400007
84 626 200009
26 205 200021
473 589 400041
122 537 500051
310 611 200009
282 339 1000101
52 586 200009
157 330 600061
158 636 700004
330 370 100011
387 483 1000001
243 556 300008
404 510 200021
209 514 400007
551 609 700071
575 604 600005
208 656 800003
107 281 100010
339 544 800081
561 644 1000001
103 569 400041
292 335 800081
37 75 300031
259 265 600061
173 674 900002
172 325 400007
24 318 300031
296 495 600005
7 503 800081
156 485 600061
55 305 400041
260 644 700004
110 182 500006
119 637 200021
244 296 700071
201 400 300008
267 275 200021
520 627 500051
280 690 1000101
465 513 300008
562 600 500006
95 666 900002
19 191 500006
20 488 600005
362 593 1000001
100 545 1000001
487 620 1000001
71 332 100010
212 244 600061
462 486 300008
110 459 1000001
121 171 500051
32 173 600061
551 641 900091
283 496 900002
464 501 800081
182 692 600061
145 157 1000101
403 679 300008
51 440 400041
51 558 900002
22 243 400041
390 650 200021
336 553 900002
318 592 500006
445 606 900002
45 219 1000101
43 676 200009
71 214 500051
313 345 700004
121 338 100011
102 483 400007
50 237 200021
408 436 400041
545 656 100010
182 582 800081
476 693 100010
385 628 1000001
101 370 300031
133 239 900091
46 561 900002
75 76 300008
293 458 900002
44 619 600061
230 488 600061
98 364 800081
107 170 500006
173 614 400007
187 467 700071
460 584 400041
316 490 700004
276 693 400041
225 684 200009
373 516 300008
77 419 800081
390 417 200021
360 622 400007
611 659 200021
322 327 400007
111 180 500006
429 578 300008
442 631 300031
380 559 900002
43 647 800081
352 492 800081
193 196 1000101
305 422 900091
106 272 900002
20 681 1000101
159 470 200009
26 220 800003
346 694 400007
33 224 100010
64 598 1000101
121 372 100011
58 449 600061
334 692 200009
244 350 1000101
227 256 700004
343 668 200021
144 280 400007
172 210 100011
113 275 900002
174 577 900002
61 683 600061
134 437 800081
217 467 500006
35 212 700071
285 327 400007
323 432 400041
257 423 700004
395 483 100010
117 150 300008
296 603 100011
485 553 200009
33 418 1000101
4 166 900002
94 205 900002
49 208 800081
278 538 500006
431 487 300031
123 646 800003
53 437 900002
111 663 800081
101 601 700004
131 264 700004
86 324 200021
152 655 1000101
200 397 100011
295 625 500006
75 270 400007
389 693 200021
1 515 400007
316 612 600005
120 337 500051
392 628 100010
196 695 100010
321 627 400007
307 428 400041
471 479 700004
16 179 200009
195 247 1000101
100 328 800003
105 315 800081
582 653 200009
493 613 200021
248 424 700071
466 665 300031
570 587 200021
442 561 100010
351 378 200021
375 407 600005
384 402 800081
315 393 400007
125 545 300031
206 403 400041
57 229 800081
146 198 1000101
334 521 900091
152 483 200021
170 605 400041
214 342 800081
364 665 400041
107 412 100011
116 184 600061
630 677 600005
216 683 700071
33 193 700004
243 355 200021
373 552 300031
34 353 800003
346 648 800003
22 297 500006
483 531 700071
18 416 900002
453 528 200009
70 294 300008
334 575 800003
49 535 200009
60 615 500051
103 459 200009
417 527 800081
255 480 400041
193 538 400007
142 695 200009
220 314 800003
49 524 1000101
537 614 600005
71 176 400007
126 408 700071
314 426 800081
109 210 200021
163 497 700071
249 349 900002
153 457 100011
59 142 300008
63 569 100011
86 222 900091
342 430 500051
66 452 300008
261 368 400007
458 630 500006
173 400 900002
129 575 200009
371 509 800003
517 679 800081
104 152 200021
63 244 500051
168 175 1000101
227 231 600005
246 507 200009
303 695 300031
547 692 1000001
203 283 700071
528 632 700004
169 282 600005
392 455 100011
354 518 700071
368 671 400041
334 684 500051
369 437 900091
328 656 600061
177 604 800081
115 639 800081
1 608 900002
547 629 900002
160 617 700071
568 687 1000101
405 490 700071
75 316 100011
171 521 900002
314 371 400041
414 588 200021
354 655 500051
452 594 300031
139 206 600061
428 593 900091
495 690 900002
604 687 600061
172 574 200009
383 681 400041
343 561 200009
489 575 200009
354 511 200021
28 136 900091
38 463 600061
40 329 500051
167 353 100011
133 453 300031
331 344 100011
198 449 800003
277 463 300031
285 595 900002
425 439 800081
19 443 800003
130 330 1000001
58 128 200021
214 348 500051
22 193 600061
549 693 1000001
44 248 600005
121 688 400041
255 476 900091
646 652 500051
46 559 800081
531 581 600005
307 646 600005
245 646 200009
237 466 200009
274 429 500006
115 580 800003
439 663 700071
432 699 600061
3 455 200021
46 457 200021
291 463 400041
15 504 600005
540 563 700004
481 496 600005
137 163 900002
162 279 200021
175 329 700004
489 624 900002
81 179 100011
196 656 600005
339 630 200009
523 616 300008
86 470 100010
582 608 400007
411 615 300031
172 348 900002
206 219 600061
23 293 200021
6 552 1000101
234 366 800003
252 664 800081
8 660 400041
392 561 900091
86 626 800003
213 612 800003
14 341 400007
73 555 800003
581 692 200009
356 625 600005
240 567 1000101
504 602 200021
15 474 700004
202 601 800081
374 376 300031
498 507 800003
415 447 500051
105 429 800081
115 401 800003
559 583 900002
549 636 700071
169 214 500006
403 645 1000101
179 581 500051
480 628 400007
22 418 900091
111 220 100011
110 174 800003
16 302 300008
42 171 700004
8 311 900002
560 632 800003
214 635 800081
377 582 500051
152 579 300008
49 176 300031
149 184 300008
329 477 700071
56 152 100011
253 295 600061
464 546 200021
61 75 1000101
105 534 100010
501 516 400007
447 463 500006
431 445 200021
261 400 700004
165 490 500006
67 196 700004
170 295 800081
129 147 100010
161 180 700071
37 398 200009
401 409 800081
363 421 1000001
335 542 800081
289 564 100011
100 218 300031
297 663 400007
395 509 700071
215 345 1000001
188 628 700071
357 596 800003
77 240 500006
149 455 500051
592 687 200021
272 420 1000101
78 147 500006
130 315 700071
282 310 800081
17 216 700004
479 537 900002
630 673 400007
593 637 600061
294 515 400041
399 569 800081
384 444 200021
454 520 1000001
51 160 700004
108 324 900002
47 365 800003
17 671 300031
47 117 800081
241 425 1000001
186 532 100010
105 524 900002
579 677 600061
313 398 200009
37 162 200009
156 354 600061
517 673 400007
166 368 1000001
400 502 1000101
139 672 600005
88 494 300031
339 541 600061
284 351 500051
380 634 700071
303 497 800081
63 630 300008
228 630 1000101
628 694 800003
281 432 600005
387 553 300008
185 675 100011
316 556 500006
132 270 400007
85 232 700004
293 416 500051
9 690 500051
144 474 1000101
119 631 300008
200 242 1000101
535 627 100011
287 319 600061
123 369 100011
34 687 300031
254 694 400007
170 563 1000101
90 133 800003
289 503 500051
384 667 1000001
276 649 300031
447 505 500006
9 520 200009
131 644 300031
227 283 300008
98 584 900002
404 619 800081
185 208 800081
409 431 200021
294 471 500006
175 245 900091
24 534 400041
186 292 500006
28 452 1000101
522 621 700004
179 224 200021
217 649 900002
213 313 600061
326 478 600005
385 532 500006
319 659 800081
52 681 200021
318 644 300008
340 586 1000101
19 28 800081
346 568 900002
6 570 200021
87 270 800003
449 613 700004
357 659 400007
69 268 500051
107 634 200009
37 675 300031
211 260 700071
510 567 900002
238 279 700071
136 327 400007
386 508 700004
5 584 600005
562 592 300031
24 182 400007
38 443 600061
450 693 100011
107 695 700004
235 319 800081
626 649 700004
385 458 600061
165 281 500051
90 437 200009
393 417 400007
473 483 400041
466 662 200009
311 533 300031
39 521 800003
163 547 800003
340 393 500051
362 435 1000001
426 499 1000001
328 592 200009
39 63 100010
250 669 500051
195 520 500051
255 557 400007
158 437 400041
256 543 300031
342 648 200009
314 392 300008
152 305 900091
592 671 200009
264 528 700004
365 652 600061
470 490 500006
388 660 900002
182 246 600005
298 623 300008
419 519 300008
2 101 300031
92 137 800081
348 499 400041
60 433 800003
464 482 200021
65 418 400007
252 536 900091
38 311 700004
159 165 600005
258 629 800081
306 625 200021
363 390 100010
68 450 800003
465 684 500006
180 593 600005
73 293 100011
271 570 700071
102 233 900091
315 546 700071
253 416 400007
132 511 100010
640 695 400007
126 525 700071
25 489 400041
282 599 600005
590 609 1000101
74 550 1000001
120 172 700071
147 669 500006
378 646 500051
398 510 700004
296 642 600061
258 463 900002
94 165 300031
39 479 800081
181 210 100010
111 469 500051
57 567 900002
262 476 600005
177 191 800081
179 213 400007
283 672 1000001
490 584 1000001
0 74 600061
262 600 800081
95 411 100011
421 647 600061
375 678 900002
183 214 600061
522 669 200009
215 295 600005
8 236 400041
123 409 900091
0 691 800003
34 63 1000101
48 173 400007
68 681 100010
222 440 1000101
316 369 400041
360 438 300031
673 678 800003
260 588 200009
191 536 500051
343 590 700004
22 614 1000101
268 558 800081
192 463 800081
112 266 300008
106 451 900002
303 448 700071
289 346 1000101
88 312 900091
198 525 400041
353 499 700004
318 630 900002
48 478 700071
161 430 300008
423 592 400007
92 407 300008
115 691 300008
104 610 400041
500 619 400041
284 644 300008
505 553 1000001
496 497 300008
73 671 600005
110 237 500006
62 635 300008
6 490 800003
109 314 600061
53 530 600061
573 574 900091
55 87 100010
21 680 700004
365 602 100011
392 686 400007
269 595 300031
291 434 600005
29 54 900091
557 632 900091
18 222 600005
17 694 500051
239 492 900091
192 582 300008
131 667 600005
337 530 800081
176 199 900091
139 304 600005
26 646 500006
409 449 400007
360 388 600005
326 337 100011
591 600 800003
431 617 500051
277 479 200009
267 615 100011
41 428 300031
12 189 300031
144 274 800003
301 340 100011
18 278 700004
14 630 900002
306 473 900002
135 617 800003
440 674 1000101
426 690 400007
14 393 700071
47 64 700004
91 589 700071
448 579 600061
296 466 100011
117 165 200009
48 229 1000101
236 269 1000101
600 601 900002
586 676 700071
1 501 200009
134 189 800081
271 609 400007
2 490 1000001
266 280 700004
123 632 100010
166 299 300008
175 209 500051
138 588 600061
78 201 200009
173 547 500051
19 558 900002
355 680 100010
158 633 500051
30 170 100011
190 612 900091
195 581 300031
188 196 900091
10 189 900002
243 387 300008
58 186 900091
209 488 800081
174 392 100010
328 676 300008
385 531 300008
379 672 800003
586 597 600005
81 419 400007
551 638 900002
313 486 700004
433 531 200021
0 237 700004
191 355 400007
118 696 400007
332 547 400041
238 504 1000001
190 208 300031
508 628 400007
197 460 900091
108 424 200009
333 454 600061
128 354 400041
99 260 400007
525 557 400007
10 79 100011
74 503 800081
291 344 1000101
110 537 800003
157 207 800003
281 511 600061
400 691 300031
312 416 1000001
121 663 400007
306 457 600005
453 591 500006
562 684 200021
344 473 800081
535 651 900002
58 385 500006
426 630 1000101
95 198 600005
232 528 300031
6 573 400007
9 416 800081
107 258 100011
33 449 800003
352 654 700004
369 569 100011
203 399 500051
162 667 700071
73 420 1000101
77 452 600005
504 660 500051
285 661 900091
9 374 900091
14 81 400007
199 622 500006
289 506 1000001
58 407 600005
309 660 600005
52 304 300031
409 469 400041
475 501 1000001
24 625 300031
246 308 300031
128 341 600005
200 693 1000101
119 308 700071
336 623 500051
169 274 100010
418 507 600061
471 616 500051
97 310 200009
47 187 500051
180 188 600061
189 542 200009
382 655 300031
22 619 200009
245 257 200021
369 564 500006
152 563 300008
120 227 600005
171 485 700071
1 330 800003
372 623 800081
107 516 500051
415 481 400007
152 286 700004
166 320 600005
11 534 1000101
11 112 200021
144 404 100011
320 449 200009
444 646 700004
553 660 800003
125 331 800003
591 653 800003
99 438 1000001
103 620 100011
33 692 100011
60 140 1000101
123 133 400007
96 556 400007
64 114 300031
155 266 1000001
9 332 700004
69 376 800003
37 305 900002
25 485 700004
99 305 300031
322 483 800081
72 519 1000101
50 584 400041
190 626 900002
139 393 700071
387 665 400041
441 508 700004
253 284 200021
93 352 300008
359 670 700071
241 690 700004
77 625 1000101
72 397 500006
389 638 900091
49 602 1000001
65 204 800003
600 655 100010
400 660 400007
451 680 700071
207 434 100010
196 211 700004
473 569 1000101
252 466 200021
446 623 100011
37 513 400007
127 505 1000101
96 138 1000001
56 533 100011
241 327 200021
369 470 1000101
20 231 800003
481 602 300031
430 611 200021
133 243 700071
71 315 800003
395 442 800081
42 501 200021
178 238 700004
90 244 600061
115 680 700004
35 478 800081
537 651 800003
480 592 600005
216 280 1000001
175 319 600061
43 103 700004
204 611 200021
136 448 900091
266 576 200009
47 415 400041
36 512 800003
277 367 600061
103 485 500006
634 686 800081
142 537 1000101
419 420 500006
253 624 900091
286 386 200009
374 519 400007
194 560 100011
334 613 1000001
27 87 200021
146 168 600005
543 559 300031
202 241 900002
57 192 400041
17 568 1000001
147 349 100011
143 612 200009
188 614 300008
27 317 1000001
163 259 100010
143 300 500006
280 477 700071
476 498 600005
15 596 400041
340 544 600005
31 538 100011
188 649 600061
219 402 1000101
110 590 200021
460 691 200021
207 614 900091
88 201 100011
357 470 200009
80 350 200021
402 425 300031
289 618 400041
12 261 900091
271 322 800081
484 490 600061
384 660 500051
327 593 700071
25 529 300008
347 414 400007
450 610 700004
281 675 1000101
491 569 600005
276 333 500051
489 505 800003
206 288 700071
333 438 500051
128 655 200009
157 676 300031
176 677 800003
324 453 1000001
245 493 800003
334 679 600005
176 639 500006
96 170 400041
220 580 400007
170 188 1000101
112 426 300031
69 145 1000001
91 513 100010
144 208 600005
3 613 600005
253 658 1000101
351 670 200009
306 667 300008
501 672 400041
137 418 100011
351 416 300008
17 184 300008
397 465 900091
435 656 700071
17 515 700071
136 141 1000001
96 107 1000101
423 633 800003
581 644 200009
226 344 500051
284 589 600061
479 640 200009
78 413 400007
116 145 600005
70 104 800003
463 523 600005
22 244 700071
156 220 700004
470 478 600005
269 281 500051
40 572 200009
507 689 200009
91 371 800081
25 688 1000101
685 689 700071
559 606 300008
589 594 100011
490 692 1000101
241 284 900002
17 494 200021
270 431 500051
29 601 200009
180 476 800081
87 626 500051
180 475 200021
54 612 600005
250 404 600005
53 363 800081
214 288 200021
333 496 800081
57 349 600061
272 385 100011
279 662 800003
354 482 800003
37 48 900091
171 337 400007
32 432 900002
100 220 300008
144 353 1000101
37 50 700071
35 440 700004
333 409 300008
4 7 100010
26 259 500051
