EDGELIST
700 2800 1 700001400
198 335 799993
101 295 199999
301 697 1
387 574 799993
366 394 2000103
260 682 199999
572 696 100000
224 547 699994
106 530 1300033
196 350 399997
75 186 899992
81 169 1600063
339 340 799993
59 502 799993
350 581 799993
558 685 1500053
316 362 2000103
539 585 499996
292 473 899992
151 285 699994
178 533 1200023
562 633 1600063
307 405 1900093
77 154 1400043
177 345 1300033
374 438 599995
216 390 1600063
514 585 1700073
202 685 1300033
302 427 1600063
279 329 100000
0 548 1
59 587 1700073
495 693 1200023
12 655 1800083
388 452 2000103
303 641 1900093
33 517 1200023
289 523 599995
145 389 100000
25 405 599995
250 472 1900093
22 429 100000
329 622 1100013
262 391 1800083
166 655 1
278 381 1600063
396 447 1500053
93 280 1500053
22 699 899992
14 539 1700073
65 69 1300033
16 589 899992
308 598 199999
63 180 100000
215 230 1300033
353 517 2000103
117 509 299998
9 118 100000
47 571 1400043
50 356 499996
133 583 1800083
101 624 399997
9 421 1800083
365 533 699994
166 425 1400043
239 311 499996
119 162 1800083
318 600 699994
139 151 1200023
0 668 199999
399 634 1100013
54 402 1600063
22 390 1400043
273 396 799993
224 450 1400043
597 613 1200023
573 582 1700073
91 488 1400043
219 383 1400043
134 574 2000103
2 145 299998
66 78 1600063
273 533 1200023
399 679 599995
263 268 1
196 682 2000103
273 582 1700073
502 664 1500053
121 671 599995
62 564 699994
553 658 1100013
217 583 399997
557 564 1700073
41 122 1300033
330 603 1900093
58 621 1800083
109 543 799993
110 169 399997
40 336 299998
437 439 100000
520 557 299998
185 253 299998
300 568 599995
118 299 1500053
32 698 1900093
4 105 799993
65 524 199999
275 466 1
480 499 2000103
247 683 799993
445 532 1700073
560 685 799993
468 554 599995
28 64 1700073
332 651 1500053
216 227 2000103
429 572 499996
242 302 1300033
386 462 1200023
554 608 1400043
263 314 2000103
321 484 599995
654 693 899992
581 642 1900093
44 45 799993
501 527 899992
374 618 699994
2 561 1
389 656 699994
192 203 1900093
105 580 1700073
250 276 1400043
231 281 399997
523 542 899992
60 524 1700073
303 564 1800083
313 574 1900093
618 649 1800083
252 537 299998
2 80 399997
440 502 2000103
144 309 699994
458 468 1
235 504 1700073
101 498 1300033
525 572 399997
10 214 299998
437 647 1300033
337 698 1900093
78 336 1
291 599 2000103
213 302 299998
95 607 899992
94 558 1600063
320 413 1600063
75 287 499996
68 271 1700073
353 518 499996
385 414 499996
333 488 199999
103 113 399997
60 681 100000
363 501 100000
547 581 1400043
213 520 1100013
478 615 199999
93 122 499996
232 424 599995
267 290 2000103
314 602 1700073
162 456 599995
98 229 599995
531 576 399997
246 542 100000
114 630 1200023
147 594 1
63 681 1300033
149 436 699994
68 222 100000
551 671 1600063
380 491 1200023
178 654 1800083
54 551 2000103
284 660 599995
24 121 1600063
57 139 1100013
67 614 100000
135 461 1100013
502 694 399997
410 414 599995
355 598 1500053
57 497 799993
163 276 1800083
181 429 1100013
421 543 399997
78 84 399997
73 322 1400043
152 196 199999
176 356 199999
195 528 1200023
246 406 399997
23 38 1300033
13 677 1500053
12 18 1
57 143 199999
45 147 699994
193 556 1100013
216 632 1400043
90 621 1300033
267 512 699994
15 312 1100013
232 341 699994
145 186 1500053
237 465 399997
226 609 699994
67 238 1300033
376 670 499996
472 627 2000103
77 683 2000103
50 529 1600063
206 636 1700073
128 226 100000
457 653 1300033
337 526 1
274 566 1700073
302 320 199999
164 301 1400043
557 672 499996
86 145 899992
125 363 1600063
321 341 1500053
220 402 1800083
5 633 2000103
179 466 1500053
433 646 799993
138 299 299998
388 463 499996
23 247 1200023
106 118 1300033
121 641 299998
58 659 599995
110 504 1100013
222 302 899992
21 496 899992
360 394 1800083
60 210 199999
600 670 299998
25 314 2000103
131 407 1
430 548 1100013
417 677 299998
71 470 1300033
94 259 1400043
93 457 799993
636 690 1500053
347 444 499996
70 472 599995
276 654 599995
55 366 299998
148 166 1500053
71 138 1800083
365 657 1400043
174 609 299998
152 498 1300033
193 586 1600063
355 484 1500053
306 470 499996
25 662 1500053
6 148 699994
506 680 1800083
102 403 1400043
199 294 2000103
58 81 499996
11 26 1500053
540 645 399997
166 566 599995
162 264 1700073
299 552 1
104 341 1800083
0 660 499996
161 403 799993
233 284 1600063
62 252 1900093
31 309 1300033
254 263 599995
10 673 1800083
110 249 1700073
378 441 1900093
17 128 1200023
9 79 1600063
244 635 1100013
320 608 1300033
7 24 1800083
283 533 1900093
197 253 799993
104 206 899992
212 672 1400043
189 580 599995
88 310 1
64 491 1400043
167 316 1200023
200 264 1900093
358 426 699994
208 630 1400043
450 639 1200023
237 596 1400043
362 412 799993
366 422 1
124 488 1500053
211 215 1700073
51 380 399997
393 574 1400043
100 478 1
27 507 799993
327 452 1800083
355 606 1700073
377 485 1800083
32 122 399997
230 285 1500053
6 420 1400043
459 519 1700073
82 119 1400043
116 253 499996
343 589 899992
38 390 100000
143 667 799993
200 417 499996
168 600 1900093
298 576 1500053
646 670 499996
451 481 699994
140 625 1700073
403 586 399997
34 224 1900093
43 185 1500053
224 564 599995
271 519 399997
88 653 1400043
312 524 1300033
67 154 899992
20 496 1
471 656 100000
86 630 1200023
492 600 1900093
5 589 1700073
344 646 799993
548 627 299998
436 539 499996
435 661 1200023
235 544 499996
438 523 1
322 358 2000103
89 190 1700073
324 490 599995
409 539 799993
487 501 1200023
31 315 1300033
272 641 1700073
41 221 2000103
128 152 1800083
170 279 1
10 508 1700073
233 567 1300033
332 358 799993
126 516 1100013
537 573 599995
11 524 1600063
158 510 1500053
289 457 1600063
278 552 299998
467 678 1200023
16 424 1700073
19 544 1300033
107 336 1900093
174 553 1600063
401 591 2000103
10 334 1700073
451 538 2000103
387 604 1700073
244 339 1700073
197 641 1200023
246 541 1300033
105 698 1800083
637 696 799993
486 627 399997
27 615 699994
47 51 100000
270 429 100000
54 490 1600063
156 386 1600063
379 431 699994
266 378 599995
28 261 399997
205 385 599995
75 144 599995
336 473 1100013
475 559 1300033
33 674 1700073
178 528 899992
18 529 1300033
337 394 399997
623 651 599995
555 559 499996
390 531 1700073
515 578 1300033
439 583 499996
262 555 799993
187 289 2000103
264 494 599995
87 178 299998
631 669 1200023
270 616 1900093
130 566 599995
358 411 599995
184 470 1300033
177 449 1700073
65 651 799993
159 279 699994
194 419 299998
35 488 1600063
159 337 299998
565 668 1200023
295 525 399997
62 553 499996
199 534 1800083
550 697 499996
350 551 1300033
186 276 1600063
144 240 1200023
303 477 1800083
30 424 2000103
108 439 1900093
130 479 2000103
208 308 100000
472 496 1400043
223 549 399997
621 680 1700073
225 550 1900093
584 594 1200023
329 536 1200023
42 685 1800083
233 668 1800083
440 617 799993
92 520 1400043
48 507 399997
240 556 1300033
241 381 599995
189 207 1400043
131 632 199999
388 471 399997
107 118 899992
78 247 899992
388 442 1900093
118 534 1
391 668 100000
251 578 1600063
144 286 799993
227 692 1400043
229 314 1900093
129 131 1800083
26 120 1400043
47 242 199999
173 620 1200023
582 667 1800083
484 485 1200023
93 116 1300033
149 270 299998
281 598 1800083
106 180 1100013
445 671 1700073
404 545 499996
437 635 199999
6 129 100000
173 406 699994
235 529 1400043
465 614 299998
44 173 199999
2 359 1500053
145 596 1500053
96 354 1800083
159 392 1100013
194 394 1500053
158 647 199999
51 445 399997
326 632 599995
109 522 299998
441 534 1300033
394 546 599995
55 127 599995
121 351 1900093
125 373 1400043
209 664 799993
132 646 499996
304 549 1800083
98 550 1500053
386 395 1300033
58 529 1
53 655 399997
206 457 899992
162 366 1600063
60 671 299998
294 379 299998
333 685 399997
574 690 1300033
553 679 1100013
6 692 1700073
363 581 2000103
531 658 1500053
377 571 1400043
357 689 599995
415 452 1800083
93 419 1100013
163 629 899992
239 525 299998
53 299 299998
107 470 199999
618 636 499996
539 541 100000
600 631 799993
242 547 1100013
69 73 699994
69 221 799993
129 465 1700073
205 532 1900093
39 90 799993
550 607 1300033
370 583 499996
288 323 199999
57 63 599995
416 528 1500053
411 568 1
76 539 899992
59 508 499996
54 184 1600063
251 498 100000
177 353 1
116 587 1300033
83 194 299998
192 214 699994
51 287 1100013
142 658 1400043
14 350 1500053
220 538 1700073
62 95 799993
203 691 699994
46 155 100000
84 510 1600063
362 479 1200023
221 309 399997
1 520 1100013
641 684 1600063
73 412 1300033
157 580 699994
82 657 1100013
104 118 1200023
120 550 1800083
362 475 199999
181 253 899992
47 543 899992
56 525 100000
455 533 1700073
117 175 1200023
634 695 1600063
181 242 799993
250 378 1200023
257 386 899992
121 313 1900093
175 568 199999
447 507 1500053
9 189 799993
85 656 2000103
32 86 1800083
325 480 599995
372 514 499996
76 102 1100013
379 524 799993
183 210 599995
23 259 1900093
302 539 499996
259 515 100000
316 511 1100013
169 624 1200023
123 432 1300033
149 601 1200023
173 506 1600063
427 508 699994
121 370 1700073
280 571 199999
394 494 100000
512 516 1500053
270 697 1100013
445 470 1500053
407 609 100000
556 640 599995
304 410 1
562 635 100000
275 624 299998
16 204 100000
236 666 299998
207 593 1800083
300 451 1400043
163 588 299998
174 468 100000
104 634 1300033
23 43 100000
58 243 1700073
268 563 1700073
124 563 899992
260 528 899992
71 491 299998
374 474 799993
206 560 799993
78 401 299998
23 456 399997
408 570 1900093
124 663 1900093
559 655 2000103
295 663 1500053
645 687 1300033
346 400 299998
38 457 1700073
323 470 2000103
168 527 199999
433 514 1100013
611 673 1800083
519 565 1400043
6 56 100000
91 218 599995
307 504 1
453 575 1800083
233 336 1600063
396 578 1700073
377 644 1700073
106 613 1900093
277 371 699994
35 531 1800083
178 403 2000103
247 604 299998
192 567 1400043
147 385 1500053
328 424 1800083
295 485 1200023
317 611 2000103
176 434 199999
448 699 499996
3 477 1800083
382 517 899992
412 531 499996
408 664 399997
247 268 1900093
406 605 1700073
20 147 2000103
586 602 699994
633 657 299998
256 576 199999
427 684 1700073
418 579 1900093
619 675 599995
64 521 1200023
23 513 699994
150 544 1200023
264 323 1500053
417 655 1600063
72 492 1200023
369 445 399997
301 463 899992
169 204 1600063
99 307 599995
377 499 699994
79 265 1400043
46 265 299998
306 458 1900093
79 82 1200023
257 575 1300033
454 601 1600063
35 125 2000103
41 420 2000103
199 591 399997
227 341 1300033
6 193 1200023
421 499 599995
488 682 599995
285 521 899992
57 278 1200023
384 456 699994
247 385 399997
9 492 599995
279 678 1900093
516 642 1
240 672 1800083
12 410 899992
40 534 899992
419 438 899992
38 439 299998
492 502 1800083
390 396 1
87 306 799993
270 372 1300033
246 433 1900093
183 212 1900093
108 292 1100013
114 618 1700073
443 543 100000
16 421 399997
1 690 1500053
419 674 1600063
163 653 1800083
150 578 2000103
324 452 1600063
124 697 799993
450 604 1800083
105 254 1200023
275 651 1300033
128 573 399997
222 303 1300033
423 597 699994
214 273 599995
427 521 1100013
386 447 100000
45 183 1500053
27 123 499996
236 321 100000
265 400 1700073
401 626 299998
24 451 299998
120 217 1100013
456 543 1
348 550 299998
50 193 1400043
302 474 799993
497 553 1300033
250 473 799993
205 512 1700073
374 567 1700073
327 360 1700073
178 290 1900093
95 616 199999
205 407 399997
549 687 799993
641 664 1100013
265 356 399997
80 143 499996
95 319 899992
103 270 1900093
460 536 1400043
315 496 699994
216 457 1900093
339 599 699994
179 531 1800083
277 345 199999
173 509 1500053
76 560 799993
373 586 599995
8 73 599995
55 149 499996
149 257 1300033
140 184 1800083
228 245 199999
315 434 199999
370 411 899992
300 325 699994
344 561 199999
72 538 1200023
516 633 1100013
375 544 1200023
232 510 599995
473 620 1700073
337 517 299998
318 572 1100013
219 451 1900093
285 328 299998
28 689 699994
156 281 499996
373 653 899992
674 686 1700073
41 443 1800083
177 302 100000
89 378 1400043
86 376 899992
166 500 1400043
440 459 299998
234 292 1300033
348 434 699994
108 301 1900093
144 683 1800083
422 586 499996
307 566 1900093
209 585 599995
140 250 399997
243 352 1500053
77 300 599995
84 548 2000103
26 447 499996
47 694 1700073
9 597 1100013
365 429 599995
409 476 1700073
398 522 399997
428 620 799993
604 694 100000
156 552 1100013
23 533 1400043
228 266 2000103
6 373 100000
463 587 299998
323 685 1200023
576 683 1200023
256 676 1200023
291 455 1100013
412 541 499996
165 375 499996
237 347 399997
374 417 1900093
278 434 399997
360 505 199999
43 628 1600063
4 538 799993
9 210 1
146 270 699994
7 362 599995
151 417 899992
377 551 1900093
169 669 2000103
368 393 899992
414 675 1600063
10 573 1900093
215 635 1200023
285 371 100000
8 647 1
48 312 1300033
332 562 899992
49 413 299998
165 211 100000
72 322 1900093
24 361 199999
498 601 1500053
272 542 499996
552 589 1400043
112 120 599995
87 528 699994
8 442 1200023
369 593 1
139 695 299998
412 629 1700073
462 530 499996
41 442 1
420 583 1800083
69 509 1500053
269 691 1600063
63 526 899992
217 371 1900093
377 384 299998
477 535 1900093
327 550 799993
36 425 100000
163 212 1800083
426 567 199999
217 233 599995
293 401 1100013
423 557 1400043
333 385 100000
487 594 2000103
168 259 399997
493 631 499996
83 371 599995
181 665 599995
274 375 699994
512 688 1
144 170 499996
136 305 1
72 644 799993
36 350 1500053
328 500 499996
182 226 100000
275 625 1400043
634 656 1100013
383 466 1400043
40 91 1100013
176 180 1
433 511 799993
157 601 299998
667 682 199999
409 676 2000103
196 384 499996
440 555 399997
40 175 1400043
248 543 1200023
320 362 499996
304 655 299998
179 685 699994
187 366 1700073
154 571 699994
525 545 1
460 685 399997
47 144 1800083
63 572 399997
345 433 1100013
309 617 1900093
324 523 1300033
1 182 199999
101 356 1100013
281 604 499996
111 179 2000103
473 527 399997
75 570 100000
226 433 799993
161 343 1300033
55 326 799993
40 320 1700073
421 489 899992
157 175 499996
19 260 699994
481 537 399997
16 462 2000103
192 311 1800083
231 662 1100013
104 482 1300033
126 213 399997
54 529 1600063
25 697 699994
167 535 499996
149 661 2000103
249 430 799993
457 589 100000
46 616 1900093
52 358 1100013
456 645 299998
33 377 199999
231 365 1300033
232 554 199999
506 600 1900093
39 232 299998
267 487 2000103
88 373 1200023
366 404 899992
80 477 1
363 651 1900093
101 610 1900093
52 657 1900093
0 266 299998
590 675 1500053
23 152 1600063
290 539 1200023
36 688 1500053
514 646 1400043
325 610 1900093
449 681 599995
212 440 100000
288 396 1700073
208 526 1800083
77 490 1600063
154 569 100000
482 682 100000
123 506 1900093
42 699 1100013
200 644 799993
221 442 799993
35 419 100000
119 301 899992
13 268 599995
67 469 100000
339 347 2000103
551 629 1700073
301 451 2000103
311 434 799993
7 314 1100013
188 430 899992
85 128 1600063
167 679 100000
395 619 1700073
160 306 100000
301 676 599995
108 244 299998
469 495 599995
616 685 1900093
274 418 199999
14 509 399997
118 284 1200023
259 299 1500053
5 368 1800083
78 88 1500053
361 492 799993
108 532 399997
292 541 1900093
118 458 1200023
203 213 1800083
130 598 299998
70 86 299998
4 562 399997
423 566 1700073
60 459 1500053
440 665 1
158 656 399997
536 659 100000
144 365 599995
6 265 799993
87 524 1
172 639 1200023
52 546 1400043
76 549 499996
124 676 1900093
310 497 100000
117 598 1800083
398 505 799993
198 668 1400043
396 690 899992
77 234 499996
245 281 1200023
159 622 1700073
50 74 699994
109 640 1700073
224 388 599995
553 681 1100013
406 458 199999
348 689 100000
26 672 1700073
65 85 1200023
61 84 599995
134 505 1600063
640 665 299998
127 488 1500053
101 251 299998
549 649 100000
520 575 1900093
49 568 1500053
54 321 1400043
104 542 2000103
346 595 299998
190 648 1300033
356 376 100000
665 698 1200023
399 647 1300033
252 367 100000
45 125 699994
5 7 1600063
151 388 1700073
138 206 199999
33 305 899992
131 664 1
39 272 1300033
275 592 1600063
119 626 399997
203 480 1900093
172 320 499996
250 335 1300033
444 488 1400043
28 608 1500053
216 318 1400043
367 496 1500053
81 319 299998
424 561 899992
168 671 899992
209 584 199999
291 425 1800083
425 540 299998
558 619 1300033
79 193 1300033
307 370 299998
292 644 599995
270 634 1100013
55 433 1100013
314 666 499996
166 386 799993
21 208 1800083
15 672 1500053
145 338 1600063
260 554 1900093
311 383 1900093
574 662 399997
188 645 299998
43 128 599995
565 612 599995
215 645 1300033
151 163 1700073
446 570 499996
102 115 100000
245 699 1200023
91 590 100000
8 473 1600063
100 455 1800083
186 645 699994
409 680 699994
199 271 1800083
125 189 199999
276 587 1900093
190 487 799993
102 332 1400043
164 184 299998
177 583 2000103
322 359 1700073
230 440 799993
301 375 1300033
427 522 100000
555 645 1300033
322 664 1500053
427 669 199999
248 298 1900093
513 688 699994
167 690 2000103
122 538 100000
280 431 1
148 695 1600063
222 260 1600063
271 458 2000103
164 175 1500053
248 307 1700073
414 611 1
419 535 100000
605 641 1800083
11 166 1600063
35 181 1100013
51 426 1500053
62 173 599995
297 656 199999
8 667 2000103
48 129 1100013
113 536 499996
299 521 399997
44 155 599995
169 566 1600063
347 579 899992
344 460 1900093
56 310 2000103
119 292 1600063
39 574 1600063
144 555 1800083
607 610 299998
149 390 100000
586 658 399997
208 384 2000103
277 571 699994
59 183 1500053
120 208 399997
162 275 299998
209 431 1800083
89 358 699994
506 538 1300033
174 694 799993
190 691 1700073
80 504 1500053
386 520 699994
182 342 599995
214 593 599995
115 187 1900093
426 518 1400043
26 401 1100013
42 626 1
208 653 1300033
56 555 1700073
619 647 1100013
197 233 499996
312 552 299998
72 374 1600063
515 691 1600063
261 527 1
358 595 899992
119 520 899992
411 674 1400043
480 673 399997
127 596 1900093
396 673 100000
242 351 1900093
363 478 1500053
73 583 1
468 642 1200023
286 438 1700073
91 164 699994
584 651 799993
99 570 899992
247 697 1200023
115 663 1100013
518 620 1300033
160 476 1800083
500 655 1100013
160 486 1400043
80 448 1800083
247 370 100000
261 366 899992
24 593 599995
51 500 1
112 196 1700073
259 443 1
75 577 899992
462 614 1300033
347 627 1300033
171 628 699994
142 679 499996
266 410 1800083
66 511 1800083
261 584 100000
343 546 799993
82 508 799993
288 598 1500053
187 376 2000103
261 668 1900093
164 532 1500053
106 293 1200023
123 198 1800083
325 479 899992
394 659 1100013
161 424 1300033
523 588 2000103
89 386 1500053
17 679 1900093
323 564 100000
88 698 1800083
549 639 1600063
247 598 1600063
277 686 499996
414 469 1300033
214 473 2000103
579 660 499996
446 603 1300033
181 299 399997
360 463 1600063
90 379 1900093
210 211 1500053
584 654 100000
11 102 1300033
239 565 100000
173 529 1
109 267 399997
223 298 499996
10 512 1
577 697 1500053
291 518 1500053
10 645 1800083
155 421 199999
180 547 1400043
478 506 1
29 558 2000103
299 598 399997
141 422 799993
140 350 699994
187 604 1100013
171 437 1800083
374 612 699994
34 253 1
276 349 799993
28 464 100000
377 408 100000
325 341 1200023
580 663 1300033
39 411 1100013
491 669 899992
203 313 1600063
299 535 1300033
42 662 1300033
198 293 599995
177 246 100000
293 467 1700073
26 191 1400043
426 531 1600063
187 474 399997
276 489 1400043
135 305 1
269 457 2000103
12 553 100000
26 97 699994
113 114 1200023
220 383 399997
182 372 100000
322 435 1900093
544 624 1600063
112 510 100000
73 388 599995
113 418 1
25 258 499996
248 613 1700073
32 358 799993
60 430 399997
195 646 399997
88 374 499996
383 653 1100013
0 43 1600063
307 316 799993
163 407 1200023
344 608 799993
555 647 1500053
90 257 1200023
310 314 499996
105 337 499996
430 502 1600063
497 650 1500053
154 484 399997
467 603 699994
167 448 199999
489 612 1500053
149 210 1600063
364 605 1900093
51 308 499996
578 639 1400043
104 617 399997
68 682 1900093
201 509 299998
572 645 499996
201 451 399997
280 578 1500053
241 695 499996
164 633 599995
35 637 1500053
452 482 1400043
197 341 499996
330 404 1700073
601 605 799993
65 536 1100013
262 277 2000103
279 476 399997
134 318 100000
288 592 1900093
575 643 199999
214 452 299998
304 576 1900093
447 699 1200023
5 302 599995
4 282 1400043
85 422 699994
359 481 1400043
520 547 1800083
186 598 1400043
229 510 1
220 599 899992
15 102 1600063
259 286 100000
48 58 2000103
396 573 599995
396 630 1700073
376 548 1700073
143 415 1700073
69 422 699994
328 409 1500053
341 446 1500053
443 665 1200023
442 486 1400043
291 641 1400043
161 464 1200023
91 276 1
130 324 1700073
375 580 1
48 91 1300033
582 600 100000
223 537 699994
316 589 199999
64 436 499996
428 464 1700073
323 658 1
54 400 399997
231 260 199999
603 620 100000
98 127 1200023
352 601 1400043
36 478 1200023
65 180 499996
462 625 1900093
364 588 899992
97 476 599995
160 300 199999
475 641 699994
398 652 399997
488 517 299998
468 670 1100013
135 641 1300033
129 623 599995
235 636 499996
403 535 1500053
61 249 1200023
30 345 1500053
165 326 100000
140 583 1200023
123 265 2000103
265 310 1300033
0 483 699994
101 110 1800083
475 612 399997
116 361 1300033
291 437 1200023
371 617 1200023
245 607 1400043
67 649 1300033
12 197 1100013
247 411 899992
132 300 1400043
214 599 1500053
284 412 1200023
158 273 199999
68 114 1200023
174 395 1800083
74 262 100000
248 566 1100013
123 670 1400043
395 404 2000103
190 355 799993
24 120 699994
130 685 199999
451 673 1100013
373 670 1300033
158 178 399997
213 627 799993
328 397 699994
35 101 699994
286 467 1700073
305 568 1400043
148 489 1900093
514 516 1300033
354 600 499996
84 634 1400043
339 661 299998
169 339 1
435 478 1
13 623 699994
78 143 299998
93 179 1300033
137 514 1900093
411 461 1700073
75 484 599995
489 576 1300033
26 83 1400043
171 503 1300033
518 622 100000
516 649 799993
369 415 899992
243 583 399997
364 510 599995
155 642 2000103
594 696 599995
101 317 199999
146 540 899992
27 698 1100013
150 610 699994
229 245 499996
368 536 699994
215 368 899992
321 474 1200023
113 570 1100013
368 409 1400043
63 328 1300033
204 546 1400043
488 499 1
248 494 100000
687 695 1600063
61 500 299998
151 212 699994
251 456 499996
110 329 1700073
380 523 1700073
273 380 2000103
139 321 199999
436 494 699994
110 482 1800083
361 682 799993
195 269 1400043
502 698 1
117 191 1800083
5 259 699994
397 699 1800083
70 542 699994
320 560 1600063
209 351 1600063
229 352 1800083
112 334 799993
44 454 1500053
29 480 199999
50 114 1600063
69 151 799993
116 274 899992
35 463 2000103
386 427 1800083
404 566 599995
202 274 199999
9 648 899992
276 442 1
498 520 199999
15 148 1700073
18 154 1200023
225 543 1500053
62 202 699994
93 294 1700073
272 693 1900093
31 556 899992
260 576 1100013
314 606 1800083
259 507 599995
177 438 1600063
448 575 599995
392 422 599995
261 658 1400043
162 515 199999
109 601 299998
417 535 1200023
19 673 1800083
658 687 1500053
71 289 1300033
208 614 299998
102 481 1800083
237 621 299998
94 112 199999
216 699 100000
46 610 199999
357 381 1
519 665 1400043
219 369 1900093
358 361 1800083
331 621 1400043
434 592 299998
507 668 599995
32 597 1400043
212 465 2000103
335 693 1300033
132 558 1100013
67 242 1400043
91 187 1400043
418 543 799993
249 568 299998
223 403 599995
440 643 199999
256 457 1600063
392 619 1900093
470 599 1600063
78 671 799993
210 386 1900093
86 383 2000103
72 554 1100013
525 577 1700073
369 614 1800083
514 564 399997
257 497 299998
568 577 1500053
16 539 1400043
7 183 1700073
255 565 1800083
240 564 100000
9 69 1600063
106 415 199999
482 654 1300033
352 391 699994
86 203 1500053
199 613 499996
542 643 1500053
171 303 1500053
210 566 799993
221 262 1100013
315 343 799993
115 130 1900093
31 58 1
5 571 1300033
282 466 1
382 659 1500053
405 416 699994
84 640 1400043
32 424 1700073
155 570 199999
78 461 1300033
31 616 599995
485 613 1600063
287 521 1
318 584 1700073
109 353 1100013
68 111 699994
299 475 1800083
99 191 1400043
100 262 100000
92 363 1
255 302 1600063
380 396 799993
198 258 499996
231 578 1400043
278 365 599995
45 592 1900093
10 45 1800083
54 429 100000
103 344 499996
105 413 1
325 567 1500053
480 495 699994
190 474 1400043
406 462 299998
134 441 1
36 191 599995
397 528 2000103
194 483 799993
87 514 2000103
196 626 1300033
305 594 399997
316 428 899992
341 498 299998
192 602 699994
16 627 199999
25 450 499996
298 536 100000
30 524 1800083
198 636 199999
395 439 1300033
408 663 2000103
621 662 1100013
343 484 1100013
447 515 1200023
5 464 2000103
333 696 1400043
254 404 1300033
554 623 1900093
41 242 699994
413 528 1600063
246 446 1
176 227 899992
330 627 399997
25 334 499996
349 547 2000103
301 528 499996
505 506 1900093
471 681 1100013
156 394 899992
19 242 699994
5 547 1400043
71 589 1100013
47 620 499996
470 529 199999
13 574 599995
405 429 2000103
113 694 1800083
46 333 499996
206 517 1100013
268 574 499996
548 666 1900093
597 618 799993
261 329 1
412 475 2000103
53 500 199999
55 412 599995
149 599 499996
215 382 100000
494 540 1600063
152 190 2000103
137 399 899992
58 79 1300033
40 269 199999
372 492 100000
198 330 699994
190 459 1600063
486 644 1800083
487 579 1800083
242 274 2000103
125 645 599995
178 391 1
3 562 1400043
413 488 1100013
41 249 1200023
264 592 299998
87 119 1
223 558 1600063
328 514 799993
244 276 1600063
59 101 1100013
530 556 899992
156 392 1700073
305 588 599995
331 461 599995
550 640 1400043
109 493 1900093
207 638 1200023
75 672 699994
167 204 599995
93 154 199999
332 622 899992
483 488 699994
193 216 1800083
33 36 399997
424 593 799993
62 297 399997
245 286 299998
540 592 2000103
338 407 1700073
15 300 899992
429 627 699994
106 179 1600063
353 651 699994
230 244 299998
8 234 2000103
200 227 1600063
279 608 1700073
492 620 1400043
182 615 100000
318 563 899992
40 59 2000103
115 164 299998
126 389 1400043
252 480 1200023
109 253 799993
90 452 1600063
303 370 899992
421 437 299998
42 234 2000103
285 369 1600063
490 598 1600063
178 535 899992
84 594 899992
38 120 1300033
560 610 1100013
416 554 599995
28 350 1200023
86 201 2000103
343 580 1300033
369 510 1700073
148 197 1100013
97 427 1700073
347 353 1
19 266 299998
15 540 599995
363 377 1300033
123 401 1800083
123 148 1600063
253 636 899992
99 523 1300033
226 617 1700073
284 552 499996
69 76 1600063
33 349 899992
111 304 1500053
201 673 199999
136 623 299998
112 286 499996
149 293 1200023
222 317 1600063
33 586 1900093
293 358 699994
596 678 599995
205 416 399997
119 607 1100013
1 370 199999
628 682 899992
137 274 1800083
53 531 499996
223 273 799993
81 452 1500053
417 675 100000
237 299 1400043
93 596 1300033
80 135 2000103
36 563 1100013
232 645 199999
79 277 899992
144 256 699994
335 509 1500053
62 612 1100013
141 479 100000
67 152 699994
226 579 199999
178 362 1600063
47 586 1900093
448 661 1300033
229 456 699994
71 463 1900093
313 352 100000
98 106 1700073
306 428 299998
449 531 1
208 399 100000
225 383 1200023
14 430 699994
226 358 1900093
264 454 1200023
21 580 299998
28 229 1100013
183 237 399997
211 388 899992
156 298 1700073
361 503 299998
238 638 599995
63 290 1600063
504 569 1800083
62 580 899992
63 310 1900093
142 561 1200023
79 516 799993
125 206 1700073
283 300 499996
355 472 399997
529 669 2000103
173 572 1
69 201 299998
114 619 499996
35 251 399997
83 266 499996
377 401 799993
120 356 399997
13 560 1600063
277 278 799993
79 429 199999
176 452 2000103
266 634 1300033
64 514 1600063
92 489 199999
473 646 1900093
331 667 100000
153 528 899992
231 272 1400043
90 219 299998
135 541 1500053
156 202 899992
295 349 100000
54 497 1
446 534 2000103
276 631 299998
369 592 299998
140 511 1800083
41 283 100000
87 529 1800083
335 405 1600063
52 266 1500053
246 495 1500053
203 265 1100013
390 519 2000103
176 670 1800083
176 339 1400043
232 558 1
27 137 299998
145 633 1
379 646 1
116 487 1800083
325 644 1700073
312 642 899992
138 621 199999
156 461 499996
351 500 399997
379 406 1700073
266 610 1400043
61 494 1100013
431 686 1800083
159 607 399997
489 550 199999
59 166 1100013
422 581 399997
239 505 1600063
97 540 599995
175 490 100000
30 580 1900093
526 601 1800083
291 481 1200023
12 388 399997
41 686 499996
205 500 1900093
68 90 1100013
11 590 100000
401 659 1200023
459 649 1600063
303 342 599995
84 626 799993
26 205 1200023
473 589 1400043
122 537 1500053
310 611 799993
282 339 2000103
52 586 799993
157 330 1600063
158 636 299998
330 370 1100013
387 483 1
243 556 699994
404 510 1200023
209 514 599995
551 609 1700073
575 604 399997
208 656 199999
107 281 899992
339 544 1800083
561 644 1
103 569 1400043
292 335 1800083
37 75 1300033
259 265 1600063
173 674 100000
172 325 599995
24 318 1300033
296 495 399997
7 503 1800083
156 485 1600063
55 305 1400043
260 644 299998
110 182 499996
119 637 1200023
244 296 1700073
201 400 699994
267 275 1200023
520 627 1500053
280 690 2000103
465 513 699994
562 600 499996
95 666 100000
19 191 499996
20 488 399997
362 593 1
100 545 1
487 620 1
71 332 899992
212 244 1600063
462 486 699994
110 459 1
121 171 1500053
32 173 1600063
551 641 1900093
283 496 100000
464 501 1800083
182 692 1600063
145 157 2000103
403 679 699994
51 440 1400043
51 558 100000
22 243 1400043
390 650 1200023
336 553 100000
318 592 499996
445 606 100000
45 219 2000103
43 676 799993
71 214 1500053
313 345 299998
121 338 1100013
102 483 599995
50 237 1200023
408 436 1400043
545 656 899992
182 582 1800083
476 693 899992
385 628 1
101 370 1300033
133 239 1900093
46 561 100000
75 76 699994
293 458 100000
44 619 1600063
230 488 1600063
98 364 1800083
107 170 499996
173 614 599995
187 467 1700073
460 584 1400043
316 490 299998
276 693 1400043
225 684 799993
373 516 699994
77 419 1800083
390 417 1200023
360 622 599995
611 659 1200023
322 327 599995
111 180 499996
429 578 699994
442 631 1300033
380 559 100000
43 647 1800083
352 492 1800083
193 196 2000103
305 422 1900093
106 272 100000
20 681 2000103
159 470 799993
26 220 199999
346 694 599995
33 224 899992
64 598 2000103
121 372 1100013
58 449 1600063
334 692 799993
244 350 2000103
227 256 299998
343 668 1200023
144 280 599995
172 210 1100013
113 275 100000
174 577 100000
61 683 1600063
134 437 1800083
217 467 499996
35 212 1700073
285 327 599995
323 432 1400043
257 423 299998
395 483 899992
117 150 699994
296 603 1100013
485 553 799993
33 418 2000103
4 166 100000
94 205 100000
49 208 1800083
278 538 499996
431 487 1300033
123 646 199999
53 437 100000
111 663 1800083
101 601 299998
131 264 299998
86 324 1200023
152 655 2000103
200 397 1100013
295 625 499996
75 270 599995
389 693 1200023
1 515 599995
316 612 399997
120 337 1500053
392 628 899992
196 695 899992
321 627 599995
307 428 1400043
471 479 299998
16 179 799993
195 247 2000103
100 328 199999
105 315 1800083
582 653 799993
493 613 1200023
248 424 1700073
466 665 1300033
570 587 1200023
442 561 899992
351 378 1200023
375 407 399997
384 402 1800083
315 393 599995
125 545 1300033
206 403 1400043
57 229 1800083
146 198 2000103
334 521 1900093
152 483 1200023
170 605 1400043
214 342 1800083
364 665 1400043
107 412 1100013
116 184 1600063
630 677 399997
216 683 1700073
33 193 299998
243 355 1200023
373 552 1300033
34 353 199999
346 648 199999
22 297 499996
483 531 1700073
18 416 100000
453 528 799993
70 294 699994
334 575 199999
49 535 799993
60 615 1500053
103 459 799993
417 527 1800083
255 480 1400043
193 538 599995
142 695 799993
220 314 199999
49 524 2000103
537 614 399997
71 176 599995
126 408 1700073
314 426 1800083
109 210 1200023
163 497 1700073
249 349 100000
153 457 1100013
59 142 699994
63 569 1100013
86 222 1900093
342 430 1500053
66 452 699994
261 368 599995
458 630 499996
173 400 100000
129 575 799993
371 509 199999
517 679 1800083
104 152 1200023
63 244 1500053
168 175 2000103
227 231 399997
246 507 799993
303 695 1300033
547 692 1
203 283 1700073
528 632 299998
169 282 399997
392 455 1100013
354 518 1700073
368 671 1400043
334 684 1500053
369 437 1900093
328 656 1600063
177 604 1800083
115 639 1800083
1 608 100000
547 629 100000
160 617 1700073
568 687 2000103
405 490 1700073
75 316 1100013
171 521 100000
314 371 1400043
414 588 1200023
354 655 1500053
452 594 1300033
139 206 1600063
428 593 1900093
495 690 100000
604 687 1600063
172 574 799993
383 681 1400043
343 561 799993
489 575 799993
354 511 1200023
28 136 1900093
38 463 1600063
40 329 1500053
167 353 1100013
133 453 1300033
331 344 1100013
198 449 199999
277 463 1300033
285 595 100000
425 439 1800083
19 443 199999
130 330 1
58 128 1200023
214 348 1500053
22 193 1600063
549 693 1
44 248 399997
121 688 1400043
255 476 1900093
646 652 1500053
46 559 1800083
531 581 399997
307 646 399997
245 646 799993
237 466 799993
274 429 499996
115 580 199999
439 663 1700073
432 699 1600063
3 455 1200023
46 457 1200023
291 463 1400043
15 504 399997
540 563 299998
481 496 399997
137 163 100000
162 279 1200023
175 329 299998
489 624 100000
81 179 1100013
196 656 399997
339 630 799993
523 616 699994
86 470 899992
582 608 599995
411 615 1300033
172 348 100000
206 219 1600063
23 293 1200023
6 552 2000103
234 366 199999
252 664 1800083
8 660 1400043
392 561 1900093
86 626 199999
213 612 199999
14 341 599995
73 555 199999
581 692 799993
356 625 399997
240 567 2000103
504 602 1200023
15 474 299998
202 601 1800083
374 376 1300033
498 507 199999
415 447 1500053
105 429 1800083
115 401 199999
559 583 100000
549 636 1700073
169 214 499996
403 645 2000103
179 581 1500053
480 628 599995
22 418 1900093
111 220 1100013
110 174 199999
16 302 699994
42 171 299998
8 311 100000
560 632 199999
214 635 1800083
377 582 1500053
152 579 699994
49 176 1300033
149 184 699994
329 477 1700073
56 152 1100013
253 295 1600063
464 546 1200023
61 75 2000103
105 534 899992
501 516 599995
447 463 499996
431 445 1200023
261 400 299998
165 490 499996
67 196 299998
170 295 1800083
129 147 899992
161 180 1700073
37 398 799993
401 409 1800083
363 421 1
335 542 1800083
289 564 1100013
100 218 1300033
297 663 599995
395 509 1700073
215 345 1
188 628 1700073
357 596 199999
77 240 499996
149 455 1500053
592 687 1200023
272 420 2000103
78 147 499996
130 315 1700073
282 310 1800083
17 216 299998
479 537 100000
630 673 599995
593 637 1600063
294 515 1400043
399 569 1800083
384 444 1200023
454 520 1
51 160 299998
108 324 100000
47 365 199999
17 671 1300033
47 117 1800083
241 425 1
186 532 899992
105 524 100000
579 677 1600063
313 398 799993
37 162 799993
156 354 1600063
517 673 599995
166 368 1
400 502 2000103
139 672 399997
88 494 1300033
339 541 1600063
284 351 1500053
380 634 1700073
303 497 1800083
63 630 699994
228 630 2000103
628 694 199999
281 432 399997
387 553 699994
185 675 1100013
316 556 499996
132 270 599995
85 232 299998
293 416 1500053
9 690 1500053
144 474 2000103
119 631 699994
200 242 2000103
535 627 1100013
287 319 1600063
123 369 1100013
34 687 1300033
254 694 599995
170 563 2000103
90 133 199999
289 503 1500053
384 667 1
276 649 1300033
447 505 499996
9 520 799993
131 644 1300033
227 283 699994
98 584 100000
404 619 1800083
185 208 1800083
409 431 1200023
294 471 499996
175 245 1900093
24 534 1400043
186 292 499996
28 452 2000103
522 621 299998
179 224 1200023
217 649 100000
213 313 1600063
326 478 399997
385 532 499996
319 659 1800083
52 681 1200023
318 644 699994
340 586 2000103
19 28 1800083
346 568 100000
6 570 1200023
87 270 199999
449 613 299998
357 659 599995
69 268 1500053
107 634 799993
37 675 1300033
211 260 1700073
510 567 100000
238 279 1700073
136 327 599995
386 508 299998
5 584 399997
562 592 1300033
24 182 599995
38 443 1600063
450 693 1100013
107 695 299998
235 319 1800083
626 649 299998
385 458 1600063
165 281 1500053
90 437 799993
393 417 599995
473 483 1400043
466 662 799993
311 533 1300033
39 521 199999
163 547 199999
340 393 1500053
362 435 1
426 499 1
328 592 799993
39 63 899992
250 669 1500053
195 520 1500053
255 557 599995
158 437 1400043
256 543 1300033
342 648 799993
314 392 699994
152 305 1900093
592 671 799993
264 528 299998
365 652 1600063
470 490 499996
388 660 100000
182 246 399997
298 623 699994
419 519 699994
2 101 1300033
92 137 1800083
348 499 1400043
60 433 199999
464 482 1200023
65 418 599995
252 536 1900093
38 311 299998
159 165 399997
258 629 1800083
306 625 1200023
363 390 899992
68 450 199999
465 684 499996
180 593 399997
73 293 1100013
271 570 1700073
102 233 1900093
315 546 1700073
253 416 599995
132 511 899992
640 695 599995
126 525 1700073
25 489 1400043
282 599 399997
590 609 2000103
74 550 1
120 172 1700073
147 669 499996
378 646 1500053
398 510 299998
296 642 1600063
258 463 100000
94 165 1300033
39 479 1800083
181 210 899992
111 469 1500053
57 567 100000
262 476 399997
177 191 1800083
179 213 599995
283 672 1
490 584 1
0 74 1600063
262 600 1800083
95 411 1100013
421 647 1600063
375 678 100000
183 214 1600063
522 669 799993
215 295 399997
8 236 1400043
123 409 1900093
0 691 199999
34 63 2000103
48 173 599995
68 681 899992
222 440 2000103
316 369 1400043
360 438 1300033
673 678 199999
260 588 799993
191 536 1500053
343 590 299998
22 614 2000103
268 558 1800083
192 463 1800083
112 266 699994
106 451 100000
303 448 1700073
289 346 2000103
88 312 1900093
198 525 1400043
353 499 299998
318 630 100000
48 478 1700073
161 430 699994
423 592 599995
92 407 699994
115 691 699994
104 610 1400043
500 619 1400043
284 644 699994
505 553 1
496 497 699994
73 671 399997
110 237 499996
62 635 699994
6 490 199999
109 314 1600063
53 530 1600063
573 574 1900093
55 87 899992
21 680 299998
365 602 1100013
392 686 599995
269 595 1300033
291 434 399997
29 54 1900093
557 632 1900093
18 222 399997
17 694 1500053
239 492 1900093
192 582 699994
131 667 399997
337 530 1800083
176 199 1900093
139 304 399997
26 646 499996
409 449 599995
360 388 399997
326 337 1100013
591 600 199999
431 617 1500053
277 479 799993
267 615 1100013
41 428 1300033
12 189 1300033
144 274 199999
301 340 1100013
18 278 299998
14 630 100000
306 473 100000
135 617 199999
440 674 2000103
426 690 599995
14 393 1700073
47 64 299998
91 589 1700073
448 579 1600063
296 466 1100013
117 165 799993
48 229 2000103
236 269 2000103
600 601 100000
586 676 1700073
1 501 799993
134 189 1800083
271 609 599995
2 490 1
266 280 299998
123 632 899992
166 299 699994
175 209 1500053
138 588 1600063
78 201 799993
173 547 1500053
19 558 100000
355 680 899992
158 633 1500053
30 170 1100013
190 612 1900093
195 581 1300033
188 196 1900093
10 189 100000
243 387 699994
58 186 1900093
209 488 1800083
174 392 899992
328 676 699994
385 531 699994
379 672 199999
586 597 399997
81 419 599995
551 638 100000
313 486 299998
433 531 1200023
0 237 299998
191 355 599995
118 696 599995
332 547 1400043
238 504 1
190 208 1300033
508 628 599995
197 460 1900093
108 424 799993
333 454 1600063
128 354 1400043
99 260 599995
525 557 599995
10 79 1100013
74 503 1800083
291 344 2000103
110 537 199999
157 207 199999
281 511 1600063
400 691 1300033
312 416 1
121 663 599995
306 457 399997
453 591 499996
562 684 1200023
344 473 1800083
535 651 100000
58 385 499996
426 630 2000103
95 198 399997
232 528 1300033
6 573 599995
9 416 1800083
107 258 1100013
33 449 199999
352 654 299998
369 569 1100013
203 399 1500053
162 667 1700073
73 420 2000103
77 452 399997
504 660 1500053
285 661 1900093
9 374 1900093
14 81 599995
199 622 499996
289 506 1
58 407 399997
309 660 399997
52 304 1300033
409 469 1400043
475 501 1
24 625 1300033
246 308 1300033
128 341 399997
200 693 2000103
119 308 1700073
336 623 1500053
169 274 899992
418 507 1600063
471 616 1500053
97 310 799993
47 187 1500053
180 188 1600063
189 542 799993
382 655 1300033
22 619 799993
245 257 1200023
369 564 499996
152 563 699994
120 227 399997
171 485 1700073
1 330 199999
372 623 1800083
107 516 1500053
415 481 599995
152 286 299998
166 320 399997
11 534 2000103
11 112 1200023
144 404 1100013
320 449 799993
444 646 299998
553 660 199999
125 331 199999
591 653 199999
99 438 1
103 620 1100013
33 692 1100013
60 140 2000103
123 133 599995
96 556 599995
64 114 1300033
155 266 1
9 332 299998
69 376 199999
37 305 100000
25 485 299998
99 305 1300033
322 483 1800083
72 519 2000103
50 584 1400043
190 626 100000
139 393 1700073
387 665 1400043
441 508 299998
253 284 1200023
93 352 699994
359 670 1700073
241 690 299998
77 625 2000103
72 397 499996
389 638 1900093
49 602 1
65 204 199999
600 655 899992
400 660 599995
451 680 1700073
207 434 899992
196 211 299998
473 569 2000103
252 466 1200023
446 623 1100013
37 513 599995
127 505 2000103
96 138 1
56 533 1100013
241 327 1200023
369 470 2000103
20 231 199999
481 602 1300033
430 611 1200023
133 243 1700073
71 315 199999
395 442 1800083
42 501 1200023
178 238 299998
90 244 1600063
115 680 299998
35 478 1800083
537 651 199999
480 592 399997
216 280 1
175 319 1600063
43 103 299998
204 611 1200023
136 448 1900093
266 576 799993
47 415 1400043
36 512 199999
277 367 1600063
103 485 499996
634 686 1800083
142 537 2000103
419 420 499996
253 624 1900093
286 386 799993
374 519 599995
194 560 1100013
334 613 1
27 87 1200023
146 168 399997
543 559 1300033
202 241 100000
57 192 1400043
17 568 1
147 349 1100013
143 612 799993
188 614 699994
27 317 1
163 259 899992
143 300 499996
280 477 1700073
476 498 399997
15 596 1400043
340 544 399997
31 538 1100013
188 649 1600063
219 402 2000103
110 590 1200023
460 691 1200023
207 614 1900093
88 201 1100013
357 470 799993
80 350 1200023
402 425 1300033
289 618 1400043
12 261 1900093
271 322 1800083
484 490 1600063
384 660 1500053
327 593 1700073
25 529 699994
347 414 599995
450 610 299998
281 675 2000103
491 569 399997
276 333 1500053
489 505 199999
206 288 1700073
333 438 1500053
128 655 799993
157 676 1300033
176 677 199999
324 453 1
245 493 199999
334 679 399997
176 639 499996
96 170 1400043
220 580 599995
170 188 2000103
112 426 1300033
69 145 1
91 513 899992
144 208 399997
3 613 399997
253 658 2000103
351 670 799993
306 667 699994
501 672 1400043
137 418 1100013
351 416 699994
17 184 699994
397 465 1900093
435 656 1700073
17 515 1700073
136 141 1
96 107 2000103
423 633 199999
581 644 799993
226 344 1500053
284 589 1600063
479 640 799993
78 413 599995
116 145 399997
70 104 199999
463 523 399997
22 244 1700073
156 220 299998
470 478 399997
269 281 1500053
40 572 799993
507 689 799993
91 371 1800083
25 688 2000103
685 689 1700073
559 606 699994
589 594 1100013
490 692 2000103
241 284 100000
17 494 1200023
270 431 1500053
29 601 799993
180 476 1800083
87 626 1500053
180 475 1200023
54 612 399997
250 404 399997
53 363 1800083
214 288 1200023
333 496 1800083
57 349 1600063
272 385 1100013
279 662 199999
354 482 199999
37 48 1900093
171 337 599995
32 432 100000
100 220 699994
144 353 2000103
37 50 1700073
35 440 299998
333 409 699994
4 7 899992
26 259 1500053
