EDGELIST
800 3200 2 75205246
81 95 300031
84 596 700071
180 430 200021
115 580 800003
202 565 100011
494 669 800003
101 794 200021
8 403 900002
162 521 100011
6 385 600005
406 592 700071
522 618 900002
560 782 800081
487 741 600061
351 612 1000001
141 251 900091
441 714 300031
423 547 500051
238 305 900091
162 367 700071
144 196 700071
614 679 800003
108 384 1000101
293 516 800081
526 605 300008
107 262 400007
58 525 500006
168 388 400041
483 551 800081
424 480 100010
378 609 100011
19 743 800003
400 683 1000001
39 690 200009
255 434 600005
106 173 600061
661 702 200021
221 599 700004
288 652 1000101
330 579 400007
283 508 300008
344 384 300008
4 16 600005
154 570 400007
464 625 400041
243 556 300031
128 765 600005
681 783 400041
255 344 800081
466 675 300031
542 665 100010
266 705 700004
320 734 300008
646 756 500051
460 597 900091
235 701 500006
75 368 800003
20 255 900002
236 640 700004
551 593 1000001
22 736 700004
163 307 200021
284 408 400041
401 707 200009
289 535 100011
155 546 900002
209 743 200009
568 649 700004
442 638 800003
261 424 800003
203 683 700071
151 474 100011
419 581 600061
135 517 800003
21 398 900091
293 762 500051
71 620 100010
17 191 800081
101 102 800081
36 693 300008
675 737 300031
213 727 500051
218 599 600061
462 682 900002
20 647 500006
13 675 900002
21 51 1000101
22 118 900091
1 277 200009
708 721 400041
455 692 100011
300 691 800003
183 609 1000101
663 684 400041
137 746 800003
227 615 300008
78 713 400007
667 782 800081
21 523 700071
494 580 1000101
453 612 1000001
81 219 400007
23 116 400041
360 775 500006
695 703 300031
265 340 1000001
46 640 100010
228 743 600061
145 626 300031
211 593 300008
432 647 400007
21 131 400041
459 760 600005
86 726 800003
409 422 400007
74 481 200009
240 570 600061
26 778 1000001
189 608 900091
195 472 900091
121 409 600005
311 533 700071
401 721 300008
693 788 300031
39 738 700004
73 515 300031
276 697 300031
140 226 700071
153 658 1000101
58 304 600061
22 333 200009
248 625 1000101
640 651 400041
271 736 400041
2 777 500006
12 543 200021
148 325 800003
376 670 500006
163 454 400041
38 357 700071
16 557 800081
72 96 400041
219 793 100011
689 722 800003
372 739 300031
202 757 800003
387 445 300031
711 714 1000101
140 184 800081
571 781 800003
209 531 800081
390 422 400041
189 403 500051
461 728 600005
160 602 500051
387 442 900091
594 747 700071
6 393 200021
421 688 400041
134 646 1000001
227 661 800081
61 119 200009
262 647 400007
322 627 400007
524 528 500051
59 667 500006
15 91 500006
205 669 400007
234 406 600005
204 354 300031
118 161 100011
30 133 600061
143 164 400007
280 643 300031
58 726 900091
190 578 900091
462 554 900002
641 783 900002
500 529 600005
85 728 600061
539 608 600061
271 507 1000001
15 430 900091
213 463 300031
530 566 100011
144 322 700071
235 392 800081
189 345 900002
700 785 700004
258 285 600061
66 654 1000001
253 299 1000101
258 498 200009
169 473 100010
71 737 800081
444 453 500051
136 469 1000101
93 149 200021
234 608 1000101
81 338 400041
404 589 100010
181 509 200009
151 688 700071
63 438 600061
421 647 600061
597 788 800081
61 334 300008
66 399 300008
425 440 700071
332 360 800003
317 359 1000001
33 185 900002
277 325 1000101
331 392 1000001
53 160 800003
473 482 300008
257 492 400041
344 639 700071
311 671 900091
56 665 400041
179 531 800081
219 681 700004
578 708 200021
662 766 200009
112 388 600005
150 378 200021
334 562 200009
40 150 600005
224 623 300031
173 748 100011
479 698 600005
89 249 900091
12 399 100010
421 695 200021
97 365 900091
290 692 1000101
327 382 500006
407 765 200021
76 89 400041
444 772 200021
181 298 800081
62 75 800003
288 371 100011
129 718 300031
121 485 400041
18 416 900002
191 441 400041
204 641 800081
650 700 200021
420 555 800081
538 567 700071
159 506 300008
25 537 700071
179 471 700004
16 291 600061
81 99 600005
218 412 1000001
36 536 800081
534 593 200009
50 779 600061
512 794 800003
432 700 600005
18 133 200009
80 446 700071
231 525 800003
120 254 700004
33 103 100011
269 494 600005
194 783 200009
298 356 1000101
410 478 700004
267 353 900091
81 263 300031
149 157 300031
99 271 800081
747 795 1000101
347 354 600005
129 669 1000101
265 578 400007
560 771 1000001
79 584 500051
316 430 1000001
231 395 500006
408 598 100011
127 256 100011
158 432 200009
443 660 100011
153 636 100010
490 786 400007
42 362 300031
105 153 1000001
31 451 200009
177 491 800081
89 768 300031
369 379 400041
21 602 200021
39 420 500006
105 541 900002
214 409 600061
84 564 400007
4 262 600005
200 646 700004
563 591 400041
55 700 100011
443 689 900002
91 508 300031
81 495 900002
691 799 1000001
469 548 1000001
224 468 500006
691 764 300008
386 632 700004
88 325 1000101
519 601 900091
159 738 900002
339 578 900002
475 719 400007
547 755 200009
232 409 700004
73 193 100011
227 741 200021
91 218 500051
575 790 900002
70 444 500006
175 190 200021
509 714 900002
161 356 500006
290 513 800003
166 236 1000001
447 664 700004
404 616 800081
251 784 500051
82 704 400041
138 527 100010
143 578 700004
463 586 400007
15 578 300031
201 797 1000001
434 623 200009
264 459 400007
189 473 500051
43 730 900002
186 229 300008
393 485 200009
453 791 600005
18 218 800003
288 776 300031
522 531 1000001
69 557 500051
277 561 1000101
484 587 200021
493 579 1000101
385 469 400007
697 723 300008
83 117 600005
176 334 1000001
20 783 700071
168 275 1000101
326 547 500006
150 620 700004
457 746 400007
358 697 200009
218 284 700071
4 411 900091
341 422 100010
304 570 400007
29 750 600061
195 485 200021
263 292 1000001
7 343 700004
71 147 300031
553 625 100010
206 336 700071
198 346 1000101
10 272 300008
305 406 700071
265 320 1000001
176 796 500006
185 243 500051
69 716 400041
154 519 600061
100 340 700004
141 290 500051
405 785 200021
333 442 300031
405 527 1000101
658 786 900091
437 490 200009
580 590 1000101
218 360 1000001
145 478 900002
590 597 900002
222 573 400041
100 288 600061
523 586 700071
440 575 400041
149 184 300008
526 757 400041
78 105 700071
375 706 200009
633 711 300031
447 737 600005
105 629 800081
387 714 100010
221 612 800081
416 562 1000001
312 469 800003
172 182 900002
331 607 1000001
3 277 800081
300 396 300008
257 489 400007
81 221 600005
32 322 100010
273 721 700004
76 749 300031
507 670 800003
270 552 400007
200 764 900091
229 737 1000001
372 480 800081
489 611 700004
30 96 700071
56 606 900002
190 720 300031
152 178 700004
451 684 300008
207 489 400041
485 704 700071
20 740 700071
474 612 300008
198 223 500006
109 504 700004
352 514 300031
363 410 800003
188 373 400007
346 507 400041
163 527 1000001
173 517 400007
46 459 800081
314 637 100011
486 634 800081
86 220 200021
85 308 800081
161 558 400041
264 369 500006
70 480 1000001
227 489 500006
551 783 400041
239 295 300031
125 310 500051
311 608 300008
43 214 600061
127 529 400007
135 641 200009
149 618 700071
602 678 400007
435 696 200021
450 710 500006
112 726 300031
588 666 900091
477 689 700071
122 468 900002
272 770 400007
445 571 700071
268 659 600005
308 782 200009
224 425 900091
456 776 100011
294 759 200021
303 691 300008
450 780 200021
649 757 600061
181 282 300008
5 284 700071
96 367 700004
581 669 600061
758 779 300031
499 770 400041
471 575 200009
162 752 900091
145 746 200009
124 150 400041
239 609 900091
21 256 900091
273 420 1000101
273 588 200021
37 787 800081
117 226 700071
519 687 1000001
591 694 400007
135 525 800081
33 94 100011
717 731 500051
152 190 600061
530 603 400041
55 679 400041
75 187 700071
233 611 1000001
310 609 100010
603 671 500051
190 759 600061
88 670 1000101
546 559 600005
245 277 800003
493 593 500006
58 368 1000001
121 570 700071
201 378 200009
139 192 900091
170 493 1000101
401 658 600061
330 536 500051
579 697 1000101
527 592 600005
214 533 600005
573 585 300008
462 662 500006
0 660 500006
554 590 600061
126 425 700071
242 708 200021
300 398 700004
13 463 900091
359 524 300031
70 336 1000001
55 744 400007
516 553 400007
539 748 400007
24 151 700004
435 512 600005
168 585 1000001
16 17 700004
35 644 100011
338 395 300008
41 250 700071
701 759 100011
609 764 200009
115 295 600005
6 248 700004
572 661 700071
1 472 600061
720 724 300008
207 727 200009
320 349 400007
189 502 1000101
260 585 200009
6 146 600005
448 694 800081
193 635 800003
28 278 100010
258 564 800003
279 637 900002
3 369 400041
92 630 700071
344 569 600061
16 187 800081
267 582 200021
585 747 500051
188 437 700004
250 358 200021
97 118 200021
286 456 700071
278 788 800003
371 694 400041
118 497 200009
259 465 800003
15 391 300008
16 366 300031
275 541 700071
127 335 900002
64 401 400041
364 614 200021
255 680 100010
360 799 400007
134 291 600005
169 664 500006
428 500 800003
295 755 400041
542 779 100010
45 472 300008
404 502 800081
205 209 1000101
424 664 400007
180 211 500006
518 583 700004
452 546 800003
215 511 600061
405 622 1000001
264 792 700004
201 326 500051
79 729 800003
77 454 400041
132 327 700071
49 421 500051
596 644 400007
180 366 700004
260 363 600061
656 744 300008
660 681 400041
109 510 200021
214 593 800003
406 647 300031
603 774 800081
295 788 700004
130 745 900091
399 435 300031
196 598 800003
87 724 1000001
279 338 300008
364 727 700004
92 453 1000101
742 782 400007
47 545 500006
136 733 300031
33 123 400007
58 570 500006
234 762 300008
95 327 900002
423 785 700071
152 314 400007
100 645 200021
308 695 600005
601 775 400041
213 368 800003
210 338 800003
203 763 600061
574 592 100010
233 497 400041
189 418 800081
310 760 800003
60 481 900002
234 248 300008
161 564 200021
108 744 600005
400 592 400007
110 343 200009
239 377 400007
258 553 100011
247 490 500051
276 771 400007
479 577 800081
541 712 500006
354 574 400041
432 585 900002
273 706 900002
23 738 300031
123 765 700071
179 658 700004
16 294 100011
445 455 300031
199 644 600005
694 740 200009
251 615 500006
115 118 300031
76 160 100011
10 229 700071
8 588 900002
329 704 300008
563 728 300031
93 412 800081
369 574 100010
183 399 900091
38 362 1000101
108 510 1000001
250 613 400041
667 770 700004
7 559 400007
5 264 900091
308 732 1000101
608 647 600061
61 463 300031
39 211 500006
98 364 800081
77 552 600005
93 386 600061
224 268 300008
551 674 400007
224 532 700071
647 673 200009
169 614 500006
176 193 400041
51 400 300008
666 727 600061
122 702 100010
342 431 300031
601 615 800003
473 783 900091
656 716 500006
25 71 100010
400 661 1000001
449 710 700071
35 702 800081
63 472 600005
508 514 500006
93 580 600005
114 442 800081
375 568 200021
7 534 100010
125 770 200021
412 528 500006
170 174 400041
487 504 600061
59 545 700004
327 713 200009
96 320 1000001
122 141 200009
158 232 800003
245 688 300031
249 636 200021
230 544 700004
505 707 600005
464 665 400041
443 517 900091
284 783 1000101
202 256 100010
604 608 500051
159 186 900002
89 410 100011
499 709 100011
474 729 500006
244 787 200021
88 463 700004
386 431 400041
74 744 800003
61 584 400007
176 339 500006
178 226 400041
275 551 100010
614 664 300031
382 639 500006
522 527 400007
389 510 600005
3 123 400007
779 795 200021
160 286 400041
685 727 400007
365 525 700004
270 442 900002
260 508 1000001
593 656 200021
232 614 100010
477 657 500006
554 729 900091
242 331 100010
149 199 500006
245 486 700004
40 134 100010
263 492 800081
114 364 500006
179 639 800081
552 626 600005
703 735 300008
584 594 200021
8 12 600005
407 754 1000101
650 786 900091
287 399 100010
391 492 900002
87 290 100010
460 519 200021
61 144 900091
33 790 800003
576 699 400007
70 730 100011
65 676 1000001
437 470 900091
493 597 700004
297 654 200009
252 267 900002
313 414 500006
203 254 900091
164 573 200021
147 461 500051
28 43 400007
135 292 500006
305 737 900002
224 261 800003
384 474 500006
284 326 200009
527 538 300008
91 589 700071
303 795 1000001
334 578 600005
7 670 900002
74 608 300031
733 746 500006
315 460 500051
399 492 200021
127 137 400007
18 285 900002
51 558 900002
151 612 300008
303 323 800003
53 788 600005
229 292 500006
604 762 900002
91 171 800081
159 707 600005
62 197 600005
672 675 300008
609 662 700071
446 785 300031
354 784 100010
238 734 500051
327 343 600061
317 757 900091
88 714 300008
76 147 700004
242 603 400007
525 716 600005
584 754 600061
396 473 400007
107 500 300031
277 485 700004
456 514 800003
137 362 200009
377 719 900002
246 375 300008
123 673 200009
61 724 300031
709 721 800081
32 335 200009
477 697 700071
487 503 100010
15 512 600005
421 644 200009
694 746 400007
80 698 500051
343 624 500051
117 396 700004
119 662 800081
261 770 900002
257 606 100010
234 775 800003
266 394 1000101
603 767 300008
104 594 800081
703 792 900091
343 593 900091
23 751 1000001
210 543 200021
634 648 300031
56 285 600061
108 192 100011
72 762 400041
102 571 400007
110 374 800003
686 692 400007
477 796 500006
405 485 400007
376 485 600005
84 324 900002
102 790 1000001
87 455 100010
155 530 600005
107 464 600005
393 400 1000101
143 554 800003
291 599 100011
334 448 800003
393 700 1000101
264 466 900002
162 631 1000001
220 310 600005
282 475 1000001
288 700 900002
273 440 600061
417 537 700004
285 720 600061
55 433 100011
403 413 600005
87 667 700071
500 653 900002
328 654 1000001
600 668 800003
92 423 600005
91 199 600005
68 163 1000001
506 550 600061
131 229 800081
543 565 800081
148 476 600005
111 787 100010
184 225 200009
395 457 600005
274 388 500006
70 600 600005
362 561 200021
324 734 900091
95 108 1000001
199 379 400007
243 582 800081
507 796 1000101
5 371 100011
239 695 700004
410 753 300008
51 250 300031
157 324 100010
247 699 200009
131 626 600061
521 755 100011
114 247 400007
493 781 100010
435 514 900002
261 427 200009
201 775 100011
428 553 500051
309 707 300031
69 740 100010
444 447 900002
215 646 700071
429 722 200021
360 751 700004
317 529 400041
235 442 800081
198 499 600005
37 498 200009
494 604 100011
90 444 600061
214 326 800081
153 498 800081
479 771 900002
42 759 300008
156 642 800003
133 676 500051
388 655 700071
242 720 400041
21 295 1000101
244 294 500051
231 678 400041
426 665 1000001
346 393 700004
180 538 100011
283 453 100011
446 509 500006
315 324 700071
53 97 200009
59 440 1000101
80 221 700004
130 215 700071
0 420 300008
79 285 300008
208 753 1000001
5 415 300008
63 470 1000101
85 278 500051
411 726 500051
40 334 800003
449 623 600005
447 794 400007
453 660 800081
590 642 800003
33 96 400041
108 754 700004
304 647 700004
156 744 200009
117 561 400041
20 788 600005
461 684 500051
334 479 600005
428 535 100011
424 644 700004
619 655 600005
383 466 400041
177 771 300008
70 301 100010
271 550 900002
86 503 400041
163 397 100011
126 216 100011
164 628 100010
487 547 500051
518 784 200021
53 573 300008
546 748 800081
578 709 100010
65 519 300008
558 644 400041
253 345 500006
248 399 500006
34 415 500051
580 728 400007
209 642 300008
189 571 100011
138 704 200009
206 562 700071
370 595 800081
178 179 900091
631 744 1000101
29 178 400007
166 221 300031
198 693 400007
611 635 800081
75 629 200009
254 316 200009
83 514 600061
617 690 1000001
377 569 900091
1 617 800003
456 658 600005
100 731 200009
287 686 500051
646 661 600005
230 753 600061
195 269 400041
359 640 100010
63 371 900091
15 160 300008
30 190 200021
66 634 600005
365 652 600061
123 526 1000001
287 319 500006
315 343 700071
704 716 900002
542 670 600005
270 349 700004
349 661 1000101
59 702 200009
334 426 600005
643 747 700004
256 273 200021
180 653 500006
5 324 900002
508 543 900091
205 315 800081
174 575 600005
101 190 300008
228 753 600061
122 638 900002
466 699 300031
188 754 500051
199 556 200021
293 611 700071
613 703 600005
135 329 400041
17 753 1000101
427 597 700071
189 474 100011
608 624 400007
623 637 300008
675 702 500006
529 724 100010
57 82 100011
96 226 300031
300 472 200021
268 398 400041
326 791 400041
313 758 1000001
13 88 300008
171 466 1000001
138 493 700004
131 445 300031
44 113 300031
216 262 1000101
621 700 900002
80 721 700004
255 773 800003
279 668 700004
628 645 800003
52 728 700071
577 752 900002
82 292 700004
120 483 1000001
51 550 100010
272 506 1000101
264 359 800081
367 594 800003
565 777 300031
562 687 100010
304 670 800003
69 170 1000001
139 151 200021
56 397 800003
63 710 200021
519 665 900002
481 531 600005
324 405 500006
243 484 100010
238 290 900002
684 714 100011
125 406 700071
78 333 200021
738 774 400007
128 788 700071
101 313 500051
633 789 900002
189 633 200021
492 793 400007
331 465 300031
143 383 600005
582 769 600005
72 274 600061
174 713 400007
242 602 300031
237 320 500051
390 446 500006
97 799 700071
476 776 300008
163 541 100011
58 223 1000001
102 152 800003
50 593 400041
156 196 600005
471 578 100010
114 318 800003
532 671 100010
243 331 800003
546 633 300008
410 501 900002
164 775 500051
274 532 100011
206 618 300031
117 495 300031
189 306 1000001
368 541 600005
137 596 400041
428 513 300031
328 421 200009
411 500 300008
48 715 700071
165 387 100011
251 294 600005
268 667 900091
602 645 900091
82 215 900002
303 317 300008
127 535 100011
353 383 500006
124 701 200009
14 19 500006
621 749 900002
642 681 200009
6 160 900002
116 693 300031
137 725 100011
641 762 900002
617 660 300031
140 527 400007
496 548 700004
266 600 400041
265 409 900002
166 244 900002
77 253 1000001
20 214 800003
595 774 800081
427 697 500051
155 571 900091
152 595 500006
195 763 100011
666 726 900002
323 355 600061
9 292 400007
397 612 600061
49 155 500006
434 742 1000101
224 444 600061
242 300 1000101
79 124 200009
336 792 400041
588 796 900091
273 296 900002
131 566 400041
144 575 400007
434 566 600061
103 770 900091
532 794 300008
366 388 900091
295 596 100010
268 768 800003
279 740 200009
576 709 200021
146 310 600005
500 777 400007
453 740 1000101
640 729 800003
417 636 700004
205 736 1000001
183 216 700071
214 773 400007
370 488 600061
555 675 100011
106 688 700071
277 767 600061
233 755 700071
179 443 1000001
702 767 400041
633 743 700071
329 726 700071
23 206 900091
382 688 400007
289 793 200021
36 363 100011
191 729 600005
229 245 500006
67 669 900002
57 775 300031
33 536 600005
24 602 900091
202 580 700071
608 761 900002
282 518 500051
549 716 300031
256 340 800081
605 671 400041
51 339 700071
187 401 200021
449 668 500051
187 328 100011
341 744 800003
129 228 100011
132 772 200009
239 533 900091
514 728 200009
120 183 800081
581 631 100010
193 433 700004
266 506 600005
266 330 400007
292 680 300031
241 795 500006
301 673 800003
381 764 300031
128 622 700071
72 729 500006
221 596 100010
316 712 500051
5 484 600005
163 477 300031
22 436 1000101
69 573 300008
120 407 400041
47 734 300031
735 752 300008
114 613 200021
10 445 800081
345 528 400041
71 789 300031
141 328 800003
132 351 800003
93 647 100011
539 750 400007
435 639 800003
51 609 600061
52 758 100011
230 262 500006
571 641 600005
182 334 300031
641 753 700004
76 570 800081
47 271 400041
514 681 400007
177 321 100010
641 751 700004
136 563 600005
195 601 800003
296 781 600005
612 630 200021
213 220 600061
297 754 400007
230 671 1000001
211 678 600005
590 743 700004
530 592 100010
418 481 900002
94 794 500051
480 571 200021
27 320 500051
107 426 1000101
245 713 700004
39 597 800081
441 468 400007
151 335 600005
28 189 800081
83 433 900091
187 321 1000001
588 594 900002
534 690 700004
32 658 100011
25 91 800003
80 457 600005
342 531 500006
142 558 400041
451 690 900091
304 467 100010
342 347 600061
714 721 700004
423 656 300031
523 770 1000101
165 381 400007
22 785 300008
144 231 100011
224 439 700071
271 577 300008
0 43 500006
113 618 1000001
171 185 900002
581 791 500006
78 373 400041
18 386 800081
356 465 600005
500 608 500006
33 459 1000101
295 353 600061
1 257 400007
239 340 200009
575 625 400041
367 606 700071
31 227 600005
308 361 700004
25 99 900002
625 670 100011
22 350 1000101
7 524 800081
219 469 900091
170 513 100011
129 163 100010
211 217 1000101
583 777 100010
306 754 800003
325 562 800003
180 393 500006
423 572 800003
355 459 500006
87 469 200021
663 775 300008
365 724 800003
157 697 100011
3 62 700004
550 745 500006
439 552 800003
356 777 100010
473 747 500051
418 490 100011
382 676 900002
400 602 800081
248 388 300031
479 747 300031
464 729 400041
556 756 800081
103 443 700004
200 324 400041
237 550 700071
220 249 200009
64 409 1000001
22 32 600005
182 610 500006
387 490 500006
115 165 700071
580 680 400041
378 552 800003
158 533 500051
65 580 500006
7 536 1000001
369 730 800081
314 467 400007
237 591 200021
171 709 400007
181 384 200009
66 175 1000001
460 557 400041
614 674 100010
556 723 600005
115 511 300031
212 567 1000101
136 418 400007
646 648 800003
531 544 300031
112 746 100011
260 777 800081
611 780 300008
10 605 900091
340 791 100011
491 710 600061
515 717 700071
225 241 200021
325 629 700071
253 746 900091
464 475 600005
51 176 300008
392 524 300008
95 570 600005
682 717 600061
73 262 400007
497 787 1000001
56 594 100010
217 645 500051
295 796 600005
285 447 600005
73 653 100010
147 621 200021
158 482 900002
144 608 700004
599 612 500006
187 191 400041
31 620 500006
586 795 1000001
169 526 500051
372 725 600005
359 740 1000101
71 85 700071
158 288 400041
202 319 1000101
515 725 200009
41 532 300008
89 186 500051
177 240 500006
112 334 200009
218 758 700071
266 355 700004
194 717 500051
191 538 1000101
327 401 400007
448 799 400041
52 766 300008
229 414 900091
109 740 700071
351 499 800003
514 732 1000001
1 9 700004
190 398 600061
399 469 800081
476 759 400041
2 431 800081
92 326 600005
155 697 1000001
59 203 200009
233 754 600061
368 600 100011
298 600 600061
145 232 800003
404 405 100011
173 635 600005
126 731 400041
123 665 1000101
300 574 300008
477 772 900091
244 463 500051
451 614 400007
48 242 200009
353 716 400041
284 484 100010
21 629 200021
210 483 400007
364 739 200009
667 739 600005
249 576 200009
269 589 400041
199 253 700004
62 512 100011
221 684 1000001
486 563 500051
169 422 800003
89 342 200009
158 307 700071
39 158 500051
40 122 1000101
164 728 700071
141 684 900002
68 527 800003
230 702 1000001
516 733 300008
190 717 200021
390 789 700071
377 419 100010
200 452 400041
296 370 1000001
3 19 1000001
535 761 200009
447 720 1000101
184 586 700071
57 382 900002
186 445 500051
37 723 700004
186 688 600005
571 593 200021
273 315 700071
319 590 700004
132 685 700004
510 644 500006
637 645 1000001
325 426 800003
507 601 600061
241 728 600005
76 565 200021
272 625 400007
539 612 300008
372 402 100010
42 241 500051
200 315 100010
111 463 800081
373 663 500006
713 742 600061
52 490 1000101
346 379 300008
315 454 400041
32 646 500006
411 672 500051
91 499 400041
106 489 800003
597 768 400041
97 774 600005
220 431 800003
475 483 1000101
248 650 800081
308 563 1000101
2 604 200021
423 760 100010
181 229 200009
4 486 100010
16 524 800003
612 696 700071
250 397 500006
403 407 800081
409 452 800003
79 512 200021
420 543 700071
423 757 700071
222 298 600005
140 644 200021
336 438 1000101
326 500 600005
344 538 600061
267 491 200021
501 675 100011
313 543 400041
171 742 700004
393 728 600005
410 489 900002
369 612 1000101
588 668 600061
305 355 100011
80 673 800003
486 532 1000001
396 472 500006
577 746 200021
503 615 100010
500 751 600005
76 702 100011
70 694 300008
12 453 900002
394 558 800081
212 216 600005
56 537 200009
261 335 1000001
82 319 400041
696 772 900002
323 541 500051
155 713 700004
84 164 700004
295 684 1000001
364 585 500051
142 162 700071
188 313 300008
307 589 600061
394 762 500006
221 592 300008
198 421 500006
376 570 500051
101 412 900002
304 772 1000001
438 511 700004
184 772 100010
583 792 900091
462 696 400007
155 282 300031
0 622 100011
48 289 900091
637 779 300008
189 674 500051
185 701 100010
233 667 300031
235 404 700071
101 169 700004
265 586 1000101
153 675 600005
127 582 500006
448 568 200021
458 684 100011
67 192 400041
308 438 200021
484 492 1000001
86 462 1000001
0 106 900091
30 634 200021
8 256 800003
611 676 300008
216 311 100011
351 637 800003
272 401 400041
35 203 300008
276 630 600005
378 747 400041
674 719 1000101
295 709 700071
316 793 100010
188 296 700071
513 645 500051
34 407 200009
182 425 900002
372 558 800081
621 799 800081
229 475 700004
522 736 400007
66 178 600061
522 738 600061
19 247 200009
138 154 100011
480 599 1000101
72 705 400007
537 717 1000101
567 749 500051
207 513 500006
257 773 1000001
265 796 400007
225 644 700071
111 460 700071
559 568 500006
123 788 900002
149 684 500006
24 441 900091
397 510 400007
153 218 1000101
462 563 400041
45 525 300008
338 433 1000001
582 768 900091
63 751 700071
358 482 100010
110 263 1000101
112 750 200021
313 512 1000001
408 464 600005
17 765 200009
391 457 100010
443 722 400041
300 795 600061
601 708 1000101
293 303 100010
534 699 400041
153 457 100011
238 696 400041
356 461 500006
3 299 500051
16 328 300008
332 594 400007
736 778 400007
454 514 900002
468 551 900002
27 260 900091
47 224 300008
221 590 300031
466 554 400041
284 644 200021
210 508 100011
185 672 700071
380 483 1000101
97 631 100010
17 150 300008
490 767 1000101
1 670 300031
152 479 300008
592 789 900091
330 340 1000001
109 288 800081
586 778 900002
354 733 400007
678 796 400007
35 507 900091
120 638 700071
84 665 1000001
649 692 900091
65 735 800081
214 410 500006
169 301 900091
42 185 800081
330 429 900002
342 786 700071
551 650 600061
207 236 900091
1 101 200009
180 378 500051
31 351 100010
40 300 400007
147 786 900091
474 739 600061
73 314 800081
258 734 100011
361 699 700071
76 252 1000101
99 244 900091
684 727 700071
44 274 900002
105 694 600005
156 657 600061
42 717 400007
129 652 800081
52 178 200009
81 84 400041
167 553 100011
434 711 1000101
137 499 100010
38 299 700004
272 323 800081
483 527 1000001
190 650 200021
106 615 800003
300 326 800081
351 585 400007
58 286 600005
84 360 500051
357 386 100010
614 725 1000101
243 302 900002
366 397 400007
490 560 500051
101 579 400041
393 770 700004
639 793 400041
285 733 700004
104 660 500051
549 672 800003
181 320 1000101
384 749 200009
221 272 100011
102 330 600061
58 531 1000101
146 244 200009
166 778 400007
48 378 700071
17 637 1000101
400 774 600061
404 715 600005
10 501 800081
2 161 1000001
81 393 800081
632 673 900091
626 686 800003
398 532 900091
364 641 100011
33 64 400007
74 567 500051
69 437 900091
33 226 200009
324 648 800003
377 685 800081
341 453 500051
103 786 500051
76 797 400007
12 210 900002
245 480 200009
81 147 400041
100 262 900002
319 662 100010
220 225 300031
37 214 900091
118 724 300031
193 767 700071
257 627 500051
285 402 300031
181 259 400041
243 658 700071
476 707 1000101
149 424 1000101
289 381 800003
415 664 500051
486 673 900002
256 634 300008
250 773 200009
164 419 200021
85 614 700071
121 430 800081
622 774 900002
159 348 100011
73 308 400007
238 607 700071
158 229 800081
124 380 800003
185 689 700071
35 596 100010
209 344 300008
115 745 300031
63 701 500051
475 747 400041
651 717 300008
85 691 600061
53 133 300031
26 420 800003
549 611 200021
189 312 300031
3 78 1000101
155 478 200009
391 590 700071
54 303 600061
391 748 200009
84 272 200021
719 720 100010
210 577 600061
196 637 700004
498 596 100010
710 728 1000001
286 520 300008
11 142 1000001
176 786 700071
81 349 700071
58 532 1000001
170 648 700004
628 733 600061
44 245 200009
236 466 700004
84 460 400007
466 618 1000101
194 615 400041
5 155 400041
414 728 500051
740 760 1000101
355 688 100011
15 58 800081
307 652 400007
679 757 600005
108 561 200009
19 442 300008
270 407 700004
21 200 500006
413 590 600005
501 591 500051
276 462 600005
425 547 1000001
592 627 400041
63 277 300031
239 647 1000101
16 216 600005
558 694 800003
389 773 200009
350 672 600061
546 636 600061
632 774 800003
324 723 800003
107 595 700004
221 256 100011
47 69 500006
24 342 400041
11 378 100011
389 756 100011
236 627 1000001
31 716 400007
218 597 400007
16 462 1000101
86 476 600061
305 738 400007
204 576 900091
47 278 800081
29 101 200009
35 680 1000101
97 516 600005
195 465 100011
259 432 400007
162 496 800003
226 701 100011
402 639 300008
245 733 100011
434 797 200009
655 754 500051
367 645 700071
207 283 900091
525 572 300008
87 201 500006
743 765 200021
273 282 700071
568 770 100011
34 559 400007
478 758 600005
374 670 100010
248 476 400007
458 762 1000001
339 799 300008
36 352 200009
576 693 100010
107 695 900091
482 704 300031
167 418 700004
246 439 1000001
1 275 300031
409 467 600005
201 209 700004
456 617 500051
717 721 900002
411 468 200021
654 682 300031
758 793 300008
32 651 500051
20 490 800003
591 717 100010
54 597 800081
682 724 500006
360 710 100011
75 270 400007
162 761 1000001
50 544 200021
286 711 800003
287 775 500006
488 621 200021
298 727 200021
554 722 400041
109 606 500051
449 567 500006
287 776 900091
21 608 800081
294 437 600005
310 538 100010
547 794 1000001
28 136 900091
7 481 100010
674 716 800081
15 268 100010
371 460 900002
6 580 800081
155 420 600061
291 468 900002
374 568 700004
370 462 500051
565 677 1000001
355 732 200021
21 155 800003
154 789 1000001
314 367 600005
473 518 700071
604 680 500051
28 587 900091
112 513 300008
260 365 1000001
70 171 700071
536 778 1000001
92 137 800081
234 666 300031
114 166 500006
586 797 600005
340 417 1000101
540 614 600061
65 753 700071
94 188 300031
553 584 100010
279 737 600061
355 413 300031
24 95 100010
508 513 600005
353 634 1000001
592 638 700004
165 794 300031
63 640 700004
23 99 300031
595 763 500051
414 593 400007
269 545 600005
292 519 600061
176 256 800003
29 760 900091
447 544 1000101
60 519 900002
11 210 200009
175 206 100011
611 638 600061
106 780 100011
170 196 400041
404 441 100011
92 282 300008
152 518 200021
94 680 200009
221 641 500051
158 542 200021
224 479 200021
96 237 200009
101 787 400041
54 218 200021
32 132 900002
80 103 900091
364 371 200009
114 446 400041
114 468 200021
83 294 700004
396 772 500051
185 765 200021
98 117 800081
356 430 500051
196 257 400007
297 599 800081
17 194 200021
419 528 400007
90 655 200009
207 448 700071
395 490 900002
142 695 200009
272 360 100011
450 620 800081
77 79 100010
360 630 600005
268 309 1000001
571 725 600061
57 201 700004
84 248 1000101
204 499 700004
421 736 900002
29 754 900002
251 433 400007
347 736 1000001
171 310 300008
82 773 700071
146 770 500006
504 740 800081
410 473 300008
553 690 200021
574 738 400041
154 461 200009
276 409 200021
6 279 600061
2 427 700071
34 341 1000001
148 224 700071
524 632 900091
583 657 300031
176 677 800003
693 768 400041
692 786 500006
330 540 200009
276 497 300031
744 786 200009
369 570 1000101
80 716 1000001
105 333 200021
128 755 200009
448 606 100010
158 223 600061
376 652 1000101
156 381 500006
110 631 200009
363 537 900002
486 791 900091
284 509 500051
469 745 800081
243 405 300031
617 643 700004
35 363 100010
258 607 100011
2 595 600005
466 766 500006
317 675 1000001
451 768 300008
521 769 200009
666 712 300008
143 507 100011
535 598 1000101
354 447 300008
212 363 800081
136 564 300008
186 213 700004
146 668 900002
229 756 300008
295 532 1000001
255 466 1000001
172 710 100011
137 309 600005
169 791 600061
329 388 200021
116 705 300008
331 667 900002
393 409 300031
69 569 1000101
271 567 800081
574 636 900091
226 437 100011
431 569 200021
29 764 500051
317 357 700004
209 518 600061
281 629 100011
207 441 900091
253 760 600005
431 432 100010
533 638 500051
547 784 200021
312 468 800081
105 326 200021
633 667 600061
497 685 500051
9 78 600061
344 746 1000101
226 346 500006
455 701 200009
211 226 300031
455 781 300008
271 464 300008
345 473 200009
432 485 1000001
517 780 500006
441 756 100010
461 470 600061
34 211 1000101
668 797 400007
207 405 900091
533 640 300008
92 613 700071
263 337 500051
117 270 100010
31 631 800081
362 677 1000101
279 391 400007
254 625 600061
202 677 1000101
561 640 400041
399 777 300008
533 785 600005
445 656 600061
431 474 500006
410 607 700004
67 248 800003
54 628 400007
173 680 1000101
24 520 1000001
451 793 500006
520 650 400041
21 100 200021
299 547 500051
110 737 800003
94 124 700071
206 614 100011
455 652 1000101
488 578 500051
246 444 700004
172 410 300031
481 619 300008
33 229 100011
416 512 500051
37 614 400041
94 382 400007
482 747 800003
89 257 900002
91 635 600061
253 714 500006
429 746 400041
118 618 900091
211 396 700004
329 361 1000001
644 776 300008
430 449 200009
74 394 200009
51 301 600005
302 402 100011
258 392 1000001
80 341 900091
265 742 300031
363 775 700004
300 761 700004
31 300 200009
116 332 900002
272 616 1000001
173 720 700071
710 769 1000101
17 748 800003
257 676 300031
210 686 900091
428 660 100010
180 296 1000001
181 529 100011
453 544 700004
258 306 500051
125 296 1000101
428 471 400007
465 525 1000001
1 315 400007
282 477 500051
48 660 100011
769 796 800081
114 234 200021
192 462 100010
299 597 800081
102 254 600061
167 287 1000101
11 605 400007
387 751 100011
280 688 200021
111 374 400041
208 415 200021
131 560 400041
50 174 1000001
408 691 700071
253 401 400041
335 581 200009
48 106 200021
119 506 600061
231 361 200021
318 471 600005
453 637 400007
44 325 300031
340 435 500006
339 622 900002
243 704 200021
170 697 100011
382 638 800003
274 662 900002
31 572 400041
72 619 200021
278 591 1000001
53 88 400041
730 763 300008
201 702 300031
159 499 500006
648 774 900002
23 580 900091
25 756 800081
13 705 1000001
263 672 200009
387 503 200021
352 792 100010
478 784 600005
80 498 500006
21 795 300008
206 679 800003
322 498 200009
202 492 800081
486 645 700004
258 622 1000101
64 91 400041
93 107 800081
660 742 700004
335 594 300031
5 667 600005
114 492 300008
747 798 600061
436 683 100010
81 432 600005
20 211 400041
263 606 400007
331 639 300031
370 475 900002
274 476 300031
47 206 700004
116 609 800081
8 732 600005
77 504 800081
108 124 200009
653 762 500006
336 703 100011
186 312 500006
460 479 500006
216 773 300031
12 318 1000001
277 783 1000101
613 695 300031
415 644 1000001
157 395 400007
47 55 500051
173 606 300008
27 717 1000001
423 743 900091
338 476 600061
287 312 100010
31 470 900002
289 459 600061
372 543 600061
269 510 700071
93 460 900091
380 447 400041
509 771 800003
137 275 100011
346 651 200009
460 682 800003
63 176 800081
332 505 100011
408 468 800003
371 473 600005
194 761 100011
459 570 200009
25 707 1000101
285 469 600061
364 589 900002
352 498 200021
274 767 700071
163 524 900091
254 315 1000101
152 781 500051
179 208 700071
365 577 1000101
98 649 800003
41 692 400041
610 776 200009
157 775 500006
343 730 600005
329 747 700004
41 586 500006
93 379 300031
0 53 800003
149 449 900002
92 391 500051
289 732 700071
277 540 600005
50 114 500051
369 443 900091
205 429 1000101
9 701 800081
553 784 200021
39 559 100010
555 712 800081
456 696 400007
13 160 600061
148 266 500051
126 491 600005
237 317 1000001
174 718 800003
183 200 500006
157 507 800003
450 559 600061
54 629 600061
464 636 500006
414 767 900002
273 361 600061
180 615 600061
164 562 700071
65 510 600061
171 643 500051
111 685 700071
80 676 1000001
114 764 600061
252 693 300008
445 703 1000101
276 487 1000101
481 556 600005
188 545 700004
104 567 400007
159 726 500051
416 685 900091
372 773 1000001
397 748 100011
430 615 600005
22 59 700071
561 617 900002
57 335 900091
166 448 800081
231 784 200009
116 687 300031
128 530 1000101
246 795 700004
385 395 100011
91 436 500051
228 660 1000001
464 787 800003
372 406 900002
85 484 200021
403 638 200021
663 680 900002
298 401 500051
388 551 200009
24 697 200009
375 409 800003
452 744 700071
79 672 600005
536 594 200021
436 765 100011
639 704 600005
275 378 900002
101 628 100010
126 194 1000001
97 426 300008
29 147 100010
222 392 400007
148 673 700071
14 130 900002
114 510 700004
247 469 700071
59 583 700071
302 718 1000101
230 704 800003
124 788 400007
576 678 900091
234 596 600061
86 270 100010
403 461 200009
753 798 600005
519 775 600061
485 523 300008
261 694 500051
214 358 200021
43 557 800003
264 496 200021
627 755 400007
494 712 500051
701 730 800003
37 39 800081
235 598 900002
40 315 400007
129 406 900002
86 693 400041
168 269 500051
6 581 400041
139 737 400007
354 761 900091
104 218 200021
183 338 1000101
516 587 600061
220 591 300008
545 710 800081
73 132 600061
221 442 200009
350 394 700071
291 596 600005
412 441 400007
8 536 400007
155 307 1000001
95 211 100011
147 402 400007
460 743 900091
223 316 300008
280 491 200021
433 631 600061
97 704 500051
537 763 700004
3 783 900091
77 174 900002
396 745 1000001
373 748 400007
537 704 800081
80 252 200021
271 668 300031
456 679 500051
60 576 800081
39 788 600061
156 185 1000101
575 673 500051
241 651 200009
107 572 800003
145 315 800003
292 659 900091
536 657 400041
281 541 400007
247 707 200021
161 543 200009
281 461 500051
568 621 100010
445 682 600005
629 645 1000101
365 422 800081
355 493 800081
86 732 800081
25 125 400007
177 268 100010
152 798 300031
114 309 600005
368 674 500051
6 120 400041
652 758 400007
92 762 300031
715 741 600005
0 705 200009
62 275 700004
569 642 100011
307 609 1000101
163 371 500006
17 361 700071
118 291 400007
457 632 900091
0 348 1000001
55 742 1000101
280 379 1000001
165 703 100011
33 106 400007
305 543 800081
94 358 600061
1 634 200021
507 668 400007
14 620 700071
127 527 200009
221 514 500051
66 357 100010
461 517 100011
531 749 1000001
300 760 800003
354 692 100010
298 313 100010
146 670 300008
280 453 500051
47 789 800003
29 652 900002
249 271 700071
98 306 1000101
181 735 900002
47 465 800003
95 498 600005
368 613 300031
58 417 400007
292 368 400007
106 448 300008
23 646 800003
535 630 800081
171 566 900002
41 398 700004
680 766 300008
72 312 300031
49 235 200009
115 380 700004
203 502 1000001
366 752 500051
467 679 900002
272 664 700004
130 285 500051
362 509 700004
530 799 100010
19 447 100011
574 662 600005
98 123 800081
112 411 200021
319 659 800081
443 687 300008
275 608 700004
266 771 300031
340 348 900091
4 634 300031
50 292 600061
477 716 600061
682 772 600061
102 145 700004
138 367 300031
100 327 600061
503 521 800003
163 718 100010
76 189 100011
134 789 800081
718 777 900091
251 798 900002
231 459 1000101
93 337 200021
336 637 400007
210 360 500006
201 549 200021
32 139 1000101
686 727 900002
655 703 600061
147 299 200021
367 458 1000001
178 677 800081
53 728 100010
84 198 900002
313 377 1000101
27 202 600061
425 736 900002
86 332 100010
217 420 100011
239 366 100011
301 778 900091
366 719 700004
606 774 200021
514 654 700004
250 422 300031
36 153 900002
252 681 200021
63 475 900002
526 549 700004
138 677 600061
219 735 900002
187 526 500051
171 176 1000101
132 211 100010
662 783 500006
90 279 900091
96 370 800081
157 687 900002
122 560 600061
258 518 200021
13 213 600061
127 698 100011
87 431 800081
228 709 500051
466 704 400007
584 716 600061
25 50 400041
450 621 200009
10 37 500006
553 631 100010
403 643 200021
175 501 1000001
582 725 700004
24 469 300008
109 476 700071
172 284 100011
173 723 100010
25 697 300008
385 607 700004
13 477 500051
39 714 700071
51 488 700071
244 683 800081
155 615 1000101
177 346 900002
249 776 500006
64 721 100010
203 757 800081
431 664 1000001
325 652 300008
93 94 700071
617 796 400007
164 790 700004
68 336 600005
102 103 400041
260 294 800081
288 603 100011
220 436 900002
130 148 100011
130 647 600061
65 726 900002
109 668 400041
177 561 400041
145 706 900002
186 644 800081
82 279 700004
125 383 200021
325 739 700004
9 713 400041
218 699 500051
206 367 300008
161 472 100011
256 450 500006
389 502 700071
136 639 500006
545 783 400007
222 735 900091
135 309 500051
172 340 800081
413 512 800003
40 250 600005
130 630 1000001
390 410 700004
459 571 600061
175 312 1000101
142 574 1000101
7 511 400007
56 598 800003
614 662 800003
493 728 900091
110 611 500051
159 758 400007
404 429 600005
413 625 700004
497 598 800081
489 548 400007
302 475 600005
104 707 100010
344 736 800003
19 772 1000101
83 437 600005
65 640 300008
433 756 100011
676 698 1000001
544 672 700004
0 661 100011
319 437 200009
17 175 200021
156 262 400007
222 447 600005
185 543 700004
287 753 300008
47 778 500006
480 743 600061
183 745 500051
33 364 600061
122 203 300031
395 592 500051
600 622 600005
216 289 100010
100 218 300031
645 772 500006
353 589 500051
311 531 800003
179 238 700071
336 490 400041
147 598 1000101
438 482 500051
309 593 800081
294 399 1000101
366 538 500051
281 481 400007
252 486 200009
114 169 800081
232 729 400041
222 466 300008
127 787 200021
458 786 1000101
128 722 300031
133 377 800003
461 760 1000001
80 702 600005
204 329 300031
200 328 500006
578 740 200009
529 570 1000001
527 587 100010
292 319 900091
558 668 800081
205 312 700071
510 671 700004
605 739 600061
25 306 200021
43 594 500051
653 777 300031
28 563 600005
61 641 200009
91 751 800081
672 744 600005
159 349 400007
267 490 1000101
74 750 300008
44 367 900002
372 613 500006
406 565 200009
244 623 800003
197 774 100010
178 754 800081
188 605 400007
11 402 300031
488 707 400007
111 457 100011
116 418 400041
215 218 700004
736 764 1000101
528 697 1000101
292 765 900091
73 251 100011
216 798 300031
585 719 100011
29 165 400007
166 766 1000001
202 442 1000001
132 402 400041
523 555 600061
461 522 700004
176 431 700004
128 620 200009
184 551 100010
248 351 800081
255 751 200009
393 565 300031
212 716 1000001
477 543 600061
31 191 500051
93 479 300031
455 651 900091
255 393 800003
11 33 200009
12 197 100011
161 739 100011
0 260 400041
134 192 300031
6 421 1000101
406 558 700071
476 745 900002
40 669 1000001
586 706 300031
116 437 700004
478 671 200009
98 208 800003
217 768 200009
53 155 600005
44 474 1000101
187 566 700071
666 748 900091
31 358 700071
107 238 800081
34 387 300031
68 290 100011
127 296 900091
346 726 500006
164 498 1000101
476 597 600061
493 533 700071
703 739 600061
180 556 900091
364 675 700004
439 657 300008
262 320 500006
358 706 800081
292 745 300031
321 672 700004
90 686 100010
85 170 600061
505 627 600005
502 701 400041
311 534 1000001
131 762 100011
659 724 800003
6 798 700071
665 693 600061
321 708 100011
71 779 200021
540 607 400041
300 509 700004
526 730 1000101
25 449 700071
268 433 800081
231 588 800003
186 386 200009
336 446 400007
45 616 600005
47 592 1000001
440 539 300031
66 304 100010
730 788 600061
63 332 700071
16 306 400007
561 798 1000001
351 355 300008
357 563 700071
402 714 700071
52 632 700071
284 761 900002
38 96 1000001
227 647 700071
87 518 500006
76 456 800003
543 661 300031
392 786 500006
19 204 800003
452 517 900091
187 683 700004
433 546 200009
85 408 400041
244 298 300031
541 654 500006
2 215 900002
163 315 700004
29 383 900002
273 452 400041
711 724 600061
326 649 700004
105 494 900002
420 795 800003
32 741 900091
619 708 700071
209 549 200021
54 416 600061
599 742 500006
64 345 600005
333 747 700004
462 590 500006
24 436 1000001
414 777 600061
125 334 500006
118 534 1000001
26 393 100010
396 424 800081
140 683 200021
320 775 900091
492 751 900091
30 780 900091
82 726 900002
174 592 400007
95 537 800003
226 697 600061
184 589 600061
56 254 600061
357 548 100011
523 578 700004
69 705 700004
478 573 800003
284 610 1000001
783 786 1000101
600 762 800081
7 705 600061
35 379 200009
298 586 100010
154 205 200021
16 599 900002
302 438 600005
97 670 1000101
534 672 400041
249 359 600061
663 797 400007
170 229 900002
19 432 900091
121 196 500051
44 735 500006
5 627 1000001
62 235 900002
187 315 900091
40 787 300008
578 735 100010
154 284 600005
26 690 400007
450 636 500051
64 189 100011
41 572 800003
112 640 900091
202 583 400007
694 794 700071
150 610 400007
143 150 1000101
422 719 600005
124 276 900091
150 354 800081
186 792 400007
378 604 900091
505 570 400041
279 756 800081
229 559 600061
195 444 1000101
208 790 300031
45 567 400007
68 546 600005
11 620 100011
138 271 800081
366 650 1000101
243 668 200021
143 731 1000101
57 794 500051
159 549 500051
165 665 700004
12 351 800081
526 779 800003
257 335 900091
200 391 800003
117 735 900002
372 702 400041
228 366 1000101
122 654 400007
155 270 800003
5 626 700004
510 620 1000101
554 563 300031
67 751 100010
339 460 100011
96 689 300008
111 188 600005
160 592 200021
117 175 800081
256 708 500051
36 58 700004
109 263 300008
105 699 300031
538 782 900002
71 328 300008
70 388 400007
366 715 700071
79 540 300031
76 497 500051
257 550 300031
51 747 900002
278 754 900091
442 456 700004
390 581 1000101
425 641 1000001
145 286 100010
68 106 700071
202 486 300008
590 609 1000101
187 297 400041
103 547 700071
66 783 500006
537 692 600005
309 675 500051
237 422 700071
472 514 100010
461 748 300031
304 725 300008
303 313 800081
181 351 900091
348 478 700004
246 309 800003
410 640 900091
558 719 900002
234 661 200009
230 698 300008
735 794 400041
102 715 600061
563 638 100010
300 700 100011
296 347 500051
357 547 900091
553 673 400007
349 390 100011
502 769 700004
32 495 800003
85 353 200009
629 736 900091
468 613 400007
122 293 500006
48 617 100011
39 357 100011
449 739 600061
620 792 400041
658 731 1000001
330 562 200021
309 322 900091
126 428 900002
140 797 400007
267 342 400041
42 340 1000101
137 458 400041
27 689 500051
143 714 100011
218 757 500006
35 331 800081
240 644 600005
369 590 200021
293 581 400007
5 364 1000101
36 323 700004
712 770 400041
34 653 800003
365 568 200021
340 763 1000001
155 166 1000001
151 465 300031
224 571 200021
101 751 700004
304 317 400007
155 302 600061
27 51 200021
58 229 1000001
173 630 300008
524 589 400041
119 795 100010
677 717 700004
341 743 800081
274 417 900091
465 513 900091
334 511 100010
113 420 100011
359 496 800003
169 401 1000101
154 528 1000101
8 60 400041
133 497 500006
322 699 100010
575 663 200021
386 674 700071
257 380 300008
57 478 200021
411 433 200021
11 565 900002
112 172 400041
14 580 100011
247 378 200021
240 285 300008
328 790 700004
373 408 800003
735 755 400007
497 637 900002
252 276 700071
170 438 200021
237 798 900091
255 560 400041
545 547 1000001
274 707 200009
251 780 600005
738 763 700071
204 746 400041
269 693 1000001
208 720 600005
556 646 500051
187 668 1000101
523 593 100010
754 779 300008
408 531 500051
34 113 1000001
221 728 100011
387 605 900002
110 182 800081
234 278 300008
363 439 200021
601 716 200009
172 485 100011
4 565 800003
504 650 800081
220 380 400007
184 741 200021
121 327 400007
382 666 200021
54 563 1000001
136 378 100011
281 579 500051
210 491 600005
86 522 700004
35 601 800003
20 520 700071
51 635 900002
172 793 900091
524 733 100010
163 259 100010
71 417 200021
132 285 500006
27 537 400041
218 222 600005
26 672 700071
146 546 100010
245 287 600061
152 666 200021
78 298 300031
737 739 900002
245 328 300031
275 438 200009
371 441 900091
480 572 600005
469 739 700004
53 269 700071
315 622 800003
327 441 300031
158 248 1000101
628 656 600061
16 127 1000101
313 499 500006
121 696 900002
438 525 400007
609 748 100010
295 768 1000101
595 679 900091
37 794 900002
15 74 700004
31 380 800003
303 759 700004
70 751 200009
225 579 100010
215 431 300031
16 439 400041
25 343 500051
4 385 800003
265 658 1000001
319 677 600005
376 738 400007
691 755 500051
295 687 600061
11 768 300008
384 608 100010
156 392 700071
442 604 1000101
90 774 400007
287 327 1000001
260 327 700071
124 625 300031
377 716 300031
48 510 1000101
449 666 1000001
475 644 200021
122 667 900091
414 614 400007
370 670 300008
9 680 300008
13 202 700004
7 505 200009
641 752 800081
255 723 700004
383 735 200009
76 156 900002
147 778 100010
39 510 800081
472 545 100010
578 718 700004
28 352 1000101
576 724 800003
424 630 700071
293 474 400041
218 237 400041
120 438 300031
510 788 1000001
432 724 400007
203 397 800081
52 384 500006
236 603 900091
387 604 100011
106 404 100010
646 752 400041
271 317 300031
371 483 400007
75 165 800003
642 741 1000001
211 216 400007
462 481 200021
496 653 300008
119 745 1000101
627 652 400041
44 765 400007
125 578 800081
278 589 400041
472 628 800081
176 569 600061
589 653 600005
323 551 400007
41 736 1000001
321 338 800003
99 412 200009
96 736 1000101
583 695 100010
37 238 600061
401 403 900091
625 708 600005
165 657 400041
72 725 400007
237 465 600005
293 416 500051
637 700 700004
658 793 900002
90 311 400041
240 607 800081
605 681 1000101
