EDGELIST
800 3200 1 800001600
81 95 1300033
84 596 1700073
180 430 1200023
115 580 199999
202 565 1100013
494 669 199999
101 794 1200023
8 403 100000
162 521 1100013
6 385 399997
406 592 1700073
522 618 100000
560 782 1800083
487 741 1600063
351 612 1
141 251 1900093
441 714 1300033
423 547 1500053
238 305 1900093
162 367 1700073
144 196 1700073
614 679 199999
108 384 2000103
293 516 1800083
526 605 699994
107 262 599995
58 525 499996
168 388 1400043
483 551 1800083
424 480 899992
378 609 1100013
19 743 199999
400 683 1
39 690 799993
255 434 399997
106 173 1600063
661 702 1200023
221 599 299998
288 652 2000103
330 579 599995
283 508 699994
344 384 699994
4 16 399997
154 570 599995
464 625 1400043
243 556 1300033
128 765 399997
681 783 1400043
255 344 1800083
466 675 1300033
542 665 899992
266 705 299998
320 734 699994
646 756 1500053
460 597 1900093
235 701 499996
75 368 199999
20 255 100000
236 640 299998
551 593 1
22 736 299998
163 307 1200023
284 408 1400043
401 707 799993
289 535 1100013
155 546 100000
209 743 799993
568 649 299998
442 638 199999
261 424 199999
203 683 1700073
151 474 1100013
419 581 1600063
135 517 199999
21 398 1900093
293 762 1500053
71 620 899992
17 191 1800083
101 102 1800083
36 693 699994
675 737 1300033
213 727 1500053
218 599 1600063
462 682 100000
20 647 499996
13 675 100000
21 51 2000103
22 118 1900093
1 277 799993
708 721 1400043
455 692 1100013
300 691 199999
183 609 2000103
663 684 1400043
137 746 199999
227 615 699994
78 713 599995
667 782 1800083
21 523 1700073
494 580 2000103
453 612 1
81 219 599995
23 116 1400043
360 775 499996
695 703 1300033
265 340 1
46 640 899992
228 743 1600063
145 626 1300033
211 593 699994
432 647 599995
21 131 1400043
459 760 399997
86 726 199999
409 422 599995
74 481 799993
240 570 1600063
26 778 1
189 608 1900093
195 472 1900093
121 409 399997
311 533 1700073
401 721 699994
693 788 1300033
39 738 299998
73 515 1300033
276 697 1300033
140 226 1700073
153 658 2000103
58 304 1600063
22 333 799993
248 625 2000103
640 651 1400043
271 736 1400043
2 777 499996
12 543 1200023
148 325 199999
376 670 499996
163 454 1400043
38 357 1700073
16 557 1800083
72 96 1400043
219 793 1100013
689 722 199999
372 739 1300033
202 757 199999
387 445 1300033
711 714 2000103
140 184 1800083
571 781 199999
209 531 1800083
390 422 1400043
189 403 1500053
461 728 399997
160 602 1500053
387 442 1900093
594 747 1700073
6 393 1200023
421 688 1400043
134 646 1
227 661 1800083
61 119 799993
262 647 599995
322 627 599995
524 528 1500053
59 667 499996
15 91 499996
205 669 599995
234 406 399997
204 354 1300033
118 161 1100013
30 133 1600063
143 164 599995
280 643 1300033
58 726 1900093
190 578 1900093
462 554 100000
641 783 100000
500 529 399997
85 728 1600063
539 608 1600063
271 507 1
15 430 1900093
213 463 1300033
530 566 1100013
144 322 1700073
235 392 1800083
189 345 100000
700 785 299998
258 285 1600063
66 654 1
253 299 2000103
258 498 799993
169 473 899992
71 737 1800083
444 453 1500053
136 469 2000103
93 149 1200023
234 608 2000103
81 338 1400043
404 589 899992
181 509 799993
151 688 1700073
63 438 1600063
421 647 1600063
597 788 1800083
61 334 699994
66 399 699994
425 440 1700073
332 360 199999
317 359 1
33 185 100000
277 325 2000103
331 392 1
53 160 199999
473 482 699994
257 492 1400043
344 639 1700073
311 671 1900093
56 665 1400043
179 531 1800083
219 681 299998
578 708 1200023
662 766 799993
112 388 399997
150 378 1200023
334 562 799993
40 150 399997
224 623 1300033
173 748 1100013
479 698 399997
89 249 1900093
12 399 899992
421 695 1200023
97 365 1900093
290 692 2000103
327 382 499996
407 765 1200023
76 89 1400043
444 772 1200023
181 298 1800083
62 75 199999
288 371 1100013
129 718 1300033
121 485 1400043
18 416 100000
191 441 1400043
204 641 1800083
650 700 1200023
420 555 1800083
538 567 1700073
159 506 699994
25 537 1700073
179 471 299998
16 291 1600063
81 99 399997
218 412 1
36 536 1800083
534 593 799993
50 779 1600063
512 794 199999
432 700 399997
18 133 799993
80 446 1700073
231 525 199999
120 254 299998
33 103 1100013
269 494 399997
194 783 799993
298 356 2000103
410 478 299998
267 353 1900093
81 263 1300033
149 157 1300033
99 271 1800083
747 795 2000103
347 354 399997
129 669 2000103
265 578 599995
560 771 1
79 584 1500053
316 430 1
231 395 499996
408 598 1100013
127 256 1100013
158 432 799993
443 660 1100013
153 636 899992
490 786 599995
42 362 1300033
105 153 1
31 451 799993
177 491 1800083
89 768 1300033
369 379 1400043
21 602 1200023
39 420 499996
105 541 100000
214 409 1600063
84 564 599995
4 262 399997
200 646 299998
563 591 1400043
55 700 1100013
443 689 100000
91 508 1300033
81 495 100000
691 799 1
469 548 1
224 468 499996
691 764 699994
386 632 299998
88 325 2000103
519 601 1900093
159 738 100000
339 578 100000
475 719 599995
547 755 799993
232 409 299998
73 193 1100013
227 741 1200023
91 218 1500053
575 790 100000
70 444 499996
175 190 1200023
509 714 100000
161 356 499996
290 513 199999
166 236 1
447 664 299998
404 616 1800083
251 784 1500053
82 704 1400043
138 527 899992
143 578 299998
463 586 599995
15 578 1300033
201 797 1
434 623 799993
264 459 599995
189 473 1500053
43 730 100000
186 229 699994
393 485 799993
453 791 399997
18 218 199999
288 776 1300033
522 531 1
69 557 1500053
277 561 2000103
484 587 1200023
493 579 2000103
385 469 599995
697 723 699994
83 117 399997
176 334 1
20 783 1700073
168 275 2000103
326 547 499996
150 620 299998
457 746 599995
358 697 799993
218 284 1700073
4 411 1900093
341 422 899992
304 570 599995
29 750 1600063
195 485 1200023
263 292 1
7 343 299998
71 147 1300033
553 625 899992
206 336 1700073
198 346 2000103
10 272 699994
305 406 1700073
265 320 1
176 796 499996
185 243 1500053
69 716 1400043
154 519 1600063
100 340 299998
141 290 1500053
405 785 1200023
333 442 1300033
405 527 2000103
658 786 1900093
437 490 799993
580 590 2000103
218 360 1
145 478 100000
590 597 100000
222 573 1400043
100 288 1600063
523 586 1700073
440 575 1400043
149 184 699994
526 757 1400043
78 105 1700073
375 706 799993
633 711 1300033
447 737 399997
105 629 1800083
387 714 899992
221 612 1800083
416 562 1
312 469 199999
172 182 100000
331 607 1
3 277 1800083
300 396 699994
257 489 599995
81 221 399997
32 322 899992
273 721 299998
76 749 1300033
507 670 199999
270 552 599995
200 764 1900093
229 737 1
372 480 1800083
489 611 299998
30 96 1700073
56 606 100000
190 720 1300033
152 178 299998
451 684 699994
207 489 1400043
485 704 1700073
20 740 1700073
474 612 699994
198 223 499996
109 504 299998
352 514 1300033
363 410 199999
188 373 599995
346 507 1400043
163 527 1
173 517 599995
46 459 1800083
314 637 1100013
486 634 1800083
86 220 1200023
85 308 1800083
161 558 1400043
264 369 499996
70 480 1
227 489 499996
551 783 1400043
239 295 1300033
125 310 1500053
311 608 699994
43 214 1600063
127 529 599995
135 641 799993
149 618 1700073
602 678 599995
435 696 1200023
450 710 499996
112 726 1300033
588 666 1900093
477 689 1700073
122 468 100000
272 770 599995
445 571 1700073
268 659 399997
308 782 799993
224 425 1900093
456 776 1100013
294 759 1200023
303 691 699994
450 780 1200023
649 757 1600063
181 282 699994
5 284 1700073
96 367 299998
581 669 1600063
758 779 1300033
499 770 1400043
471 575 799993
162 752 1900093
145 746 799993
124 150 1400043
239 609 1900093
21 256 1900093
273 420 2000103
273 588 1200023
37 787 1800083
117 226 1700073
519 687 1
591 694 599995
135 525 1800083
33 94 1100013
717 731 1500053
152 190 1600063
530 603 1400043
55 679 1400043
75 187 1700073
233 611 1
310 609 899992
603 671 1500053
190 759 1600063
88 670 2000103
546 559 399997
245 277 199999
493 593 499996
58 368 1
121 570 1700073
201 378 799993
139 192 1900093
170 493 2000103
401 658 1600063
330 536 1500053
579 697 2000103
527 592 399997
214 533 399997
573 585 699994
462 662 499996
0 660 499996
554 590 1600063
126 425 1700073
242 708 1200023
300 398 299998
13 463 1900093
359 524 1300033
70 336 1
55 744 599995
516 553 599995
539 748 599995
24 151 299998
435 512 399997
168 585 1
16 17 299998
35 644 1100013
338 395 699994
41 250 1700073
701 759 1100013
609 764 799993
115 295 399997
6 248 299998
572 661 1700073
1 472 1600063
720 724 699994
207 727 799993
320 349 599995
189 502 2000103
260 585 799993
6 146 399997
448 694 1800083
193 635 199999
28 278 899992
258 564 199999
279 637 100000
3 369 1400043
92 630 1700073
344 569 1600063
16 187 1800083
267 582 1200023
585 747 1500053
188 437 299998
250 358 1200023
97 118 1200023
286 456 1700073
278 788 199999
371 694 1400043
118 497 799993
259 465 199999
15 391 699994
16 366 1300033
275 541 1700073
127 335 100000
64 401 1400043
364 614 1200023
255 680 899992
360 799 599995
134 291 399997
169 664 499996
428 500 199999
295 755 1400043
542 779 899992
45 472 699994
404 502 1800083
205 209 2000103
424 664 599995
180 211 499996
518 583 299998
452 546 199999
215 511 1600063
405 622 1
264 792 299998
201 326 1500053
79 729 199999
77 454 1400043
132 327 1700073
49 421 1500053
596 644 599995
180 366 299998
260 363 1600063
656 744 699994
660 681 1400043
109 510 1200023
214 593 199999
406 647 1300033
603 774 1800083
295 788 299998
130 745 1900093
399 435 1300033
196 598 199999
87 724 1
279 338 699994
364 727 299998
92 453 2000103
742 782 599995
47 545 499996
136 733 1300033
33 123 599995
58 570 499996
234 762 699994
95 327 100000
423 785 1700073
152 314 599995
100 645 1200023
308 695 399997
601 775 1400043
213 368 199999
210 338 199999
203 763 1600063
574 592 899992
233 497 1400043
189 418 1800083
310 760 199999
60 481 100000
234 248 699994
161 564 1200023
108 744 399997
400 592 599995
110 343 799993
239 377 599995
258 553 1100013
247 490 1500053
276 771 599995
479 577 1800083
541 712 499996
354 574 1400043
432 585 100000
273 706 100000
23 738 1300033
123 765 1700073
179 658 299998
16 294 1100013
445 455 1300033
199 644 399997
694 740 799993
251 615 499996
115 118 1300033
76 160 1100013
10 229 1700073
8 588 100000
329 704 699994
563 728 1300033
93 412 1800083
369 574 899992
183 399 1900093
38 362 2000103
108 510 1
250 613 1400043
667 770 299998
7 559 599995
5 264 1900093
308 732 2000103
608 647 1600063
61 463 1300033
39 211 499996
98 364 1800083
77 552 399997
93 386 1600063
224 268 699994
551 674 599995
224 532 1700073
647 673 799993
169 614 499996
176 193 1400043
51 400 699994
666 727 1600063
122 702 899992
342 431 1300033
601 615 199999
473 783 1900093
656 716 499996
25 71 899992
400 661 1
449 710 1700073
35 702 1800083
63 472 399997
508 514 499996
93 580 399997
114 442 1800083
375 568 1200023
7 534 899992
125 770 1200023
412 528 499996
170 174 1400043
487 504 1600063
59 545 299998
327 713 799993
96 320 1
122 141 799993
158 232 199999
245 688 1300033
249 636 1200023
230 544 299998
505 707 399997
464 665 1400043
443 517 1900093
284 783 2000103
202 256 899992
604 608 1500053
159 186 100000
89 410 1100013
499 709 1100013
474 729 499996
244 787 1200023
88 463 299998
386 431 1400043
74 744 199999
61 584 599995
176 339 499996
178 226 1400043
275 551 899992
614 664 1300033
382 639 499996
522 527 599995
389 510 399997
3 123 599995
779 795 1200023
160 286 1400043
685 727 599995
365 525 299998
270 442 100000
260 508 1
593 656 1200023
232 614 899992
477 657 499996
554 729 1900093
242 331 899992
149 199 499996
245 486 299998
40 134 899992
263 492 1800083
114 364 499996
179 639 1800083
552 626 399997
703 735 699994
584 594 1200023
8 12 399997
407 754 2000103
650 786 1900093
287 399 899992
391 492 100000
87 290 899992
460 519 1200023
61 144 1900093
33 790 199999
576 699 599995
70 730 1100013
65 676 1
437 470 1900093
493 597 299998
297 654 799993
252 267 100000
313 414 499996
203 254 1900093
164 573 1200023
147 461 1500053
28 43 599995
135 292 499996
305 737 100000
224 261 199999
384 474 499996
284 326 799993
527 538 699994
91 589 1700073
303 795 1
334 578 399997
7 670 100000
74 608 1300033
733 746 499996
315 460 1500053
399 492 1200023
127 137 599995
18 285 100000
51 558 100000
151 612 699994
303 323 199999
53 788 399997
229 292 499996
604 762 100000
91 171 1800083
159 707 399997
62 197 399997
672 675 699994
609 662 1700073
446 785 1300033
354 784 899992
238 734 1500053
327 343 1600063
317 757 1900093
88 714 699994
76 147 299998
242 603 599995
525 716 399997
584 754 1600063
396 473 599995
107 500 1300033
277 485 299998
456 514 199999
137 362 799993
377 719 100000
246 375 699994
123 673 799993
61 724 1300033
709 721 1800083
32 335 799993
477 697 1700073
487 503 899992
15 512 399997
421 644 799993
694 746 599995
80 698 1500053
343 624 1500053
117 396 299998
119 662 1800083
261 770 100000
257 606 899992
234 775 199999
266 394 2000103
603 767 699994
104 594 1800083
703 792 1900093
343 593 1900093
23 751 1
210 543 1200023
634 648 1300033
56 285 1600063
108 192 1100013
72 762 1400043
102 571 599995
110 374 199999
686 692 599995
477 796 499996
405 485 599995
376 485 399997
84 324 100000
102 790 1
87 455 899992
155 530 399997
107 464 399997
393 400 2000103
143 554 199999
291 599 1100013
334 448 199999
393 700 2000103
264 466 100000
162 631 1
220 310 399997
282 475 1
288 700 100000
273 440 1600063
417 537 299998
285 720 1600063
55 433 1100013
403 413 399997
87 667 1700073
500 653 100000
328 654 1
600 668 199999
92 423 399997
91 199 399997
68 163 1
506 550 1600063
131 229 1800083
543 565 1800083
148 476 399997
111 787 899992
184 225 799993
395 457 399997
274 388 499996
70 600 399997
362 561 1200023
324 734 1900093
95 108 1
199 379 599995
243 582 1800083
507 796 2000103
5 371 1100013
239 695 299998
410 753 699994
51 250 1300033
157 324 899992
247 699 799993
131 626 1600063
521 755 1100013
114 247 599995
493 781 899992
435 514 100000
261 427 799993
201 775 1100013
428 553 1500053
309 707 1300033
69 740 899992
444 447 100000
215 646 1700073
429 722 1200023
360 751 299998
317 529 1400043
235 442 1800083
198 499 399997
37 498 799993
494 604 1100013
90 444 1600063
214 326 1800083
153 498 1800083
479 771 100000
42 759 699994
156 642 199999
133 676 1500053
388 655 1700073
242 720 1400043
21 295 2000103
244 294 1500053
231 678 1400043
426 665 1
346 393 299998
180 538 1100013
283 453 1100013
446 509 499996
315 324 1700073
53 97 799993
59 440 2000103
80 221 299998
130 215 1700073
0 420 699994
79 285 699994
208 753 1
5 415 699994
63 470 2000103
85 278 1500053
411 726 1500053
40 334 199999
449 623 399997
447 794 599995
453 660 1800083
590 642 199999
33 96 1400043
108 754 299998
304 647 299998
156 744 799993
117 561 1400043
20 788 399997
461 684 1500053
334 479 399997
428 535 1100013
424 644 299998
619 655 399997
383 466 1400043
177 771 699994
70 301 899992
271 550 100000
86 503 1400043
163 397 1100013
126 216 1100013
164 628 899992
487 547 1500053
518 784 1200023
53 573 699994
546 748 1800083
578 709 899992
65 519 699994
558 644 1400043
253 345 499996
248 399 499996
34 415 1500053
580 728 599995
209 642 699994
189 571 1100013
138 704 799993
206 562 1700073
370 595 1800083
178 179 1900093
631 744 2000103
29 178 599995
166 221 1300033
198 693 599995
611 635 1800083
75 629 799993
254 316 799993
83 514 1600063
617 690 1
377 569 1900093
1 617 199999
456 658 399997
100 731 799993
287 686 1500053
646 661 399997
230 753 1600063
195 269 1400043
359 640 899992
63 371 1900093
15 160 699994
30 190 1200023
66 634 399997
365 652 1600063
123 526 1
287 319 499996
315 343 1700073
704 716 100000
542 670 399997
270 349 299998
349 661 2000103
59 702 799993
334 426 399997
643 747 299998
256 273 1200023
180 653 499996
5 324 100000
508 543 1900093
205 315 1800083
174 575 399997
101 190 699994
228 753 1600063
122 638 100000
466 699 1300033
188 754 1500053
199 556 1200023
293 611 1700073
613 703 399997
135 329 1400043
17 753 2000103
427 597 1700073
189 474 1100013
608 624 599995
623 637 699994
675 702 499996
529 724 899992
57 82 1100013
96 226 1300033
300 472 1200023
268 398 1400043
326 791 1400043
313 758 1
13 88 699994
171 466 1
138 493 299998
131 445 1300033
44 113 1300033
216 262 2000103
621 700 100000
80 721 299998
255 773 199999
279 668 299998
628 645 199999
52 728 1700073
577 752 100000
82 292 299998
120 483 1
51 550 899992
272 506 2000103
264 359 1800083
367 594 199999
565 777 1300033
562 687 899992
304 670 199999
69 170 1
139 151 1200023
56 397 199999
63 710 1200023
519 665 100000
481 531 399997
324 405 499996
243 484 899992
238 290 100000
684 714 1100013
125 406 1700073
78 333 1200023
738 774 599995
128 788 1700073
101 313 1500053
633 789 100000
189 633 1200023
492 793 599995
331 465 1300033
143 383 399997
582 769 399997
72 274 1600063
174 713 599995
242 602 1300033
237 320 1500053
390 446 499996
97 799 1700073
476 776 699994
163 541 1100013
58 223 1
102 152 199999
50 593 1400043
156 196 399997
471 578 899992
114 318 199999
532 671 899992
243 331 199999
546 633 699994
410 501 100000
164 775 1500053
274 532 1100013
206 618 1300033
117 495 1300033
189 306 1
368 541 399997
137 596 1400043
428 513 1300033
328 421 799993
411 500 699994
48 715 1700073
165 387 1100013
251 294 399997
268 667 1900093
602 645 1900093
82 215 100000
303 317 699994
127 535 1100013
353 383 499996
124 701 799993
14 19 499996
621 749 100000
642 681 799993
6 160 100000
116 693 1300033
137 725 1100013
641 762 100000
617 660 1300033
140 527 599995
496 548 299998
266 600 1400043
265 409 100000
166 244 100000
77 253 1
20 214 199999
595 774 1800083
427 697 1500053
155 571 1900093
152 595 499996
195 763 1100013
666 726 100000
323 355 1600063
9 292 599995
397 612 1600063
49 155 499996
434 742 2000103
224 444 1600063
242 300 2000103
79 124 799993
336 792 1400043
588 796 1900093
273 296 100000
131 566 1400043
144 575 599995
434 566 1600063
103 770 1900093
532 794 699994
366 388 1900093
295 596 899992
268 768 199999
279 740 799993
576 709 1200023
146 310 399997
500 777 599995
453 740 2000103
640 729 199999
417 636 299998
205 736 1
183 216 1700073
214 773 599995
370 488 1600063
555 675 1100013
106 688 1700073
277 767 1600063
233 755 1700073
179 443 1
702 767 1400043
633 743 1700073
329 726 1700073
23 206 1900093
382 688 599995
289 793 1200023
36 363 1100013
191 729 399997
229 245 499996
67 669 100000
57 775 1300033
33 536 399997
24 602 1900093
202 580 1700073
608 761 100000
282 518 1500053
549 716 1300033
256 340 1800083
605 671 1400043
51 339 1700073
187 401 1200023
449 668 1500053
187 328 1100013
341 744 199999
129 228 1100013
132 772 799993
239 533 1900093
514 728 799993
120 183 1800083
581 631 899992
193 433 299998
266 506 399997
266 330 599995
292 680 1300033
241 795 499996
301 673 199999
381 764 1300033
128 622 1700073
72 729 499996
221 596 899992
316 712 1500053
5 484 399997
163 477 1300033
22 436 2000103
69 573 699994
120 407 1400043
47 734 1300033
735 752 699994
114 613 1200023
10 445 1800083
345 528 1400043
71 789 1300033
141 328 199999
132 351 199999
93 647 1100013
539 750 599995
435 639 199999
51 609 1600063
52 758 1100013
230 262 499996
571 641 399997
182 334 1300033
641 753 299998
76 570 1800083
47 271 1400043
514 681 599995
177 321 899992
641 751 299998
136 563 399997
195 601 199999
296 781 399997
612 630 1200023
213 220 1600063
297 754 599995
230 671 1
211 678 399997
590 743 299998
530 592 899992
418 481 100000
94 794 1500053
480 571 1200023
27 320 1500053
107 426 2000103
245 713 299998
39 597 1800083
441 468 599995
151 335 399997
28 189 1800083
83 433 1900093
187 321 1
588 594 100000
534 690 299998
32 658 1100013
25 91 199999
80 457 399997
342 531 499996
142 558 1400043
451 690 1900093
304 467 899992
342 347 1600063
714 721 299998
423 656 1300033
523 770 2000103
165 381 599995
22 785 699994
144 231 1100013
224 439 1700073
271 577 699994
0 43 499996
113 618 1
171 185 100000
581 791 499996
78 373 1400043
18 386 1800083
356 465 399997
500 608 499996
33 459 2000103
295 353 1600063
1 257 599995
239 340 799993
575 625 1400043
367 606 1700073
31 227 399997
308 361 299998
25 99 100000
625 670 1100013
22 350 2000103
7 524 1800083
219 469 1900093
170 513 1100013
129 163 899992
211 217 2000103
583 777 899992
306 754 199999
325 562 199999
180 393 499996
423 572 199999
355 459 499996
87 469 1200023
663 775 699994
365 724 199999
157 697 1100013
3 62 299998
550 745 499996
439 552 199999
356 777 899992
473 747 1500053
418 490 1100013
382 676 100000
400 602 1800083
248 388 1300033
479 747 1300033
464 729 1400043
556 756 1800083
103 443 299998
200 324 1400043
237 550 1700073
220 249 799993
64 409 1
22 32 399997
182 610 499996
387 490 499996
115 165 1700073
580 680 1400043
378 552 199999
158 533 1500053
65 580 499996
7 536 1
369 730 1800083
314 467 599995
237 591 1200023
171 709 599995
181 384 799993
66 175 1
460 557 1400043
614 674 899992
556 723 399997
115 511 1300033
212 567 2000103
136 418 599995
646 648 199999
531 544 1300033
112 746 1100013
260 777 1800083
611 780 699994
10 605 1900093
340 791 1100013
491 710 1600063
515 717 1700073
225 241 1200023
325 629 1700073
253 746 1900093
464 475 399997
51 176 699994
392 524 699994
95 570 399997
682 717 1600063
73 262 599995
497 787 1
56 594 899992
217 645 1500053
295 796 399997
285 447 399997
73 653 899992
147 621 1200023
158 482 100000
144 608 299998
599 612 499996
187 191 1400043
31 620 499996
586 795 1
169 526 1500053
372 725 399997
359 740 2000103
71 85 1700073
158 288 1400043
202 319 2000103
515 725 799993
41 532 699994
89 186 1500053
177 240 499996
112 334 799993
218 758 1700073
266 355 299998
194 717 1500053
191 538 2000103
327 401 599995
448 799 1400043
52 766 699994
229 414 1900093
109 740 1700073
351 499 199999
514 732 1
1 9 299998
190 398 1600063
399 469 1800083
476 759 1400043
2 431 1800083
92 326 399997
155 697 1
59 203 799993
233 754 1600063
368 600 1100013
298 600 1600063
145 232 199999
404 405 1100013
173 635 399997
126 731 1400043
123 665 2000103
300 574 699994
477 772 1900093
244 463 1500053
451 614 599995
48 242 799993
353 716 1400043
284 484 899992
21 629 1200023
210 483 599995
364 739 799993
667 739 399997
249 576 799993
269 589 1400043
199 253 299998
62 512 1100013
221 684 1
486 563 1500053
169 422 199999
89 342 799993
158 307 1700073
39 158 1500053
40 122 2000103
164 728 1700073
141 684 100000
68 527 199999
230 702 1
516 733 699994
190 717 1200023
390 789 1700073
377 419 899992
200 452 1400043
296 370 1
3 19 1
535 761 799993
447 720 2000103
184 586 1700073
57 382 100000
186 445 1500053
37 723 299998
186 688 399997
571 593 1200023
273 315 1700073
319 590 299998
132 685 299998
510 644 499996
637 645 1
325 426 199999
507 601 1600063
241 728 399997
76 565 1200023
272 625 599995
539 612 699994
372 402 899992
42 241 1500053
200 315 899992
111 463 1800083
373 663 499996
713 742 1600063
52 490 2000103
346 379 699994
315 454 1400043
32 646 499996
411 672 1500053
91 499 1400043
106 489 199999
597 768 1400043
97 774 399997
220 431 199999
475 483 2000103
248 650 1800083
308 563 2000103
2 604 1200023
423 760 899992
181 229 799993
4 486 899992
16 524 199999
612 696 1700073
250 397 499996
403 407 1800083
409 452 199999
79 512 1200023
420 543 1700073
423 757 1700073
222 298 399997
140 644 1200023
336 438 2000103
326 500 399997
344 538 1600063
267 491 1200023
501 675 1100013
313 543 1400043
171 742 299998
393 728 399997
410 489 100000
369 612 2000103
588 668 1600063
305 355 1100013
80 673 199999
486 532 1
396 472 499996
577 746 1200023
503 615 899992
500 751 399997
76 702 1100013
70 694 699994
12 453 100000
394 558 1800083
212 216 399997
56 537 799993
261 335 1
82 319 1400043
696 772 100000
323 541 1500053
155 713 299998
84 164 299998
295 684 1
364 585 1500053
142 162 1700073
188 313 699994
307 589 1600063
394 762 499996
221 592 699994
198 421 499996
376 570 1500053
101 412 100000
304 772 1
438 511 299998
184 772 899992
583 792 1900093
462 696 599995
155 282 1300033
0 622 1100013
48 289 1900093
637 779 699994
189 674 1500053
185 701 899992
233 667 1300033
235 404 1700073
101 169 299998
265 586 2000103
153 675 399997
127 582 499996
448 568 1200023
458 684 1100013
67 192 1400043
308 438 1200023
484 492 1
86 462 1
0 106 1900093
30 634 1200023
8 256 199999
611 676 699994
216 311 1100013
351 637 199999
272 401 1400043
35 203 699994
276 630 399997
378 747 1400043
674 719 2000103
295 709 1700073
316 793 899992
188 296 1700073
513 645 1500053
34 407 799993
182 425 100000
372 558 1800083
621 799 1800083
229 475 299998
522 736 599995
66 178 1600063
522 738 1600063
19 247 799993
138 154 1100013
480 599 2000103
72 705 599995
537 717 2000103
567 749 1500053
207 513 499996
257 773 1
265 796 599995
225 644 1700073
111 460 1700073
559 568 499996
123 788 100000
149 684 499996
24 441 1900093
397 510 599995
153 218 2000103
462 563 1400043
45 525 699994
338 433 1
582 768 1900093
63 751 1700073
358 482 899992
110 263 2000103
112 750 1200023
313 512 1
408 464 399997
17 765 799993
391 457 899992
443 722 1400043
300 795 1600063
601 708 2000103
293 303 899992
534 699 1400043
153 457 1100013
238 696 1400043
356 461 499996
3 299 1500053
16 328 699994
332 594 599995
736 778 599995
454 514 100000
468 551 100000
27 260 1900093
47 224 699994
221 590 1300033
466 554 1400043
284 644 1200023
210 508 1100013
185 672 1700073
380 483 2000103
97 631 899992
17 150 699994
490 767 2000103
1 670 1300033
152 479 699994
592 789 1900093
330 340 1
109 288 1800083
586 778 100000
354 733 599995
678 796 599995
35 507 1900093
120 638 1700073
84 665 1
649 692 1900093
65 735 1800083
214 410 499996
169 301 1900093
42 185 1800083
330 429 100000
342 786 1700073
551 650 1600063
207 236 1900093
1 101 799993
180 378 1500053
31 351 899992
40 300 599995
147 786 1900093
474 739 1600063
73 314 1800083
258 734 1100013
361 699 1700073
76 252 2000103
99 244 1900093
684 727 1700073
44 274 100000
105 694 399997
156 657 1600063
42 717 599995
129 652 1800083
52 178 799993
81 84 1400043
167 553 1100013
434 711 2000103
137 499 899992
38 299 299998
272 323 1800083
483 527 1
190 650 1200023
106 615 199999
300 326 1800083
351 585 599995
58 286 399997
84 360 1500053
357 386 899992
614 725 2000103
243 302 100000
366 397 599995
490 560 1500053
101 579 1400043
393 770 299998
639 793 1400043
285 733 299998
104 660 1500053
549 672 199999
181 320 2000103
384 749 799993
221 272 1100013
102 330 1600063
58 531 2000103
146 244 799993
166 778 599995
48 378 1700073
17 637 2000103
400 774 1600063
404 715 399997
10 501 1800083
2 161 1
81 393 1800083
632 673 1900093
626 686 199999
398 532 1900093
364 641 1100013
33 64 599995
74 567 1500053
69 437 1900093
33 226 799993
324 648 199999
377 685 1800083
341 453 1500053
103 786 1500053
76 797 599995
12 210 100000
245 480 799993
81 147 1400043
100 262 100000
319 662 899992
220 225 1300033
37 214 1900093
118 724 1300033
193 767 1700073
257 627 1500053
285 402 1300033
181 259 1400043
243 658 1700073
476 707 2000103
149 424 2000103
289 381 199999
415 664 1500053
486 673 100000
256 634 699994
250 773 799993
164 419 1200023
85 614 1700073
121 430 1800083
622 774 100000
159 348 1100013
73 308 599995
238 607 1700073
158 229 1800083
124 380 199999
185 689 1700073
35 596 899992
209 344 699994
115 745 1300033
63 701 1500053
475 747 1400043
651 717 699994
85 691 1600063
53 133 1300033
26 420 199999
549 611 1200023
189 312 1300033
3 78 2000103
155 478 799993
391 590 1700073
54 303 1600063
391 748 799993
84 272 1200023
719 720 899992
210 577 1600063
196 637 299998
498 596 899992
710 728 1
286 520 699994
11 142 1
176 786 1700073
81 349 1700073
58 532 1
170 648 299998
628 733 1600063
44 245 799993
236 466 299998
84 460 599995
466 618 2000103
194 615 1400043
5 155 1400043
414 728 1500053
740 760 2000103
355 688 1100013
15 58 1800083
307 652 599995
679 757 399997
108 561 799993
19 442 699994
270 407 299998
21 200 499996
413 590 399997
501 591 1500053
276 462 399997
425 547 1
592 627 1400043
63 277 1300033
239 647 2000103
16 216 399997
558 694 199999
389 773 799993
350 672 1600063
546 636 1600063
632 774 199999
324 723 199999
107 595 299998
221 256 1100013
47 69 499996
24 342 1400043
11 378 1100013
389 756 1100013
236 627 1
31 716 599995
218 597 599995
16 462 2000103
86 476 1600063
305 738 599995
204 576 1900093
47 278 1800083
29 101 799993
35 680 2000103
97 516 399997
195 465 1100013
259 432 599995
162 496 199999
226 701 1100013
402 639 699994
245 733 1100013
434 797 799993
655 754 1500053
367 645 1700073
207 283 1900093
525 572 699994
87 201 499996
743 765 1200023
273 282 1700073
568 770 1100013
34 559 599995
478 758 399997
374 670 899992
248 476 599995
458 762 1
339 799 699994
36 352 799993
576 693 899992
107 695 1900093
482 704 1300033
167 418 299998
246 439 1
1 275 1300033
409 467 399997
201 209 299998
456 617 1500053
717 721 100000
411 468 1200023
654 682 1300033
758 793 699994
32 651 1500053
20 490 199999
591 717 899992
54 597 1800083
682 724 499996
360 710 1100013
75 270 599995
162 761 1
50 544 1200023
286 711 199999
287 775 499996
488 621 1200023
298 727 1200023
554 722 1400043
109 606 1500053
449 567 499996
287 776 1900093
21 608 1800083
294 437 399997
310 538 899992
547 794 1
28 136 1900093
7 481 899992
674 716 1800083
15 268 899992
371 460 100000
6 580 1800083
155 420 1600063
291 468 100000
374 568 299998
370 462 1500053
565 677 1
355 732 1200023
21 155 199999
154 789 1
314 367 399997
473 518 1700073
604 680 1500053
28 587 1900093
112 513 699994
260 365 1
70 171 1700073
536 778 1
92 137 1800083
234 666 1300033
114 166 499996
586 797 399997
340 417 2000103
540 614 1600063
65 753 1700073
94 188 1300033
553 584 899992
279 737 1600063
355 413 1300033
24 95 899992
508 513 399997
353 634 1
592 638 299998
165 794 1300033
63 640 299998
23 99 1300033
595 763 1500053
414 593 599995
269 545 399997
292 519 1600063
176 256 199999
29 760 1900093
447 544 2000103
60 519 100000
11 210 799993
175 206 1100013
611 638 1600063
106 780 1100013
170 196 1400043
404 441 1100013
92 282 699994
152 518 1200023
94 680 799993
221 641 1500053
158 542 1200023
224 479 1200023
96 237 799993
101 787 1400043
54 218 1200023
32 132 100000
80 103 1900093
364 371 799993
114 446 1400043
114 468 1200023
83 294 299998
396 772 1500053
185 765 1200023
98 117 1800083
356 430 1500053
196 257 599995
297 599 1800083
17 194 1200023
419 528 599995
90 655 799993
207 448 1700073
395 490 100000
142 695 799993
272 360 1100013
450 620 1800083
77 79 899992
360 630 399997
268 309 1
571 725 1600063
57 201 299998
84 248 2000103
204 499 299998
421 736 100000
29 754 100000
251 433 599995
347 736 1
171 310 699994
82 773 1700073
146 770 499996
504 740 1800083
410 473 699994
553 690 1200023
574 738 1400043
154 461 799993
276 409 1200023
6 279 1600063
2 427 1700073
34 341 1
148 224 1700073
524 632 1900093
583 657 1300033
176 677 199999
693 768 1400043
692 786 499996
330 540 799993
276 497 1300033
744 786 799993
369 570 2000103
80 716 1
105 333 1200023
128 755 799993
448 606 899992
158 223 1600063
376 652 2000103
156 381 499996
110 631 799993
363 537 100000
486 791 1900093
284 509 1500053
469 745 1800083
243 405 1300033
617 643 299998
35 363 899992
258 607 1100013
2 595 399997
466 766 499996
317 675 1
451 768 699994
521 769 799993
666 712 699994
143 507 1100013
535 598 2000103
354 447 699994
212 363 1800083
136 564 699994
186 213 299998
146 668 100000
229 756 699994
295 532 1
255 466 1
172 710 1100013
137 309 399997
169 791 1600063
329 388 1200023
116 705 699994
331 667 100000
393 409 1300033
69 569 2000103
271 567 1800083
574 636 1900093
226 437 1100013
431 569 1200023
29 764 1500053
317 357 299998
209 518 1600063
281 629 1100013
207 441 1900093
253 760 399997
431 432 899992
533 638 1500053
547 784 1200023
312 468 1800083
105 326 1200023
633 667 1600063
497 685 1500053
9 78 1600063
344 746 2000103
226 346 499996
455 701 799993
211 226 1300033
455 781 699994
271 464 699994
345 473 799993
432 485 1
517 780 499996
441 756 899992
461 470 1600063
34 211 2000103
668 797 599995
207 405 1900093
533 640 699994
92 613 1700073
263 337 1500053
117 270 899992
31 631 1800083
362 677 2000103
279 391 599995
254 625 1600063
202 677 2000103
561 640 1400043
399 777 699994
533 785 399997
445 656 1600063
431 474 499996
410 607 299998
67 248 199999
54 628 599995
173 680 2000103
24 520 1
451 793 499996
520 650 1400043
21 100 1200023
299 547 1500053
110 737 199999
94 124 1700073
206 614 1100013
455 652 2000103
488 578 1500053
246 444 299998
172 410 1300033
481 619 699994
33 229 1100013
416 512 1500053
37 614 1400043
94 382 599995
482 747 199999
89 257 100000
91 635 1600063
253 714 499996
429 746 1400043
118 618 1900093
211 396 299998
329 361 1
644 776 699994
430 449 799993
74 394 799993
51 301 399997
302 402 1100013
258 392 1
80 341 1900093
265 742 1300033
363 775 299998
300 761 299998
31 300 799993
116 332 100000
272 616 1
173 720 1700073
710 769 2000103
17 748 199999
257 676 1300033
210 686 1900093
428 660 899992
180 296 1
181 529 1100013
453 544 299998
258 306 1500053
125 296 2000103
428 471 599995
465 525 1
1 315 599995
282 477 1500053
48 660 1100013
769 796 1800083
114 234 1200023
192 462 899992
299 597 1800083
102 254 1600063
167 287 2000103
11 605 599995
387 751 1100013
280 688 1200023
111 374 1400043
208 415 1200023
131 560 1400043
50 174 1
408 691 1700073
253 401 1400043
335 581 799993
48 106 1200023
119 506 1600063
231 361 1200023
318 471 399997
453 637 599995
44 325 1300033
340 435 499996
339 622 100000
243 704 1200023
170 697 1100013
382 638 199999
274 662 100000
31 572 1400043
72 619 1200023
278 591 1
53 88 1400043
730 763 699994
201 702 1300033
159 499 499996
648 774 100000
23 580 1900093
25 756 1800083
13 705 1
263 672 799993
387 503 1200023
352 792 899992
478 784 399997
80 498 499996
21 795 699994
206 679 199999
322 498 799993
202 492 1800083
486 645 299998
258 622 2000103
64 91 1400043
93 107 1800083
660 742 299998
335 594 1300033
5 667 399997
114 492 699994
747 798 1600063
436 683 899992
81 432 399997
20 211 1400043
263 606 599995
331 639 1300033
370 475 100000
274 476 1300033
47 206 299998
116 609 1800083
8 732 399997
77 504 1800083
108 124 799993
653 762 499996
336 703 1100013
186 312 499996
460 479 499996
216 773 1300033
12 318 1
277 783 2000103
613 695 1300033
415 644 1
157 395 599995
47 55 1500053
173 606 699994
27 717 1
423 743 1900093
338 476 1600063
287 312 899992
31 470 100000
289 459 1600063
372 543 1600063
269 510 1700073
93 460 1900093
380 447 1400043
509 771 199999
137 275 1100013
346 651 799993
460 682 199999
63 176 1800083
332 505 1100013
408 468 199999
371 473 399997
194 761 1100013
459 570 799993
25 707 2000103
285 469 1600063
364 589 100000
352 498 1200023
274 767 1700073
163 524 1900093
254 315 2000103
152 781 1500053
179 208 1700073
365 577 2000103
98 649 199999
41 692 1400043
610 776 799993
157 775 499996
343 730 399997
329 747 299998
41 586 499996
93 379 1300033
0 53 199999
149 449 100000
92 391 1500053
289 732 1700073
277 540 399997
50 114 1500053
369 443 1900093
205 429 2000103
9 701 1800083
553 784 1200023
39 559 899992
555 712 1800083
456 696 599995
13 160 1600063
148 266 1500053
126 491 399997
237 317 1
174 718 199999
183 200 499996
157 507 199999
450 559 1600063
54 629 1600063
464 636 499996
414 767 100000
273 361 1600063
180 615 1600063
164 562 1700073
65 510 1600063
171 643 1500053
111 685 1700073
80 676 1
114 764 1600063
252 693 699994
445 703 2000103
276 487 2000103
481 556 399997
188 545 299998
104 567 599995
159 726 1500053
416 685 1900093
372 773 1
397 748 1100013
430 615 399997
22 59 1700073
561 617 100000
57 335 1900093
166 448 1800083
231 784 799993
116 687 1300033
128 530 2000103
246 795 299998
385 395 1100013
91 436 1500053
228 660 1
464 787 199999
372 406 100000
85 484 1200023
403 638 1200023
663 680 100000
298 401 1500053
388 551 799993
24 697 799993
375 409 199999
452 744 1700073
79 672 399997
536 594 1200023
436 765 1100013
639 704 399997
275 378 100000
101 628 899992
126 194 1
97 426 699994
29 147 899992
222 392 599995
148 673 1700073
14 130 100000
114 510 299998
247 469 1700073
59 583 1700073
302 718 2000103
230 704 199999
124 788 599995
576 678 1900093
234 596 1600063
86 270 899992
403 461 799993
753 798 399997
519 775 1600063
485 523 699994
261 694 1500053
214 358 1200023
43 557 199999
264 496 1200023
627 755 599995
494 712 1500053
701 730 199999
37 39 1800083
235 598 100000
40 315 599995
129 406 100000
86 693 1400043
168 269 1500053
6 581 1400043
139 737 599995
354 761 1900093
104 218 1200023
183 338 2000103
516 587 1600063
220 591 699994
545 710 1800083
73 132 1600063
221 442 799993
350 394 1700073
291 596 399997
412 441 599995
8 536 599995
155 307 1
95 211 1100013
147 402 599995
460 743 1900093
223 316 699994
280 491 1200023
433 631 1600063
97 704 1500053
537 763 299998
3 783 1900093
77 174 100000
396 745 1
373 748 599995
537 704 1800083
80 252 1200023
271 668 1300033
456 679 1500053
60 576 1800083
39 788 1600063
156 185 2000103
575 673 1500053
241 651 799993
107 572 199999
145 315 199999
292 659 1900093
536 657 1400043
281 541 599995
247 707 1200023
161 543 799993
281 461 1500053
568 621 899992
445 682 399997
629 645 2000103
365 422 1800083
355 493 1800083
86 732 1800083
25 125 599995
177 268 899992
152 798 1300033
114 309 399997
368 674 1500053
6 120 1400043
652 758 599995
92 762 1300033
715 741 399997
0 705 799993
62 275 299998
569 642 1100013
307 609 2000103
163 371 499996
17 361 1700073
118 291 599995
457 632 1900093
0 348 1
55 742 2000103
280 379 1
165 703 1100013
33 106 599995
305 543 1800083
94 358 1600063
1 634 1200023
507 668 599995
14 620 1700073
127 527 799993
221 514 1500053
66 357 899992
461 517 1100013
531 749 1
300 760 199999
354 692 899992
298 313 899992
146 670 699994
280 453 1500053
47 789 199999
29 652 100000
249 271 1700073
98 306 2000103
181 735 100000
47 465 199999
95 498 399997
368 613 1300033
58 417 599995
292 368 599995
106 448 699994
23 646 199999
535 630 1800083
171 566 100000
41 398 299998
680 766 699994
72 312 1300033
49 235 799993
115 380 299998
203 502 1
366 752 1500053
467 679 100000
272 664 299998
130 285 1500053
362 509 299998
530 799 899992
19 447 1100013
574 662 399997
98 123 1800083
112 411 1200023
319 659 1800083
443 687 699994
275 608 299998
266 771 1300033
340 348 1900093
4 634 1300033
50 292 1600063
477 716 1600063
682 772 1600063
102 145 299998
138 367 1300033
100 327 1600063
503 521 199999
163 718 899992
76 189 1100013
134 789 1800083
718 777 1900093
251 798 100000
231 459 2000103
93 337 1200023
336 637 599995
210 360 499996
201 549 1200023
32 139 2000103
686 727 100000
655 703 1600063
147 299 1200023
367 458 1
178 677 1800083
53 728 899992
84 198 100000
313 377 2000103
27 202 1600063
425 736 100000
86 332 899992
217 420 1100013
239 366 1100013
301 778 1900093
366 719 299998
606 774 1200023
514 654 299998
250 422 1300033
36 153 100000
252 681 1200023
63 475 100000
526 549 299998
138 677 1600063
219 735 100000
187 526 1500053
171 176 2000103
132 211 899992
662 783 499996
90 279 1900093
96 370 1800083
157 687 100000
122 560 1600063
258 518 1200023
13 213 1600063
127 698 1100013
87 431 1800083
228 709 1500053
466 704 599995
584 716 1600063
25 50 1400043
450 621 799993
10 37 499996
553 631 899992
403 643 1200023
175 501 1
582 725 299998
24 469 699994
109 476 1700073
172 284 1100013
173 723 899992
25 697 699994
385 607 299998
13 477 1500053
39 714 1700073
51 488 1700073
244 683 1800083
155 615 2000103
177 346 100000
249 776 499996
64 721 899992
203 757 1800083
431 664 1
325 652 699994
93 94 1700073
617 796 599995
164 790 299998
68 336 399997
102 103 1400043
260 294 1800083
288 603 1100013
220 436 100000
130 148 1100013
130 647 1600063
65 726 100000
109 668 1400043
177 561 1400043
145 706 100000
186 644 1800083
82 279 299998
125 383 1200023
325 739 299998
9 713 1400043
218 699 1500053
206 367 699994
161 472 1100013
256 450 499996
389 502 1700073
136 639 499996
545 783 599995
222 735 1900093
135 309 1500053
172 340 1800083
413 512 199999
40 250 399997
130 630 1
390 410 299998
459 571 1600063
175 312 2000103
142 574 2000103
7 511 599995
56 598 199999
614 662 199999
493 728 1900093
110 611 1500053
159 758 599995
404 429 399997
413 625 299998
497 598 1800083
489 548 599995
302 475 399997
104 707 899992
344 736 199999
19 772 2000103
83 437 399997
65 640 699994
433 756 1100013
676 698 1
544 672 299998
0 661 1100013
319 437 799993
17 175 1200023
156 262 599995
222 447 399997
185 543 299998
287 753 699994
47 778 499996
480 743 1600063
183 745 1500053
33 364 1600063
122 203 1300033
395 592 1500053
600 622 399997
216 289 899992
100 218 1300033
645 772 499996
353 589 1500053
311 531 199999
179 238 1700073
336 490 1400043
147 598 2000103
438 482 1500053
309 593 1800083
294 399 2000103
366 538 1500053
281 481 599995
252 486 799993
114 169 1800083
232 729 1400043
222 466 699994
127 787 1200023
458 786 2000103
128 722 1300033
133 377 199999
461 760 1
80 702 399997
204 329 1300033
200 328 499996
578 740 799993
529 570 1
527 587 899992
292 319 1900093
558 668 1800083
205 312 1700073
510 671 299998
605 739 1600063
25 306 1200023
43 594 1500053
653 777 1300033
28 563 399997
61 641 799993
91 751 1800083
672 744 399997
159 349 599995
267 490 2000103
74 750 699994
44 367 100000
372 613 499996
406 565 799993
244 623 199999
197 774 899992
178 754 1800083
188 605 599995
11 402 1300033
488 707 599995
111 457 1100013
116 418 1400043
215 218 299998
736 764 2000103
528 697 2000103
292 765 1900093
73 251 1100013
216 798 1300033
585 719 1100013
29 165 599995
166 766 1
202 442 1
132 402 1400043
523 555 1600063
461 522 299998
176 431 299998
128 620 799993
184 551 899992
248 351 1800083
255 751 799993
393 565 1300033
212 716 1
477 543 1600063
31 191 1500053
93 479 1300033
455 651 1900093
255 393 199999
11 33 799993
12 197 1100013
161 739 1100013
0 260 1400043
134 192 1300033
6 421 2000103
406 558 1700073
476 745 100000
40 669 1
586 706 1300033
116 437 299998
478 671 799993
98 208 199999
217 768 799993
53 155 399997
44 474 2000103
187 566 1700073
666 748 1900093
31 358 1700073
107 238 1800083
34 387 1300033
68 290 1100013
127 296 1900093
346 726 499996
164 498 2000103
476 597 1600063
493 533 1700073
703 739 1600063
180 556 1900093
364 675 299998
439 657 699994
262 320 499996
358 706 1800083
292 745 1300033
321 672 299998
90 686 899992
85 170 1600063
505 627 399997
502 701 1400043
311 534 1
131 762 1100013
659 724 199999
6 798 1700073
665 693 1600063
321 708 1100013
71 779 1200023
540 607 1400043
300 509 299998
526 730 2000103
25 449 1700073
268 433 1800083
231 588 199999
186 386 799993
336 446 599995
45 616 399997
47 592 1
440 539 1300033
66 304 899992
730 788 1600063
63 332 1700073
16 306 599995
561 798 1
351 355 699994
357 563 1700073
402 714 1700073
52 632 1700073
284 761 100000
38 96 1
227 647 1700073
87 518 499996
76 456 199999
543 661 1300033
392 786 499996
19 204 199999
452 517 1900093
187 683 299998
433 546 799993
85 408 1400043
244 298 1300033
541 654 499996
2 215 100000
163 315 299998
29 383 100000
273 452 1400043
711 724 1600063
326 649 299998
105 494 100000
420 795 199999
32 741 1900093
619 708 1700073
209 549 1200023
54 416 1600063
599 742 499996
64 345 399997
333 747 299998
462 590 499996
24 436 1
414 777 1600063
125 334 499996
118 534 1
26 393 899992
396 424 1800083
140 683 1200023
320 775 1900093
492 751 1900093
30 780 1900093
82 726 100000
174 592 599995
95 537 199999
226 697 1600063
184 589 1600063
56 254 1600063
357 548 1100013
523 578 299998
69 705 299998
478 573 199999
284 610 1
783 786 2000103
600 762 1800083
7 705 1600063
35 379 799993
298 586 899992
154 205 1200023
16 599 100000
302 438 399997
97 670 2000103
534 672 1400043
249 359 1600063
663 797 599995
170 229 100000
19 432 1900093
121 196 1500053
44 735 499996
5 627 1
62 235 100000
187 315 1900093
40 787 699994
578 735 899992
154 284 399997
26 690 599995
450 636 1500053
64 189 1100013
41 572 199999
112 640 1900093
202 583 599995
694 794 1700073
150 610 599995
143 150 2000103
422 719 399997
124 276 1900093
150 354 1800083
186 792 599995
378 604 1900093
505 570 1400043
279 756 1800083
229 559 1600063
195 444 2000103
208 790 1300033
45 567 599995
68 546 399997
11 620 1100013
138 271 1800083
366 650 2000103
243 668 1200023
143 731 2000103
57 794 1500053
159 549 1500053
165 665 299998
12 351 1800083
526 779 199999
257 335 1900093
200 391 199999
117 735 100000
372 702 1400043
228 366 2000103
122 654 599995
155 270 199999
5 626 299998
510 620 2000103
554 563 1300033
67 751 899992
339 460 1100013
96 689 699994
111 188 399997
160 592 1200023
117 175 1800083
256 708 1500053
36 58 299998
109 263 699994
105 699 1300033
538 782 100000
71 328 699994
70 388 599995
366 715 1700073
79 540 1300033
76 497 1500053
257 550 1300033
51 747 100000
278 754 1900093
442 456 299998
390 581 2000103
425 641 1
145 286 899992
68 106 1700073
202 486 699994
590 609 2000103
187 297 1400043
103 547 1700073
66 783 499996
537 692 399997
309 675 1500053
237 422 1700073
472 514 899992
461 748 1300033
304 725 699994
303 313 1800083
181 351 1900093
348 478 299998
246 309 199999
410 640 1900093
558 719 100000
234 661 799993
230 698 699994
735 794 1400043
102 715 1600063
563 638 899992
300 700 1100013
296 347 1500053
357 547 1900093
553 673 599995
349 390 1100013
502 769 299998
32 495 199999
85 353 799993
629 736 1900093
468 613 599995
122 293 499996
48 617 1100013
39 357 1100013
449 739 1600063
620 792 1400043
658 731 1
330 562 1200023
309 322 1900093
126 428 100000
140 797 599995
267 342 1400043
42 340 2000103
137 458 1400043
27 689 1500053
143 714 1100013
218 757 499996
35 331 1800083
240 644 399997
369 590 1200023
293 581 599995
5 364 2000103
36 323 299998
712 770 1400043
34 653 199999
365 568 1200023
340 763 1
155 166 1
151 465 1300033
224 571 1200023
101 751 299998
304 317 599995
155 302 1600063
27 51 1200023
58 229 1
173 630 699994
524 589 1400043
119 795 899992
677 717 299998
341 743 1800083
274 417 1900093
465 513 1900093
334 511 899992
113 420 1100013
359 496 199999
169 401 2000103
154 528 2000103
8 60 1400043
133 497 499996
322 699 899992
575 663 1200023
386 674 1700073
257 380 699994
57 478 1200023
411 433 1200023
11 565 100000
112 172 1400043
14 580 1100013
247 378 1200023
240 285 699994
328 790 299998
373 408 199999
735 755 599995
497 637 100000
252 276 1700073
170 438 1200023
237 798 1900093
255 560 1400043
545 547 1
274 707 799993
251 780 399997
738 763 1700073
204 746 1400043
269 693 1
208 720 399997
556 646 1500053
187 668 2000103
523 593 899992
754 779 699994
408 531 1500053
34 113 1
221 728 1100013
387 605 100000
110 182 1800083
234 278 699994
363 439 1200023
601 716 799993
172 485 1100013
4 565 199999
504 650 1800083
220 380 599995
184 741 1200023
121 327 599995
382 666 1200023
54 563 1
136 378 1100013
281 579 1500053
210 491 399997
86 522 299998
35 601 199999
20 520 1700073
51 635 100000
172 793 1900093
524 733 899992
163 259 899992
71 417 1200023
132 285 499996
27 537 1400043
218 222 399997
26 672 1700073
146 546 899992
245 287 1600063
152 666 1200023
78 298 1300033
737 739 100000
245 328 1300033
275 438 799993
371 441 1900093
480 572 399997
469 739 299998
53 269 1700073
315 622 199999
327 441 1300033
158 248 2000103
628 656 1600063
16 127 2000103
313 499 499996
121 696 100000
438 525 599995
609 748 899992
295 768 2000103
595 679 1900093
37 794 100000
15 74 299998
31 380 199999
303 759 299998
70 751 799993
225 579 899992
215 431 1300033
16 439 1400043
25 343 1500053
4 385 199999
265 658 1
319 677 399997
376 738 599995
691 755 1500053
295 687 1600063
11 768 699994
384 608 899992
156 392 1700073
442 604 2000103
90 774 599995
287 327 1
260 327 1700073
124 625 1300033
377 716 1300033
48 510 2000103
449 666 1
475 644 1200023
122 667 1900093
414 614 599995
370 670 699994
9 680 699994
13 202 299998
7 505 799993
641 752 1800083
255 723 299998
383 735 799993
76 156 100000
147 778 899992
39 510 1800083
472 545 899992
578 718 299998
28 352 2000103
576 724 199999
424 630 1700073
293 474 1400043
218 237 1400043
120 438 1300033
510 788 1
432 724 599995
203 397 1800083
52 384 499996
236 603 1900093
387 604 1100013
106 404 899992
646 752 1400043
271 317 1300033
371 483 599995
75 165 199999
642 741 1
211 216 599995
462 481 1200023
496 653 699994
119 745 2000103
627 652 1400043
44 765 599995
125 578 1800083
278 589 1400043
472 628 1800083
176 569 1600063
589 653 399997
323 551 599995
41 736 1
321 338 199999
99 412 799993
96 736 2000103
583 695 899992
37 238 1600063
401 403 1900093
625 708 399997
165 657 1400043
72 725 599995
237 465 399997
293 416 1500053
637 700 299998
658 793 100000
90 311 1400043
240 607 1800083
605 681 2000103
