EDGELIST
900 3600 2 78855376
580 795 1000001
289 833 300008
209 786 1000101
415 496 300008
104 330 700071
562 843 900002
819 886 900091
365 725 1000001
469 850 500051
363 608 400007
279 859 700071
2 763 900091
72 862 600061
185 648 300031
604 670 600061
389 664 500051
646 801 300031
320 880 400007
14 281 400041
165 387 400041
512 810 1000001
262 392 300031
241 680 900091
323 485 200021
205 412 700071
62 812 100011
554 737 100010
632 896 500006
514 816 300031
471 808 300008
128 724 1000101
185 773 600005
718 883 300031
401 432 1000001
499 550 700071
390 565 200021
383 419 400041
57 224 100010
169 509 500051
500 768 400041
200 300 100011
182 234 300031
73 193 100011
722 731 600061
199 805 400041
79 88 900091
322 573 600005
45 183 500051
18 352 1000001
149 663 1000001
493 531 600061
553 816 400041
93 301 800003
264 789 900002
143 146 600061
565 721 300008
576 798 900091
637 891 500051
475 875 800003
646 739 800003
153 505 500051
120 856 200021
210 246 800081
429 683 200021
239 640 400007
97 111 500051
737 775 800003
85 539 700004
171 475 300031
371 651 600005
67 236 500006
349 496 600005
63 672 600005
811 820 1000101
30 331 100011
19 301 100010
189 312 300031
350 762 700071
28 426 800003
489 666 100011
545 627 700071
52 494 100011
342 630 500051
0 355 500006
324 652 600061
103 570 900091
374 509 900091
21 255 900091
133 381 500006
35 231 800081
298 656 700071
58 421 200009
31 577 800081
91 871 800081
480 802 600005
179 796 800003
404 575 600005
336 669 500051
399 559 500006
241 757 600005
523 754 500051
221 538 200009
116 164 800003
280 713 500006
519 783 100010
37 898 800003
318 508 400041
0 297 100010
471 552 100011
53 420 200009
463 866 100010
603 752 500006
446 833 400041
157 567 900002
704 887 300008
62 294 500006
52 251 100010
160 375 500006
85 392 100011
40 780 800003
198 841 600061
618 746 400041
272 344 1000101
643 840 800003
426 623 1000001
252 414 700071
51 447 900002
149 208 900091
292 441 200009
170 274 500051
430 830 100010
25 88 300031
209 468 1000001
23 676 600005
470 657 200009
19 726 200009
408 743 900091
89 484 700004
180 272 800081
575 821 300031
433 746 900091
462 640 300031
215 567 700071
407 638 200021
315 805 300008
573 705 600061
3 583 800003
18 539 900002
85 558 500051
104 762 800081
435 722 400041
95 525 600005
123 285 200021
365 754 400041
83 852 800003
156 700 700071
71 117 100011
132 688 900002
99 570 100010
254 892 100010
457 846 200021
490 650 200021
259 693 700071
152 354 300031
324 345 600005
784 857 700071
552 740 800003
87 666 600005
206 547 600005
296 789 300008
406 511 1000001
301 510 600005
84 248 1000101
414 521 1000101
109 510 200021
670 844 1000101
829 867 100011
108 628 400007
3 402 1000001
630 865 800003
738 763 500006
437 706 400041
314 588 200021
11 672 700004
220 819 200009
68 589 500006
309 638 400041
162 567 700071
222 618 600005
280 324 100010
488 629 400007
147 736 500006
270 650 700004
144 521 800003
206 498 1000101
333 733 500051
377 798 900091
730 754 100011
541 744 200021
392 638 1000101
175 484 100011
727 768 700004
781 890 300008
354 463 400041
602 853 1000001
400 401 300008
339 457 300008
412 612 600005
262 361 100011
146 378 800081
234 294 1000101
221 330 800081
107 844 400007
35 762 300008
141 601 800003
76 578 900002
253 352 400041
20 313 700004
217 401 100011
22 427 600005
33 158 500051
373 886 400007
166 833 100011
264 449 400041
344 691 1000101
639 836 400007
590 754 700004
134 589 800081
84 138 800081
204 458 600061
285 314 600005
413 810 400007
348 681 900002
162 322 900002
105 547 400041
588 875 100010
114 591 1000101
108 790 900091
722 766 300008
435 809 200009
103 702 400007
159 559 300031
355 599 900091
478 618 600005
246 809 700004
131 822 800081
226 814 100010
454 511 900091
74 875 100010
165 282 600005
196 211 700004
465 640 700004
77 79 100010
19 583 300008
52 688 1000001
562 633 600061
339 696 900091
324 850 200021
585 825 400007
185 290 200021
206 740 100010
24 813 400041
285 699 500006
498 547 200021
82 233 300008
56 500 800003
8 651 600005
105 495 400041
245 531 600061
32 453 300008
537 881 500051
592 787 200021
29 188 400041
307 866 900091
881 885 400007
497 625 700004
129 881 600061
730 834 900002
22 271 800081
14 618 700071
61 659 200021
94 475 800081
471 891 200009
210 663 1000001
474 498 800081
220 734 300008
467 817 500006
97 225 800081
558 692 1000001
717 848 100011
387 557 600061
340 781 300008
441 547 300031
124 896 300008
210 839 500006
355 393 800081
97 439 600061
694 725 700004
232 694 400007
162 789 900002
346 589 1000101
466 856 1000101
61 130 400041
739 801 600005
558 657 400041
181 461 100010
58 94 600061
294 743 600005
512 888 800081
153 232 200009
139 756 700071
453 731 400041
857 885 100011
530 799 100011
446 780 600061
320 381 100010
147 256 200021
329 457 200021
569 704 800081
65 156 100011
243 865 800003
384 884 100010
216 483 700071
175 385 1000001
308 446 300031
318 813 500006
17 501 200021
359 733 500051
199 853 700004
193 528 300008
8 383 700004
384 479 300031
482 748 100010
787 815 800003
66 325 100010
159 279 300008
528 721 100011
320 566 600005
122 647 600005
378 441 900091
656 864 300008
598 736 200021
116 223 1000101
573 682 100010
73 456 600005
164 800 1000101
343 789 100010
103 672 600061
257 295 400007
491 644 500051
262 322 600005
348 494 800081
368 683 800003
87 673 900002
64 532 500051
224 586 600005
178 857 800081
28 795 500006
139 376 600005
72 823 800081
347 754 300008
32 560 100011
205 357 400041
27 868 1000101
112 883 200009
1 787 900091
38 770 300031
486 587 100011
409 749 400007
120 156 900091
25 704 800003
169 369 500051
175 535 700071
889 890 1000001
516 701 400007
51 861 100010
604 694 900002
416 595 700071
43 828 400007
363 790 100010
272 881 1000101
1 75 700004
523 789 400007
359 802 500051
685 861 500006
530 576 700004
257 396 600005
657 700 300008
235 889 400007
589 591 1000001
559 718 1000101
144 578 900002
322 369 800003
142 898 1000001
177 646 900002
511 718 700004
637 722 800003
372 727 700071
80 718 500051
596 817 600005
108 234 1000101
296 583 400041
68 90 100011
222 720 1000101
201 520 100011
117 257 700004
203 432 300031
18 535 900091
318 735 500006
212 831 1000001
137 370 900091
169 650 100011
227 591 900091
442 460 800003
63 150 700004
629 887 700004
486 615 800081
353 392 1000101
106 215 800003
208 712 300008
493 717 200009
362 707 500006
501 872 1000101
220 780 400007
508 702 900091
279 865 600005
85 328 600061
579 887 700071
194 725 500051
498 758 300008
190 359 600061
110 892 300031
233 667 300031
181 410 100011
585 849 600005
210 290 700004
693 741 100010
507 644 200021
378 646 500051
497 863 700071
113 271 400041
88 631 300008
347 438 500051
344 535 200021
76 141 300008
426 651 500051
33 289 300008
429 679 500051
19 594 1000101
408 783 100010
388 590 500006
5 184 600005
200 201 300031
609 721 500006
154 216 200009
249 624 500006
151 193 100011
397 577 900002
144 679 200009
285 889 900002
296 503 100011
57 235 200009
473 844 900091
54 562 400041
173 706 600061
480 649 700071
527 795 500006
97 668 100011
232 800 300031
170 496 400041
100 762 900002
76 537 1000001
172 502 800003
110 289 600005
138 725 200009
106 520 800081
17 878 700004
675 780 500051
107 595 700004
385 658 500006
640 695 400007
183 612 800003
731 898 300031
404 850 600005
152 884 1000101
263 814 1000101
69 281 700071
317 806 600005
350 414 200021
702 811 900091
674 893 100011
190 434 700004
528 781 500051
398 785 300031
43 714 200009
318 799 400041
861 877 700071
537 546 500006
13 72 300008
389 456 300008
280 706 800081
343 760 400007
837 851 400041
159 508 500006
96 135 200009
103 490 600061
378 429 300008
239 541 600061
57 831 200009
580 813 300008
83 162 300031
335 698 200009
350 540 300008
12 353 900002
245 472 200021
466 795 900002
443 489 900091
154 436 200009
507 693 200009
376 417 400041
286 485 900091
405 670 700071
830 846 800003
466 808 700004
31 641 600005
192 682 100011
129 225 700071
61 256 500006
368 559 900091
253 591 800003
680 685 1000001
657 762 600005
212 829 1000101
184 340 800081
596 860 700004
590 621 600005
534 679 800081
427 556 200021
371 417 900091
348 589 500006
437 575 700004
676 711 400007
593 845 100010
388 824 200021
409 500 700004
156 881 500006
442 837 800081
27 548 600061
73 340 100011
130 587 700004
266 730 300008
116 126 100011
191 547 700004
128 340 400041
124 325 900091
502 766 600005
411 649 800081
713 746 300031
0 300 200009
433 479 300031
524 828 600005
282 547 400041
83 499 1000101
227 315 500006
90 644 600061
723 788 100010
471 878 800003
721 882 100011
97 127 100011
357 703 700004
239 826 700004
95 563 300008
69 216 800003
21 408 800081
101 551 700004
456 839 100011
263 470 600061
420 860 200009
230 444 700004
62 479 200021
596 890 600061
88 416 500051
303 485 500006
247 890 700004
437 813 900091
477 816 700004
113 228 200021
544 608 200009
565 588 600005
122 198 600005
235 546 800003
259 405 300008
136 447 900091
560 644 700004
119 667 400041
439 663 700071
135 535 300031
845 856 100011
206 862 900002
69 773 200009
211 474 1000001
85 659 1000001
564 624 200021
644 895 1000001
44 96 900091
148 466 500051
450 472 900091
309 625 100010
341 734 900002
16 627 800003
112 149 700071
262 707 500051
397 688 500051
95 846 600005
159 248 100011
166 331 700071
637 770 100010
464 801 800081
145 814 400041
450 583 1000001
431 703 400007
66 430 100011
244 263 500051
716 788 500051
167 353 100011
18 825 200021
379 709 600005
640 854 800003
158 443 600005
43 841 1000001
186 345 500051
114 776 400041
448 461 700004
275 855 200021
365 633 300008
702 715 300031
149 306 100010
363 390 800081
271 474 600061
117 250 700071
220 443 900002
482 868 600061
323 686 800081
89 634 100011
55 301 500051
209 699 300008
569 886 200021
57 174 400041
464 636 300008
480 750 400041
250 832 1000101
16 305 600005
573 888 700071
191 470 500051
109 687 1000101
311 601 400041
494 536 700004
2 80 600005
318 867 700004
762 893 300008
58 411 400007
205 455 100011
552 796 600061
226 317 700071
169 549 1000101
199 562 600061
3 61 400041
230 417 300008
321 839 800003
19 544 300031
166 183 300031
60 728 400007
164 736 300031
166 468 600005
172 733 1000001
614 874 700004
9 792 400007
246 494 100010
207 763 400041
306 558 900091
570 674 700071
361 684 200021
480 694 800003
502 745 1000101
205 676 800003
61 459 100010
397 886 500006
253 267 900091
123 623 400007
684 696 200009
28 805 200009
487 557 800003
329 466 700071
607 733 500006
800 802 400007
415 687 500006
127 880 400007
299 501 700004
428 579 800081
617 771 500006
196 463 300008
781 793 1000001
86 115 900091
175 401 100011
268 347 900091
238 679 700071
289 293 300008
440 762 500051
495 858 100010
10 297 400007
318 592 500006
660 724 500006
48 640 800003
61 784 400007
391 497 800081
300 325 300008
158 243 700071
177 377 400041
228 887 200021
147 629 100010
671 701 900091
279 435 200009
447 540 700004
374 489 100011
332 547 400041
606 845 900002
712 841 600005
35 842 900002
100 770 900091
83 194 200009
425 528 400041
122 479 700004
529 663 200021
145 277 1000101
415 873 300031
417 428 300008
250 718 300008
746 860 800081
710 840 600005
220 378 400041
129 364 900091
713 737 400007
248 312 300031
613 731 100011
210 556 600061
9 247 200009
584 866 800081
619 749 800081
150 317 300008
467 584 1000001
289 370 800081
534 623 900091
450 728 600005
64 469 600005
179 442 300008
208 320 600005
11 340 100010
263 439 200021
11 364 100011
178 793 1000001
480 518 100011
273 474 900002
711 884 700071
1 143 700071
69 473 300008
604 636 1000001
355 577 200009
265 833 500051
65 527 500006
67 565 1000001
474 822 400041
70 386 800081
266 797 300031
783 799 700004
546 727 600061
140 399 600061
123 466 100011
326 398 200009
288 413 200009
377 408 900002
299 898 500051
764 819 900002
726 734 200009
275 814 1000001
308 368 800003
425 691 400007
141 302 300031
269 581 700004
270 637 300008
440 816 500051
431 445 200021
427 755 200021
745 814 700071
41 886 500006
54 74 500051
78 883 300031
234 822 900091
115 130 700071
405 725 400007
565 712 400007
243 693 900091
558 898 100011
102 703 400041
138 504 1000001
156 859 200021
197 310 900002
399 447 300031
831 839 500051
163 693 500006
247 383 700071
668 733 700004
43 154 900091
286 652 700004
209 509 600005
76 302 100011
658 711 800003
175 817 200021
449 894 100011
182 366 600061
327 456 600005
189 267 400007
302 823 200021
99 329 200009
60 681 900002
22 751 400041
425 791 800081
657 885 300031
487 514 900091
41 666 900002
142 372 300031
457 503 400007
12 629 700071
563 679 100010
616 785 900091
35 49 200009
145 702 700004
60 221 900091
363 415 600061
858 878 400041
487 718 300031
110 503 900091
381 647 800003
99 129 700004
189 207 600061
91 840 400007
199 603 500051
283 713 600005
262 741 300031
191 629 100011
47 569 1000101
564 885 300008
690 761 700004
256 605 900002
473 630 400007
198 476 900091
62 270 500051
356 814 300031
419 863 1000001
197 212 100011
67 833 700004
314 771 400041
154 784 600005
318 373 700071
261 531 200021
5 625 300008
293 637 600061
61 200 800081
284 633 600061
262 522 700071
61 327 200009
744 795 100011
103 176 1000001
179 851 800003
184 746 1000001
155 185 100011
353 513 800081
434 646 400041
797 810 100011
107 780 600061
497 519 200009
299 475 800081
244 282 500051
256 270 200021
51 158 900002
336 753 1000101
88 123 800081
463 494 1000101
486 575 500051
364 619 1000001
59 402 200009
412 897 800003
35 408 200009
279 755 800081
36 585 900091
94 254 400007
753 758 700071
227 731 600005
158 308 500006
493 709 100010
325 835 100011
42 688 300008
183 525 300031
143 654 300031
195 673 600005
403 651 600005
49 653 900002
46 466 800081
314 814 400007
336 768 700071
57 214 600005
175 754 900002
372 501 100010
550 761 500051
407 609 900002
122 595 200009
117 135 200021
122 348 100011
265 287 100011
598 663 400041
172 221 700004
296 594 400007
432 869 700071
424 628 500051
291 547 600061
19 543 800003
161 264 200021
398 776 500006
34 194 500051
161 569 300031
679 838 800003
443 883 200009
528 592 100011
105 592 500006
143 763 1000001
229 723 700071
59 443 1000001
308 563 700004
313 756 400041
804 892 900002
748 785 200009
121 581 400041
471 588 600005
116 376 600061
10 245 800081
3 586 600005
285 688 700071
377 844 700071
540 854 1000101
366 882 200009
721 760 1000001
35 715 900002
267 842 300031
144 607 900002
310 364 400007
191 683 1000001
454 844 500051
195 443 800081
191 617 800081
2 805 800081
465 778 900002
366 534 800003
415 856 300008
85 531 300008
125 636 600005
182 510 500006
500 845 200021
240 335 500006
335 723 1000001
113 199 100011
213 858 1000001
265 787 800003
83 300 1000001
674 756 800081
568 711 1000001
177 666 800081
19 332 600005
99 823 300031
506 863 600005
306 634 600005
31 416 400007
343 817 900091
423 506 500006
612 779 700071
37 769 400007
125 806 700071
49 295 900002
74 469 800003
221 247 900091
262 291 800081
634 680 700071
374 649 300008
316 789 400007
258 382 100010
160 373 100010
470 696 300031
875 886 700004
772 804 200021
72 294 600061
50 818 600005
124 429 800081
86 668 900091
408 749 700071
411 767 200021
188 626 200009
421 463 1000001
47 645 100010
319 581 700071
424 567 400007
447 645 400041
227 495 900002
542 575 400007
328 692 200009
565 837 900091
480 540 900002
227 347 300031
72 805 900002
329 340 500051
386 765 600005
65 117 700071
703 752 800081
170 748 900002
411 454 600005
404 840 800081
678 818 500006
226 267 600061
673 693 700071
464 670 700004
379 746 1000001
249 742 500051
158 442 200021
186 757 100010
706 734 900002
288 392 900091
90 609 100010
165 343 600061
211 850 500006
29 131 800081
243 524 200021
293 323 200021
286 438 700071
620 858 300031
48 208 200021
251 770 700071
83 887 300008
536 752 700071
107 823 400007
79 224 200021
722 797 700004
340 401 100011
175 896 300031
30 880 900091
54 700 800003
596 779 900091
13 584 500051
215 345 800003
59 642 400007
183 770 1000101
321 598 700071
101 626 700004
287 620 800003
342 574 300031
89 389 1000101
384 594 500051
153 835 200021
423 542 100010
160 580 400007
283 554 400007
156 442 100011
67 732 1000101
64 499 200021
85 125 300008
348 600 900091
242 852 200021
229 633 900002
444 847 1000101
394 583 200021
171 519 600005
335 711 300031
209 877 100010
178 201 200009
124 839 1000101
403 806 400041
296 410 900002
484 808 200009
26 820 800003
30 609 100010
487 518 300008
116 859 700004
118 765 700071
196 280 700071
369 473 1000101
225 400 900091
478 626 600005
319 777 100010
1 408 500051
315 408 200009
320 801 800081
529 879 600061
366 447 100011
601 830 800081
343 682 500006
14 247 300008
547 655 900002
97 256 300031
362 596 400007
39 205 500006
68 129 400041
182 535 800081
568 729 500006
377 457 1000001
234 580 800003
98 764 800081
25 318 500051
330 435 800081
247 836 400041
116 642 400007
525 783 700004
491 721 300031
311 469 500051
616 701 100010
78 780 100011
73 685 800003
574 882 800081
189 193 1000001
442 849 900002
211 461 1000101
545 603 200021
363 653 400041
456 787 400007
11 95 100011
440 777 600005
111 830 100011
739 870 100010
434 853 100011
74 153 800003
624 720 100010
133 422 300008
106 552 1000101
326 525 800003
119 196 400007
531 736 800003
616 871 500051
442 788 900091
561 869 500051
442 561 100010
132 696 1000101
128 357 600005
326 555 200009
415 847 800003
807 840 400007
313 707 200021
110 453 900002
705 744 800003
364 899 1000001
308 391 700071
394 671 300031
163 375 900002
101 221 700004
771 795 900002
509 753 500006
286 577 300031
530 698 900002
361 791 200009
314 384 700071
134 411 100010
396 603 700071
835 899 100011
44 870 600005
628 875 800003
274 370 100010
524 560 700071
203 794 400041
402 649 700071
502 614 200009
154 707 100010
229 249 800003
33 796 800081
200 264 900091
539 676 1000101
313 412 200009
229 300 300031
175 274 100010
113 279 600005
428 777 400041
251 338 800003
266 880 700004
393 814 700071
381 441 300031
345 430 500051
31 750 800081
43 62 100010
421 803 800003
562 621 100011
673 819 200021
313 339 400007
200 353 900091
101 601 500006
377 743 600061
512 641 200009
40 213 600005
293 450 100011
406 458 800003
212 279 500051
142 445 700004
320 633 400041
167 699 600005
252 458 800081
487 620 900091
465 531 400007
593 812 100010
92 679 200021
39 390 200009
494 526 400007
579 766 900091
18 845 300031
378 650 900002
419 520 500006
527 779 500051
95 200 200021
384 896 500006
90 559 700004
64 484 300031
25 797 300008
99 216 1000101
421 758 300008
181 334 200021
290 590 1000101
759 792 400041
79 355 800081
533 573 200021
457 783 200009
386 399 500006
292 524 300008
343 898 400007
682 843 600061
187 453 200021
534 744 500006
106 613 900091
466 584 800003
303 886 800081
37 589 900002
633 771 500051
313 599 900002
196 271 900091
341 814 300031
23 800 500006
243 440 300031
96 438 1000001
417 682 1000001
218 800 300031
490 782 400041
231 778 400041
423 446 100011
401 423 800081
64 491 400041
332 400 600005
636 722 800081
275 322 100011
479 889 100011
437 737 500006
446 837 800081
228 790 700004
260 810 600061
166 228 1000101
493 715 200021
331 498 500006
182 621 800081
135 748 400007
187 327 400041
151 412 300008
274 807 500051
72 445 100010
115 480 700004
203 883 700071
327 493 600005
283 396 900002
148 610 200021
47 714 1000101
91 315 900091
407 426 600061
138 278 700004
728 785 600061
16 762 1000101
388 629 100011
238 292 800003
417 561 100011
22 705 100011
3 448 700071
269 525 200009
740 768 700004
729 829 400041
53 701 300031
203 221 600061
658 822 500006
213 549 500051
327 736 400007
371 518 600005
495 580 300008
295 872 500006
92 226 600061
526 842 700004
442 555 800003
222 297 500006
388 749 700071
642 712 100010
227 350 300008
142 758 400041
623 899 900002
437 578 1000001
641 684 700071
684 695 800081
727 764 600061
44 545 200009
271 366 1000001
3 77 800081
299 432 600061
136 399 1000101
168 622 900091
367 739 500006
168 475 1000101
176 645 700071
458 509 900091
613 675 900002
587 677 700004
428 844 500006
271 541 700004
217 229 400041
49 715 100011
5 363 900002
116 593 300031
68 114 200021
388 860 600005
3 455 200021
173 818 100011
386 567 600061
147 660 1000101
719 862 800081
203 279 200009
194 836 400041
58 850 1000101
545 699 300008
115 638 100011
114 713 200009
89 436 600005
129 529 800081
129 606 900002
373 853 900091
517 658 1000001
202 689 800081
122 687 700071
606 837 900091
1 487 300031
191 672 500006
405 407 200009
239 833 900091
447 482 1000001
721 807 1000101
81 534 200009
64 786 1000001
447 806 800081
631 829 900091
125 256 100010
139 251 200021
114 845 300008
27 876 600005
117 512 100011
93 579 300031
166 455 1000001
475 599 600061
192 467 400041
22 141 200009
537 573 400007
181 637 200009
321 581 1000001
435 495 900091
131 346 400007
668 745 400007
53 179 500051
453 645 300031
236 270 1000001
539 738 800003
534 807 300031
552 748 1000101
246 788 300008
328 813 300031
284 544 900002
566 859 900091
254 431 200021
509 550 500051
235 332 200009
69 369 100011
387 804 200009
62 680 700004
441 863 100011
134 225 300031
219 491 200021
473 648 500006
356 899 1000001
107 243 100011
221 742 200009
551 582 800081
124 318 800081
187 463 700004
584 895 800081
371 510 800081
277 428 500051
20 205 800003
10 465 100010
277 457 600061
116 512 800081
117 478 800081
221 637 1000101
312 662 100011
430 888 100010
315 371 300008
446 794 300008
568 590 700004
158 706 800003
277 434 500051
752 804 400041
387 616 200009
238 777 800081
388 515 600061
341 514 400007
721 851 800003
692 728 200021
844 890 800003
560 887 700004
388 878 500051
334 855 600005
71 732 700071
161 536 900091
789 858 600061
431 687 300031
42 662 300031
134 490 100011
270 395 100011
6 267 700071
247 711 100010
658 819 400007
157 456 500006
100 741 900091
208 611 600061
583 685 700071
31 324 500051
236 822 700004
71 790 600005
185 694 800081
35 281 300031
13 560 600061
356 885 500051
451 481 300008
71 116 1000001
186 773 100010
46 831 700071
267 889 900002
453 781 700071
78 399 300008
157 207 800003
232 760 200009
475 641 300008
167 636 900091
324 468 200021
127 696 900091
108 216 700071
159 740 100011
672 725 900091
250 476 400041
119 362 800081
103 822 400041
60 331 100011
46 868 900002
17 243 500051
232 579 300031
284 590 1000101
462 806 700004
264 546 500006
304 392 300031
372 395 900091
15 192 500006
269 412 1000101
320 858 800081
285 817 200009
439 777 600061
774 871 300008
350 859 600061
490 629 900091
15 452 800081
373 765 500006
342 868 600061
387 780 200009
665 721 900091
298 502 1000001
123 612 400041
39 858 500051
127 795 1000101
146 488 400041
356 776 100011
720 844 300008
601 788 900091
137 845 300008
653 843 900002
282 373 900002
41 800 800003
347 751 600005
82 857 100011
390 896 1000001
73 442 1000001
556 656 400007
358 672 1000101
352 844 700071
58 829 1000001
337 467 400007
157 269 1000101
367 396 500051
173 655 1000101
48 691 700071
23 184 500051
731 875 300031
587 789 1000001
46 357 400007
414 456 800003
336 623 500051
431 843 500051
492 663 900091
147 697 500051
76 548 700071
221 893 700004
24 546 100011
160 186 400041
62 580 600061
221 819 600061
176 691 400041
510 739 1000101
14 523 500051
238 730 700071
125 522 500051
153 557 100011
392 743 900002
304 625 1000001
192 894 1000101
442 508 500051
47 564 400041
84 432 900091
421 789 800003
417 739 700004
327 666 200021
696 756 1000101
698 706 700071
441 483 300008
512 865 500051
237 712 300031
553 781 100011
112 681 200009
52 618 400007
43 676 500006
265 329 900002
594 744 900091
225 279 400007
342 486 400041
373 447 400007
345 349 700004
670 740 700004
221 837 800003
341 831 200009
188 345 700004
286 860 100011
468 694 600061
415 747 500051
693 827 900091
387 408 500051
140 783 200021
289 326 700004
173 737 100011
812 882 500006
351 540 100011
66 810 700004
9 617 900091
75 338 200009
201 569 900091
262 283 800081
554 764 1000101
633 666 900002
405 769 300008
381 634 1000101
192 716 1000001
46 218 400041
532 608 900002
709 849 200021
368 706 900002
48 725 600061
276 752 1000101
331 561 400007
571 693 1000001
497 593 100011
165 477 800003
33 136 300031
500 851 1000001
400 653 900002
111 132 100010
152 304 300031
63 268 100011
531 755 400041
392 535 900002
39 200 200021
395 792 500051
144 375 400007
687 798 700071
546 861 500006
253 285 700004
284 481 200009
267 545 600061
3 674 200021
254 655 600005
521 757 200021
49 636 700071
114 169 500006
37 899 1000101
223 455 200021
201 855 100011
222 698 200009
634 789 100011
207 489 400041
497 742 100010
280 566 100011
138 788 1000001
663 698 800081
681 803 500051
254 378 800003
215 841 800081
249 348 900002
743 763 1000101
281 762 300008
439 642 400041
416 628 500051
70 768 300031
689 707 600061
157 756 200009
219 387 500006
524 570 200021
470 632 1000001
26 182 500006
613 645 700004
503 620 100011
283 379 600061
230 658 300031
86 126 800003
599 622 700071
137 523 500051
488 758 700004
401 451 700004
734 808 800003
649 796 300031
117 824 900091
844 845 800003
475 742 300031
625 832 300031
528 609 300031
537 714 600005
129 266 300008
226 300 800081
307 854 1000101
41 491 600005
16 407 1000101
131 397 500051
412 716 500051
202 238 600005
345 396 100011
0 17 500051
11 302 300031
273 796 200009
187 845 700004
535 752 700071
246 446 1000001
195 750 400007
733 866 1000001
211 434 1000001
362 392 400007
22 451 600061
514 863 500051
209 260 500006
207 866 800081
609 861 800003
28 201 600061
699 778 700071
504 616 800003
3 223 800003
249 701 100010
233 676 600005
18 286 800081
93 424 200009
75 813 1000101
335 888 700071
336 644 900002
463 689 600005
412 655 400007
353 634 500051
557 674 1000101
98 195 200009
230 840 700071
338 421 100011
154 473 900002
166 621 1000101
672 792 400007
291 648 200009
301 827 400007
671 801 100010
71 189 300031
193 674 400041
534 704 200009
178 209 700004
100 448 400041
0 169 1000101
605 856 100011
167 208 400041
105 588 600005
473 711 800081
735 778 200021
93 122 800081
280 477 700071
303 438 200021
769 800 900091
660 665 600061
130 458 500006
16 392 1000001
319 337 200009
422 425 200021
235 704 700071
488 790 400041
596 645 500051
223 458 600061
586 665 1000101
210 784 900091
320 641 200009
49 598 900091
47 866 100010
282 345 1000101
390 434 400041
107 722 600061
137 194 600005
261 492 200009
52 526 100010
276 691 1000001
212 468 800081
46 204 400041
103 890 300031
242 287 700071
601 853 600005
262 309 700004
82 627 600061
31 591 200009
189 464 900091
409 492 1000101
380 769 400007
280 476 600005
251 283 600061
153 501 1000001
127 784 700071
133 253 300031
247 560 900091
17 135 800003
694 801 800081
104 386 100010
34 197 1000001
182 482 900002
489 700 500006
32 358 200009
475 477 700004
92 437 800081
176 680 100011
148 817 600061
362 812 200009
631 653 700004
312 681 900002
402 841 400007
126 277 200009
139 327 500006
564 697 600005
194 852 200021
180 808 600005
79 760 300031
547 790 700071
131 700 600005
160 587 600005
45 895 100011
95 213 500051
510 699 100010
796 888 1000001
260 827 1000001
176 704 200021
109 433 600005
31 76 900091
272 342 500006
344 616 300008
29 429 100010
266 422 1000001
402 514 1000001
135 574 500006
371 466 500051
212 258 200021
488 499 1000001
618 738 300031
208 726 400007
351 457 700004
290 554 200021
18 799 300008
193 579 400041
165 594 300031
25 183 200009
55 811 100010
468 742 200021
141 365 100011
36 822 700004
278 724 900091
99 197 800081
117 199 100010
76 569 1000101
333 609 300008
150 393 400041
609 637 600061
327 763 100010
282 439 500006
500 633 200021
278 731 800003
78 870 1000101
665 735 1000001
83 432 600005
462 717 500006
357 359 400007
529 622 100011
166 588 800003
120 144 800081
46 124 500051
105 499 800081
53 155 600005
165 496 800081
665 707 700071
99 704 600005
105 664 500006
132 170 500006
295 536 500051
0 354 500006
106 451 900002
380 727 800003
157 280 300031
504 882 800081
3 312 700004
87 707 800081
117 783 900002
342 550 600005
84 284 900091
28 92 500006
289 617 1000101
180 224 200009
125 479 200009
50 793 400041
39 594 700071
320 439 600061
316 433 1000001
737 853 500006
52 758 100011
151 600 500051
240 377 500006
106 809 200009
316 668 1000001
481 636 500006
50 681 1000001
515 533 200009
250 578 1000101
407 458 600005
240 820 100011
106 699 300031
175 400 500051
237 449 900002
134 892 900091
14 520 1000001
101 300 200021
726 794 400007
550 829 700004
142 535 300031
592 604 600061
36 363 500051
364 735 200009
81 146 500006
762 880 900091
151 352 1000001
278 898 400007
846 886 400007
372 639 200021
214 273 400007
798 883 600005
99 518 800003
324 776 1000001
505 833 600061
360 584 400041
194 720 200009
756 786 200021
239 856 500051
12 517 100010
209 387 800081
205 592 1000001
20 593 300008
73 746 700004
67 69 900002
675 872 500006
37 298 200009
12 809 600005
577 738 1000001
72 706 400007
283 529 900002
127 550 200009
6 20 400041
126 806 100010
385 532 1000001
74 839 300008
50 86 400007
643 773 300031
3 259 1000101
625 662 900091
2 718 900002
56 202 100010
80 266 700004
136 323 900091
379 877 800081
479 570 900002
593 815 400041
81 84 500051
220 560 600061
166 349 1000001
27 841 400007
56 638 400007
497 603 400007
408 549 500006
476 832 800081
843 882 700071
320 796 500006
44 435 300008
98 866 200021
12 427 500051
369 487 300008
707 857 400007
758 812 1000101
319 498 600061
421 714 100011
292 759 400041
544 709 500051
401 526 800081
174 835 100010
806 871 900002
574 764 500051
367 804 100010
74 661 300008
749 882 900091
300 662 600061
170 885 600005
195 241 500006
166 508 900091
379 412 700071
301 710 500006
697 854 500051
712 796 600061
380 596 200009
64 544 600005
270 570 400041
0 448 1000001
416 462 1000101
459 515 100011
552 737 600005
624 753 900091
592 893 300008
527 617 800081
29 48 100010
697 777 100010
554 781 600005
59 847 400041
143 178 700004
376 686 100010
397 453 100011
281 445 200021
93 209 200009
366 386 200009
534 541 300031
403 680 600061
35 319 800081
359 811 400041
171 514 100010
62 230 200021
422 531 1000001
145 513 500006
143 148 1000001
140 677 200009
192 315 300031
38 703 400007
858 886 500006
97 517 200009
589 852 400041
438 890 800081
9 589 200021
651 815 200021
374 466 200021
353 582 700071
440 451 400041
345 358 400041
33 236 600005
511 681 600061
89 786 500051
480 778 700071
278 311 100011
490 491 500051
307 469 100010
18 143 500051
191 461 900002
17 763 200021
717 756 100011
530 841 200009
437 456 200009
98 753 500006
298 600 700004
210 528 900091
86 128 800003
146 622 200021
500 664 300008
155 656 500051
23 888 1000101
97 400 800003
676 827 700071
501 528 500006
136 528 900091
553 784 1000001
420 518 300031
885 894 100010
193 654 200021
87 104 600005
304 516 500006
155 275 400007
173 329 600061
42 211 1000101
214 323 1000101
347 361 500051
692 778 1000001
70 125 400007
329 804 1000001
579 729 500006
391 567 200021
343 807 900091
389 750 400007
325 567 500051
705 815 1000001
57 77 400007
39 172 600005
176 470 800003
242 351 100010
267 670 600005
300 795 700004
150 611 1000101
436 557 400041
373 574 600061
142 271 200021
333 688 800003
556 650 200009
100 383 500006
7 524 800081
104 662 500006
335 747 200009
242 600 1000101
236 644 200021
114 178 1000001
232 556 400041
543 617 800003
33 397 400041
390 689 600061
538 827 700071
4 468 500051
11 224 900091
179 308 500051
320 735 1000101
316 562 1000001
421 428 600061
159 807 600005
190 396 100010
460 522 300008
208 439 600061
45 746 800003
246 680 700071
334 710 700071
555 740 600005
579 615 300031
623 832 500051
839 873 300008
124 372 500006
542 618 700071
30 820 200009
326 716 1000001
164 624 200021
359 671 600061
41 498 700004
196 790 200021
54 81 900091
272 563 600005
258 650 200021
59 828 700004
237 252 700004
462 593 1000001
403 484 600061
340 504 600061
112 218 1000001
230 339 200009
747 837 400041
738 865 400007
360 693 600061
2 562 400007
280 800 900091
667 777 800003
42 167 100011
368 471 400041
368 554 400007
50 132 900002
166 329 900002
306 730 300031
551 677 900091
79 720 800081
169 491 100010
155 697 900002
301 797 100010
225 572 100010
189 512 300031
618 881 700071
284 524 100011
830 885 200009
79 258 1000001
628 836 400007
3 481 200021
448 750 1000001
81 553 900091
415 675 800081
245 605 200009
64 542 900002
38 306 600061
27 79 500051
522 788 400041
50 406 600061
657 667 300031
510 564 700071
94 386 800081
612 829 1000101
658 746 300008
186 210 900091
251 755 100010
36 463 100011
157 707 500051
777 841 900091
239 661 800081
179 516 800003
68 179 100011
222 562 200021
636 652 200009
50 437 900002
406 675 300008
189 660 200021
332 385 1000001
91 268 400041
102 274 800003
170 499 500051
477 738 100010
273 555 700004
39 590 100011
436 582 400041
21 443 500006
446 589 800003
114 206 200009
108 273 800003
807 837 900091
51 309 600061
544 861 900002
228 413 600061
618 809 900091
694 871 400041
678 799 700004
673 848 300031
300 737 400041
649 844 1000001
317 622 600061
583 739 800081
303 809 600061
553 824 300031
277 698 900091
483 622 1000101
484 575 400007
43 141 100010
52 313 900002
403 705 200009
313 803 600005
397 783 600005
108 645 100011
41 632 400041
350 756 300031
554 667 1000001
65 80 500006
574 667 600061
430 889 1000001
873 879 400007
224 289 200009
725 887 100011
490 500 200021
185 436 900091
56 145 500006
16 560 1000001
344 395 1000101
416 680 500051
10 807 900091
218 635 800003
531 538 100011
485 759 200021
431 690 400041
70 794 300008
25 292 600005
277 792 100011
418 633 1000101
335 595 1000101
21 416 100010
342 856 700004
331 461 300031
124 276 900091
168 680 400007
415 634 200009
754 896 500051
266 855 700004
413 803 1000001
619 633 800003
514 792 400007
362 374 100010
14 830 900002
223 277 200009
38 872 300031
136 594 800081
17 716 700004
256 476 200021
298 352 400041
20 787 500051
36 74 400041
97 416 100011
273 560 800003
21 310 200021
593 790 400007
7 680 100010
30 719 200021
335 746 700071
169 595 300031
260 331 800003
250 676 500006
36 691 200009
201 686 800081
109 177 100011
525 695 900091
15 554 900091
718 757 1000001
450 609 300031
253 763 600061
150 155 1000001
81 578 600061
233 405 200021
569 611 500006
110 412 1000001
487 698 900091
99 784 800003
304 789 100010
344 486 500051
440 820 1000101
191 453 500006
274 474 200009
72 397 600061
139 176 500006
323 424 900091
679 730 200021
191 734 500006
294 848 1000101
374 432 100011
52 483 200021
577 725 700071
292 568 200009
168 586 300008
210 408 200021
328 397 300008
269 708 100010
335 809 900002
459 547 400041
309 355 1000101
133 506 800081
28 252 1000101
506 538 300031
123 798 800081
176 545 800081
56 106 900002
57 331 800081
181 800 200021
31 252 800081
803 820 600005
545 718 500051
305 822 900091
543 547 100010
37 712 600061
550 869 600061
8 656 1000001
381 395 900002
566 788 100011
217 720 100011
351 578 200021
594 669 1000101
255 591 300008
358 408 900091
56 435 700071
154 247 600005
112 526 300031
103 454 100010
364 725 400041
13 283 400041
643 799 700071
79 236 400007
626 807 300008
99 314 400007
72 874 600061
285 584 100011
27 373 700004
455 869 100010
200 751 500051
96 652 600061
772 893 300031
309 831 300031
69 769 200021
42 171 700004
536 713 500006
26 891 700071
678 892 900002
51 844 700071
201 236 800003
117 157 400041
375 747 1000101
100 285 900091
178 310 800081
564 583 100010
231 592 1000001
65 625 500051
416 797 600005
38 232 500051
112 544 800003
121 805 500006
433 493 700071
478 733 100011
200 450 800003
70 421 400041
308 674 100010
87 110 200021
355 543 200021
203 424 800081
654 812 600061
255 588 100011
341 890 300008
145 361 500006
285 406 600005
818 899 500006
417 851 100010
472 520 400007
520 683 400007
106 278 100010
359 517 100010
299 597 700004
610 783 200009
553 609 1000001
92 540 1000101
617 744 400041
137 838 300031
77 536 100011
668 731 900091
181 838 1000101
288 317 800003
540 805 100011
450 484 100011
278 461 300031
475 767 700071
45 877 600005
245 573 200009
196 548 500006
406 630 1000101
472 767 500051
473 699 400041
703 873 200021
606 702 400007
131 251 100010
320 655 800081
377 539 300008
267 654 900002
298 519 200021
187 472 700004
137 628 800081
412 874 400007
288 351 200009
640 647 500051
210 571 300008
281 764 300031
263 474 700071
101 312 900002
490 585 500051
282 299 600005
463 547 600005
244 506 600005
322 799 100010
535 877 900091
338 558 800081
229 804 300008
418 783 700004
63 111 800081
280 755 500006
607 840 900091
576 759 600005
28 314 400041
255 774 400007
234 475 700004
386 833 300031
292 873 100010
141 645 800081
542 897 500051
40 231 400041
569 835 600005
111 899 700004
13 163 800081
197 416 600005
418 689 500051
392 432 100010
226 790 300031
594 856 100010
548 668 500006
498 576 500051
110 474 800003
311 780 1000101
653 662 900002
196 456 600005
10 630 800003
81 519 400007
299 353 700004
206 836 700071
213 272 500051
555 580 400007
47 736 1000001
265 377 1000101
64 482 600061
548 593 800081
206 846 200021
57 569 1000001
350 892 400007
407 592 1000101
241 712 400007
199 291 600005
242 304 1000101
462 867 500051
460 505 800003
0 651 300008
683 761 100010
281 630 300008
568 606 800081
456 817 800081
39 360 100011
384 846 1000101
161 208 700004
510 857 900002
575 646 900091
394 687 800003
15 38 300031
160 819 500051
35 161 700071
63 271 500006
225 818 100011
225 484 200009
140 289 700004
600 798 500051
193 676 500051
419 870 400007
291 438 1000101
472 603 100010
748 853 500006
65 419 300008
628 646 700071
629 663 800003
49 678 500051
465 602 100011
87 299 100010
189 448 100010
92 480 600005
231 307 700071
663 837 400007
283 819 600005
219 287 600061
509 765 400041
684 821 800003
176 246 400041
51 595 400007
141 797 300031
34 122 100010
34 842 400007
204 341 300008
58 102 700071
208 807 200021
460 753 900002
280 394 1000101
191 750 1000101
286 882 800003
265 727 1000001
273 336 100011
515 532 400041
87 892 400041
273 373 600061
501 694 200021
508 655 300008
441 539 900002
739 833 900091
531 897 300008
121 761 200021
687 858 800003
708 757 300031
65 777 100010
8 460 400041
78 662 700004
464 684 600005
447 886 1000001
537 781 900091
167 573 400007
118 879 100011
201 450 400007
300 845 800081
315 393 400007
195 709 700071
12 31 200021
50 886 1000001
33 638 800081
117 122 600005
543 624 300031
264 524 1000101
158 279 100010
370 811 100010
369 741 100010
303 756 500051
162 232 600005
306 741 200009
35 225 200009
17 637 900091
510 714 100011
61 847 700004
276 615 100010
267 681 800003
146 680 1000001
82 582 800081
557 876 600005
141 348 200021
268 374 500051
236 653 400007
410 443 600061
573 661 1000101
15 678 100011
558 824 1000001
438 809 500051
164 829 100011
398 713 200009
293 309 500006
205 629 900091
705 712 300031
415 681 300008
169 879 1000001
48 165 600061
411 798 700071
794 883 600005
568 857 900091
29 510 1000001
275 629 900002
583 825 700004
328 681 200021
20 741 400041
65 774 400007
383 752 700071
496 720 600005
183 470 200009
506 849 100010
291 699 1000101
232 253 200009
340 573 600061
92 176 200021
130 254 400041
340 607 100010
722 899 400041
729 888 300031
551 839 300008
69 355 500051
310 752 800081
612 643 200009
405 669 100011
272 593 700071
48 178 700071
323 753 700004
520 810 700004
535 874 600005
8 883 600005
57 278 200021
172 250 600061
545 775 800081
667 696 300031
131 277 300008
361 405 800003
256 864 700071
172 310 300031
443 665 800081
213 485 100010
780 806 100011
232 664 200009
52 685 900002
686 763 800003
76 479 500051
341 683 600061
130 730 300008
88 853 400041
449 804 500006
488 633 800003
409 585 400007
269 281 600005
207 821 100010
53 120 800081
291 515 600061
1 759 200021
105 671 100010
486 894 200009
348 389 900002
584 830 300008
335 397 100011
414 828 1000101
46 251 100011
302 713 400007
294 791 100010
202 469 100011
54 566 900002
476 623 200009
852 878 500006
203 395 1000001
773 876 900002
92 549 500006
188 895 300031
409 597 100011
275 367 200021
14 252 300031
472 757 500006
436 708 400041
665 684 500006
542 822 1000001
75 97 800081
245 428 400041
574 613 100011
47 671 400041
147 180 500006
545 824 700004
362 475 1000101
213 780 500051
327 383 1000001
621 772 500006
360 897 300031
796 877 700071
259 376 400041
359 396 800003
657 890 100011
311 326 500006
85 373 100010
72 374 800081
140 395 800003
518 837 1000101
494 702 500006
147 877 900002
743 796 900091
164 375 500051
655 699 500051
394 459 100011
601 801 700004
560 840 900002
498 501 300031
586 863 400007
178 736 500051
29 201 200009
288 721 500006
787 868 700004
381 819 300008
145 610 800003
561 875 200009
4 262 600005
410 417 700071
113 366 1000001
487 590 200009
385 615 1000101
450 610 700004
332 773 600005
121 370 700071
294 479 700004
28 247 500051
663 712 900002
53 352 500006
203 751 800081
804 887 200021
302 805 400007
360 438 300031
58 659 900002
80 376 500051
311 431 800003
323 530 700004
18 481 900002
364 602 200021
167 715 900002
74 250 300008
398 471 100011
451 648 700004
141 651 800081
740 744 600061
412 544 600061
256 509 500006
381 890 700071
468 661 900091
201 356 100011
725 760 100010
112 536 200009
521 746 900002
120 734 700071
626 733 200009
17 227 500051
215 813 300031
589 628 600005
115 764 600005
223 459 200021
322 336 1000101
220 761 800081
81 174 1000101
106 507 100010
851 855 400007
29 181 100011
575 783 1000101
441 712 100010
7 482 700071
170 429 1000001
265 546 700004
128 293 600005
328 632 700004
572 712 900002
284 447 400007
673 802 900002
557 754 100010
168 868 500051
66 222 100010
479 558 600005
562 890 100011
153 203 100010
64 790 500051
757 762 400007
187 369 200021
205 818 600005
171 586 500051
428 478 700004
261 866 100010
686 818 900002
554 591 500006
356 755 800081
180 411 500006
313 865 600005
862 876 700071
48 189 600005
340 406 500006
563 731 400041
326 652 600061
175 744 600061
91 634 600005
420 750 400041
427 686 800081
202 887 300008
363 561 300031
603 664 100010
317 836 700004
422 663 400007
324 586 200009
154 729 300008
13 213 600061
46 459 800081
244 392 800081
305 676 800003
452 667 900091
709 760 500006
149 599 500006
106 309 200021
119 195 500051
105 427 500051
331 639 500006
297 894 800003
323 513 300008
193 861 200021
327 552 800003
199 283 600061
420 627 300008
546 794 400007
335 439 800003
466 779 500051
16 332 700071
480 890 200021
212 563 800081
541 881 200021
15 874 700004
302 472 100010
496 652 600005
579 687 800081
110 172 100011
673 830 400007
162 397 100011
757 875 300031
652 672 100010
497 693 300008
163 280 800081
23 38 300031
693 737 800003
559 755 1000101
321 824 900002
259 890 800081
416 571 400041
113 305 400007
573 704 300031
697 740 100011
519 858 500051
165 392 200009
572 765 400041
45 125 300008
228 838 600061
175 779 1000001
17 800 100010
321 544 200009
605 794 600061
51 434 300031
34 653 800003
518 628 300031
169 543 500051
276 371 900002
65 237 600005
656 867 300031
160 753 300031
557 777 200021
180 383 400007
486 669 500051
455 595 500006
386 785 700071
172 351 100010
786 839 400041
428 593 900002
37 753 100010
101 408 800003
10 397 300031
542 813 200021
168 882 200009
646 791 400007
304 458 900002
610 798 400041
435 636 500006
608 786 400007
117 198 800081
476 778 900091
578 595 100010
344 619 600061
532 898 900091
251 756 600005
374 514 800081
647 667 200009
344 581 200009
46 275 300008
283 471 600005
303 884 1000101
130 881 200021
635 815 200021
476 667 600061
126 161 200021
32 822 600005
350 776 800003
614 740 500006
79 86 100010
58 315 1000101
56 774 200021
95 379 600061
285 296 500006
94 483 1000001
511 611 900091
269 694 200009
113 118 1000001
347 598 600061
212 704 600005
28 579 600005
559 754 900091
308 880 500051
708 725 500006
499 521 600005
360 537 100010
363 795 500051
164 303 800081
528 850 400007
221 508 900002
269 369 100011
168 365 700071
374 887 200021
182 496 1000101
201 407 600061
29 603 900091
664 669 400007
266 310 300008
26 339 400007
90 302 600061
422 614 1000101
476 751 800081
583 733 800081
107 789 900002
77 852 600005
669 676 800081
288 521 400007
763 825 800081
340 564 900002
103 608 100010
612 620 900091
596 793 400007
590 698 300031
170 802 500051
2 561 1000001
619 628 500006
403 715 100010
158 724 1000101
515 701 500051
543 565 200021
486 765 700004
194 762 500006
214 721 300031
347 847 400007
722 830 100011
131 179 800081
474 825 100011
656 866 400041
114 513 900091
648 887 500051
6 21 600005
406 717 400041
287 809 900002
297 358 200009
289 457 600061
517 829 900091
446 855 800003
22 525 500051
272 766 700071
158 714 1000101
428 807 700004
191 635 900002
327 512 100011
402 875 500006
291 704 900091
190 300 900091
117 259 1000001
632 809 400007
569 842 700004
285 895 300008
33 50 500051
441 641 500051
273 320 300008
3 248 400007
583 810 1000001
185 658 400041
195 845 700004
64 345 800081
505 797 400007
396 398 100010
116 352 700004
180 375 1000001
607 795 100010
144 391 700071
125 672 700071
126 285 900002
525 583 200009
109 302 300008
180 656 900091
119 468 800003
33 43 200009
444 888 400041
322 748 200021
237 663 500051
70 75 400007
326 404 700071
466 492 500051
361 816 400041
55 747 600005
629 765 600005
248 382 1000101
87 884 500006
208 630 100010
400 462 200021
83 694 700004
752 773 500051
17 263 100010
31 264 700004
3 577 700004
332 445 200009
261 720 200009
200 523 500006
221 522 700004
196 570 200021
118 234 1000001
545 600 1000001
138 583 600061
331 432 100010
138 771 800081
236 666 700004
684 767 600005
382 659 500051
309 493 900091
210 224 700071
515 803 1000101
270 814 800003
691 823 300008
324 462 200021
236 843 200009
544 625 300008
503 687 600061
42 353 500051
21 873 600061
180 399 200021
28 872 300031
45 229 500006
240 793 1000101
108 860 500006
568 725 300031
46 329 400041
203 387 100010
92 623 600061
25 579 800003
29 105 800081
471 868 100010
291 662 100010
367 532 900002
436 494 300008
342 833 200021
108 599 400007
33 811 300031
243 816 400041
544 586 200021
161 249 200021
63 655 200021
73 828 700071
267 812 300008
308 413 600005
164 392 700004
378 819 700071
317 700 200009
423 878 700004
231 880 700004
487 742 1000101
78 713 400007
575 666 300008
238 342 800003
104 105 800003
333 893 700071
339 719 300008
622 816 800003
293 732 700071
116 454 200009
478 584 100010
287 540 500006
413 565 200009
309 628 1000001
345 598 500051
211 519 900091
694 860 1000001
83 673 300008
781 804 400041
254 843 300008
355 581 300008
361 858 800081
245 467 600061
205 648 700071
351 593 500006
151 162 300008
165 681 900091
124 582 900002
556 657 200009
12 465 1000101
854 877 600061
12 166 1000001
39 277 400007
159 571 100011
39 733 300031
47 125 1000101
155 170 800003
595 776 300008
8 581 100011
64 543 900091
97 726 300008
49 92 600005
155 414 500006
803 834 700071
173 835 200009
358 662 1000001
331 864 400007
57 509 1000101
114 506 900002
171 337 400007
463 822 100010
571 754 300008
8 467 600061
218 248 1000001
461 611 800081
517 530 1000001
548 650 400041
310 566 200009
258 263 900002
0 893 700071
369 589 200009
27 117 1000001
170 558 500006
696 800 900002
50 563 1000101
151 333 400007
289 746 200021
456 543 1000001
61 475 300008
239 278 900002
737 773 200021
72 249 100010
226 484 200009
352 868 200009
121 845 800081
106 629 800081
492 632 1000101
427 438 300008
237 461 600061
447 538 1000001
245 252 1000101
111 521 700071
267 831 200009
15 270 400041
553 698 800081
493 521 700071
286 866 800081
148 292 1000101
81 86 1000001
75 846 300031
309 522 400007
273 826 700071
349 747 1000101
403 682 200009
488 713 100011
375 388 100010
246 451 200009
10 745 1000001
323 848 600061
338 883 400041
715 758 600005
304 879 200009
232 245 800003
572 685 400007
26 768 200009
125 313 600005
602 890 700071
57 255 400007
257 490 200021
260 660 500006
238 835 100011
47 637 800003
34 477 100011
9 233 400007
449 819 800081
539 774 600061
99 301 400041
211 860 800081
171 719 700071
352 354 700004
483 776 800081
23 180 900002
75 474 300008
435 438 600005
31 259 100010
102 814 300008
638 702 200021
215 682 900002
183 620 400007
428 747 500006
314 611 1000001
261 483 300031
493 549 1000001
215 459 700071
161 759 300031
553 839 900002
575 895 1000101
621 882 1000101
316 875 100011
288 472 300031
186 245 700004
61 629 1000001
337 390 200009
30 839 300031
369 577 300031
52 727 200009
16 18 900002
678 841 900002
61 607 300008
427 673 500006
196 247 500051
40 434 100010
166 533 400041
361 392 900091
86 862 400007
124 782 900091
399 607 200021
437 721 700004
80 219 500006
335 884 700071
54 680 700004
463 613 800081
260 323 100010
372 555 500051
732 830 900002
365 410 600061
686 781 300031
307 863 600005
401 605 200009
30 179 100011
198 293 400007
170 854 500051
101 659 1000101
102 399 200021
373 470 300031
59 625 600005
434 876 800003
387 784 900091
268 563 700071
228 536 900002
514 740 700071
393 650 900002
421 427 900002
69 629 800081
605 660 800081
53 467 500051
253 794 400041
86 502 200009
224 333 500006
87 724 1000001
208 374 600061
541 753 800081
54 329 600061
509 590 1000101
202 848 200021
879 893 600005
26 810 300008
528 668 200021
448 768 800081
180 397 400041
157 639 1000101
73 823 800081
239 682 300008
532 778 800003
322 583 800081
24 551 700004
486 644 500051
126 592 800081
38 278 500006
62 629 500051
641 757 800003
459 860 500051
136 244 800003
378 399 200021
269 502 300031
14 736 400041
263 768 200021
509 711 500051
38 457 700071
450 504 800081
43 369 500006
162 874 600005
40 337 100011
483 870 700071
449 458 600061
66 805 100011
367 563 400007
344 753 700004
394 544 500051
104 779 200021
12 293 400041
203 631 700004
372 464 900091
482 753 500051
128 155 200009
418 454 700004
55 533 100011
735 807 100010
4 222 500006
399 465 400041
563 774 500051
260 310 500006
100 141 200009
563 640 1000001
121 519 200021
338 661 1000101
392 393 400007
831 843 1000001
523 657 300008
267 758 1000001
163 507 200021
99 226 500006
582 865 900091
730 771 700004
611 805 400041
722 879 500006
515 594 700071
202 440 1000101
181 653 1000001
364 786 900002
494 647 200009
154 178 800081
549 801 800003
242 586 700071
188 835 500051
484 760 300008
497 756 200009
442 795 400007
257 719 1000001
251 705 600061
643 866 700004
231 516 800081
405 447 500006
560 683 500006
492 711 600061
551 870 200021
388 423 900002
414 810 400007
654 835 400007
122 338 400041
408 642 300031
251 656 500006
213 248 700071
146 870 300008
249 308 200009
622 836 700071
212 530 300008
37 86 1000001
286 794 700004
30 840 800003
512 659 900002
334 657 800081
467 615 100011
585 739 400041
187 455 500006
358 891 800081
100 576 500051
27 96 100010
509 875 600005
245 316 200009
290 839 200021
402 820 800081
95 804 1000101
434 581 600061
395 542 800081
156 255 100011
370 529 800003
516 563 100011
22 818 900091
517 682 100010
656 739 500006
94 689 500051
331 692 100010
631 719 300008
130 416 200009
432 573 600005
209 331 800081
425 826 900002
216 834 400041
88 275 300031
36 253 1000101
426 564 300031
514 555 100010
525 890 600061
420 514 900091
367 572 500051
415 646 100010
40 458 700071
635 738 400007
6 490 800003
193 333 700004
174 634 600005
479 736 600005
382 512 1000101
683 860 600061
563 793 700004
66 778 600061
268 465 900002
626 632 500051
1 215 400007
592 741 300031
181 855 100010
96 204 100011
106 530 300031
311 389 700004
271 695 300008
635 656 900091
661 672 700071
518 697 700004
129 877 800081
335 429 400041
311 372 500051
419 813 600005
265 844 500006
444 541 100010
296 424 800081
388 698 700071
409 662 600005
428 607 400041
300 833 900091
120 599 100010
775 821 400007
574 813 900091
244 566 200009
234 311 200009
533 702 700071
438 812 100010
380 672 600005
149 407 300008
185 643 500051
128 651 800081
173 757 1000001
535 617 1000101
732 764 200021
378 663 1000001
152 579 300008
183 702 1000101
685 887 300031
460 836 400041
273 431 100011
4 172 1000101
174 777 900002
119 725 100010
145 830 200009
104 618 200021
474 599 100010
69 464 400007
108 824 200009
422 462 400041
684 864 200021
299 641 800081
423 433 800003
579 713 700004
83 558 900091
620 707 500051
175 727 300008
279 520 600061
845 882 800081
591 765 800081
163 549 700004
227 501 100010
602 872 900091
72 366 400007
448 832 300031
120 438 300031
541 705 1000101
31 172 500051
531 864 300008
364 696 600061
225 449 700004
209 422 700071
50 472 600005
427 704 700004
391 452 300008
333 685 700071
413 569 200021
420 841 1000101
102 145 200009
520 603 700071
352 415 900091
205 633 1000101
801 844 800003
300 799 200009
85 705 1000001
496 822 800081
122 393 500006
540 572 200009
336 346 400007
187 515 900091
606 852 200021
24 93 700004
657 797 300008
235 524 900002
238 881 400041
183 209 500006
280 683 1000101
412 539 300008
570 697 800081
110 660 900002
617 877 500051
207 876 600005
431 556 100010
353 827 100010
347 714 700004
248 778 300008
466 709 700004
668 861 500051
195 269 400041
509 716 1000101
198 620 700004
323 337 600005
280 331 1000001
141 894 100010
484 771 600061
615 758 400041
493 886 400041
15 557 200009
93 867 400007
102 747 800081
83 842 300008
221 285 100010
458 726 200021
69 219 900091
365 686 200021
495 555 100010
587 859 700071
583 668 100010
560 637 100011
275 292 900091
20 723 600005
352 840 900002
138 316 800003
181 851 900091
276 742 600005
259 658 600005
118 761 900002
215 546 1000001
277 678 200009
415 420 300031
249 520 400007
464 763 1000101
399 821 500006
67 214 600005
270 272 300031
489 580 400007
2 546 500006
540 770 400041
22 305 1000001
54 781 400041
42 170 300031
154 393 400041
167 408 900002
670 847 700071
410 504 1000001
56 345 600061
158 666 800003
476 680 800081
600 882 200009
93 150 800003
15 368 200009
20 88 600005
280 688 200009
24 497 800081
532 878 800003
605 625 200009
200 214 100011
361 503 700004
290 619 500006
745 806 400041
418 700 400041
494 884 800003
120 777 800003
251 419 200009
11 469 200021
559 858 800003
384 641 600061
282 840 300008
257 381 1000001
524 852 400007
65 402 800003
645 745 300008
316 598 100011
103 744 600005
255 378 200009
101 733 500006
78 472 400041
372 492 900002
25 800 100011
450 489 800003
237 806 700004
741 878 300008
808 875 400041
344 663 100010
89 245 100010
504 848 1000101
590 810 100011
373 833 300031
35 425 800081
557 564 700071
377 772 1000001
34 816 600061
137 499 100010
79 863 800003
168 600 900091
368 898 600061
406 417 700004
507 748 600005
481 623 1000001
66 896 1000101
