EDGELIST
900 3600 1 900001800
580 795 1
289 833 699994
209 786 2000103
415 496 699994
104 330 1700073
562 843 100000
819 886 1900093
365 725 1
469 850 1500053
363 608 599995
279 859 1700073
2 763 1900093
72 862 1600063
185 648 1300033
604 670 1600063
389 664 1500053
646 801 1300033
320 880 599995
14 281 1400043
165 387 1400043
512 810 1
262 392 1300033
241 680 1900093
323 485 1200023
205 412 1700073
62 812 1100013
554 737 899992
632 896 499996
514 816 1300033
471 808 699994
128 724 2000103
185 773 399997
718 883 1300033
401 432 1
499 550 1700073
390 565 1200023
383 419 1400043
57 224 899992
169 509 1500053
500 768 1400043
200 300 1100013
182 234 1300033
73 193 1100013
722 731 1600063
199 805 1400043
79 88 1900093
322 573 399997
45 183 1500053
18 352 1
149 663 1
493 531 1600063
553 816 1400043
93 301 199999
264 789 100000
143 146 1600063
565 721 699994
576 798 1900093
637 891 1500053
475 875 199999
646 739 199999
153 505 1500053
120 856 1200023
210 246 1800083
429 683 1200023
239 640 599995
97 111 1500053
737 775 199999
85 539 299998
171 475 1300033
371 651 399997
67 236 499996
349 496 399997
63 672 399997
811 820 2000103
30 331 1100013
19 301 899992
189 312 1300033
350 762 1700073
28 426 199999
489 666 1100013
545 627 1700073
52 494 1100013
342 630 1500053
0 355 499996
324 652 1600063
103 570 1900093
374 509 1900093
21 255 1900093
133 381 499996
35 231 1800083
298 656 1700073
58 421 799993
31 577 1800083
91 871 1800083
480 802 399997
179 796 199999
404 575 399997
336 669 1500053
399 559 499996
241 757 399997
523 754 1500053
221 538 799993
116 164 199999
280 713 499996
519 783 899992
37 898 199999
318 508 1400043
0 297 899992
471 552 1100013
53 420 799993
463 866 899992
603 752 499996
446 833 1400043
157 567 100000
704 887 699994
62 294 499996
52 251 899992
160 375 499996
85 392 1100013
40 780 199999
198 841 1600063
618 746 1400043
272 344 2000103
643 840 199999
426 623 1
252 414 1700073
51 447 100000
149 208 1900093
292 441 799993
170 274 1500053
430 830 899992
25 88 1300033
209 468 1
23 676 399997
470 657 799993
19 726 799993
408 743 1900093
89 484 299998
180 272 1800083
575 821 1300033
433 746 1900093
462 640 1300033
215 567 1700073
407 638 1200023
315 805 699994
573 705 1600063
3 583 199999
18 539 100000
85 558 1500053
104 762 1800083
435 722 1400043
95 525 399997
123 285 1200023
365 754 1400043
83 852 199999
156 700 1700073
71 117 1100013
132 688 100000
99 570 899992
254 892 899992
457 846 1200023
490 650 1200023
259 693 1700073
152 354 1300033
324 345 399997
784 857 1700073
552 740 199999
87 666 399997
206 547 399997
296 789 699994
406 511 1
301 510 399997
84 248 2000103
414 521 2000103
109 510 1200023
670 844 2000103
829 867 1100013
108 628 599995
3 402 1
630 865 199999
738 763 499996
437 706 1400043
314 588 1200023
11 672 299998
220 819 799993
68 589 499996
309 638 1400043
162 567 1700073
222 618 399997
280 324 899992
488 629 599995
147 736 499996
270 650 299998
144 521 199999
206 498 2000103
333 733 1500053
377 798 1900093
730 754 1100013
541 744 1200023
392 638 2000103
175 484 1100013
727 768 299998
781 890 699994
354 463 1400043
602 853 1
400 401 699994
339 457 699994
412 612 399997
262 361 1100013
146 378 1800083
234 294 2000103
221 330 1800083
107 844 599995
35 762 699994
141 601 199999
76 578 100000
253 352 1400043
20 313 299998
217 401 1100013
22 427 399997
33 158 1500053
373 886 599995
166 833 1100013
264 449 1400043
344 691 2000103
639 836 599995
590 754 299998
134 589 1800083
84 138 1800083
204 458 1600063
285 314 399997
413 810 599995
348 681 100000
162 322 100000
105 547 1400043
588 875 899992
114 591 2000103
108 790 1900093
722 766 699994
435 809 799993
103 702 599995
159 559 1300033
355 599 1900093
478 618 399997
246 809 299998
131 822 1800083
226 814 899992
454 511 1900093
74 875 899992
165 282 399997
196 211 299998
465 640 299998
77 79 899992
19 583 699994
52 688 1
562 633 1600063
339 696 1900093
324 850 1200023
585 825 599995
185 290 1200023
206 740 899992
24 813 1400043
285 699 499996
498 547 1200023
82 233 699994
56 500 199999
8 651 399997
105 495 1400043
245 531 1600063
32 453 699994
537 881 1500053
592 787 1200023
29 188 1400043
307 866 1900093
881 885 599995
497 625 299998
129 881 1600063
730 834 100000
22 271 1800083
14 618 1700073
61 659 1200023
94 475 1800083
471 891 799993
210 663 1
474 498 1800083
220 734 699994
467 817 499996
97 225 1800083
558 692 1
717 848 1100013
387 557 1600063
340 781 699994
441 547 1300033
124 896 699994
210 839 499996
355 393 1800083
97 439 1600063
694 725 299998
232 694 599995
162 789 100000
346 589 2000103
466 856 2000103
61 130 1400043
739 801 399997
558 657 1400043
181 461 899992
58 94 1600063
294 743 399997
512 888 1800083
153 232 799993
139 756 1700073
453 731 1400043
857 885 1100013
530 799 1100013
446 780 1600063
320 381 899992
147 256 1200023
329 457 1200023
569 704 1800083
65 156 1100013
243 865 199999
384 884 899992
216 483 1700073
175 385 1
308 446 1300033
318 813 499996
17 501 1200023
359 733 1500053
199 853 299998
193 528 699994
8 383 299998
384 479 1300033
482 748 899992
787 815 199999
66 325 899992
159 279 699994
528 721 1100013
320 566 399997
122 647 399997
378 441 1900093
656 864 699994
598 736 1200023
116 223 2000103
573 682 899992
73 456 399997
164 800 2000103
343 789 899992
103 672 1600063
257 295 599995
491 644 1500053
262 322 399997
348 494 1800083
368 683 199999
87 673 100000
64 532 1500053
224 586 399997
178 857 1800083
28 795 499996
139 376 399997
72 823 1800083
347 754 699994
32 560 1100013
205 357 1400043
27 868 2000103
112 883 799993
1 787 1900093
38 770 1300033
486 587 1100013
409 749 599995
120 156 1900093
25 704 199999
169 369 1500053
175 535 1700073
889 890 1
516 701 599995
51 861 899992
604 694 100000
416 595 1700073
43 828 599995
363 790 899992
272 881 2000103
1 75 299998
523 789 599995
359 802 1500053
685 861 499996
530 576 299998
257 396 399997
657 700 699994
235 889 599995
589 591 1
559 718 2000103
144 578 100000
322 369 199999
142 898 1
177 646 100000
511 718 299998
637 722 199999
372 727 1700073
80 718 1500053
596 817 399997
108 234 2000103
296 583 1400043
68 90 1100013
222 720 2000103
201 520 1100013
117 257 299998
203 432 1300033
18 535 1900093
318 735 499996
212 831 1
137 370 1900093
169 650 1100013
227 591 1900093
442 460 199999
63 150 299998
629 887 299998
486 615 1800083
353 392 2000103
106 215 199999
208 712 699994
493 717 799993
362 707 499996
501 872 2000103
220 780 599995
508 702 1900093
279 865 399997
85 328 1600063
579 887 1700073
194 725 1500053
498 758 699994
190 359 1600063
110 892 1300033
233 667 1300033
181 410 1100013
585 849 399997
210 290 299998
693 741 899992
507 644 1200023
378 646 1500053
497 863 1700073
113 271 1400043
88 631 699994
347 438 1500053
344 535 1200023
76 141 699994
426 651 1500053
33 289 699994
429 679 1500053
19 594 2000103
408 783 899992
388 590 499996
5 184 399997
200 201 1300033
609 721 499996
154 216 799993
249 624 499996
151 193 1100013
397 577 100000
144 679 799993
285 889 100000
296 503 1100013
57 235 799993
473 844 1900093
54 562 1400043
173 706 1600063
480 649 1700073
527 795 499996
97 668 1100013
232 800 1300033
170 496 1400043
100 762 100000
76 537 1
172 502 199999
110 289 399997
138 725 799993
106 520 1800083
17 878 299998
675 780 1500053
107 595 299998
385 658 499996
640 695 599995
183 612 199999
731 898 1300033
404 850 399997
152 884 2000103
263 814 2000103
69 281 1700073
317 806 399997
350 414 1200023
702 811 1900093
674 893 1100013
190 434 299998
528 781 1500053
398 785 1300033
43 714 799993
318 799 1400043
861 877 1700073
537 546 499996
13 72 699994
389 456 699994
280 706 1800083
343 760 599995
837 851 1400043
159 508 499996
96 135 799993
103 490 1600063
378 429 699994
239 541 1600063
57 831 799993
580 813 699994
83 162 1300033
335 698 799993
350 540 699994
12 353 100000
245 472 1200023
466 795 100000
443 489 1900093
154 436 799993
507 693 799993
376 417 1400043
286 485 1900093
405 670 1700073
830 846 199999
466 808 299998
31 641 399997
192 682 1100013
129 225 1700073
61 256 499996
368 559 1900093
253 591 199999
680 685 1
657 762 399997
212 829 2000103
184 340 1800083
596 860 299998
590 621 399997
534 679 1800083
427 556 1200023
371 417 1900093
348 589 499996
437 575 299998
676 711 599995
593 845 899992
388 824 1200023
409 500 299998
156 881 499996
442 837 1800083
27 548 1600063
73 340 1100013
130 587 299998
266 730 699994
116 126 1100013
191 547 299998
128 340 1400043
124 325 1900093
502 766 399997
411 649 1800083
713 746 1300033
0 300 799993
433 479 1300033
524 828 399997
282 547 1400043
83 499 2000103
227 315 499996
90 644 1600063
723 788 899992
471 878 199999
721 882 1100013
97 127 1100013
357 703 299998
239 826 299998
95 563 699994
69 216 199999
21 408 1800083
101 551 299998
456 839 1100013
263 470 1600063
420 860 799993
230 444 299998
62 479 1200023
596 890 1600063
88 416 1500053
303 485 499996
247 890 299998
437 813 1900093
477 816 299998
113 228 1200023
544 608 799993
565 588 399997
122 198 399997
235 546 199999
259 405 699994
136 447 1900093
560 644 299998
119 667 1400043
439 663 1700073
135 535 1300033
845 856 1100013
206 862 100000
69 773 799993
211 474 1
85 659 1
564 624 1200023
644 895 1
44 96 1900093
148 466 1500053
450 472 1900093
309 625 899992
341 734 100000
16 627 199999
112 149 1700073
262 707 1500053
397 688 1500053
95 846 399997
159 248 1100013
166 331 1700073
637 770 899992
464 801 1800083
145 814 1400043
450 583 1
431 703 599995
66 430 1100013
244 263 1500053
716 788 1500053
167 353 1100013
18 825 1200023
379 709 399997
640 854 199999
158 443 399997
43 841 1
186 345 1500053
114 776 1400043
448 461 299998
275 855 1200023
365 633 699994
702 715 1300033
149 306 899992
363 390 1800083
271 474 1600063
117 250 1700073
220 443 100000
482 868 1600063
323 686 1800083
89 634 1100013
55 301 1500053
209 699 699994
569 886 1200023
57 174 1400043
464 636 699994
480 750 1400043
250 832 2000103
16 305 399997
573 888 1700073
191 470 1500053
109 687 2000103
311 601 1400043
494 536 299998
2 80 399997
318 867 299998
762 893 699994
58 411 599995
205 455 1100013
552 796 1600063
226 317 1700073
169 549 2000103
199 562 1600063
3 61 1400043
230 417 699994
321 839 199999
19 544 1300033
166 183 1300033
60 728 599995
164 736 1300033
166 468 399997
172 733 1
614 874 299998
9 792 599995
246 494 899992
207 763 1400043
306 558 1900093
570 674 1700073
361 684 1200023
480 694 199999
502 745 2000103
205 676 199999
61 459 899992
397 886 499996
253 267 1900093
123 623 599995
684 696 799993
28 805 799993
487 557 199999
329 466 1700073
607 733 499996
800 802 599995
415 687 499996
127 880 599995
299 501 299998
428 579 1800083
617 771 499996
196 463 699994
781 793 1
86 115 1900093
175 401 1100013
268 347 1900093
238 679 1700073
289 293 699994
440 762 1500053
495 858 899992
10 297 599995
318 592 499996
660 724 499996
48 640 199999
61 784 599995
391 497 1800083
300 325 699994
158 243 1700073
177 377 1400043
228 887 1200023
147 629 899992
671 701 1900093
279 435 799993
447 540 299998
374 489 1100013
332 547 1400043
606 845 100000
712 841 399997
35 842 100000
100 770 1900093
83 194 799993
425 528 1400043
122 479 299998
529 663 1200023
145 277 2000103
415 873 1300033
417 428 699994
250 718 699994
746 860 1800083
710 840 399997
220 378 1400043
129 364 1900093
713 737 599995
248 312 1300033
613 731 1100013
210 556 1600063
9 247 799993
584 866 1800083
619 749 1800083
150 317 699994
467 584 1
289 370 1800083
534 623 1900093
450 728 399997
64 469 399997
179 442 699994
208 320 399997
11 340 899992
263 439 1200023
11 364 1100013
178 793 1
480 518 1100013
273 474 100000
711 884 1700073
1 143 1700073
69 473 699994
604 636 1
355 577 799993
265 833 1500053
65 527 499996
67 565 1
474 822 1400043
70 386 1800083
266 797 1300033
783 799 299998
546 727 1600063
140 399 1600063
123 466 1100013
326 398 799993
288 413 799993
377 408 100000
299 898 1500053
764 819 100000
726 734 799993
275 814 1
308 368 199999
425 691 599995
141 302 1300033
269 581 299998
270 637 699994
440 816 1500053
431 445 1200023
427 755 1200023
745 814 1700073
41 886 499996
54 74 1500053
78 883 1300033
234 822 1900093
115 130 1700073
405 725 599995
565 712 599995
243 693 1900093
558 898 1100013
102 703 1400043
138 504 1
156 859 1200023
197 310 100000
399 447 1300033
831 839 1500053
163 693 499996
247 383 1700073
668 733 299998
43 154 1900093
286 652 299998
209 509 399997
76 302 1100013
658 711 199999
175 817 1200023
449 894 1100013
182 366 1600063
327 456 399997
189 267 599995
302 823 1200023
99 329 799993
60 681 100000
22 751 1400043
425 791 1800083
657 885 1300033
487 514 1900093
41 666 100000
142 372 1300033
457 503 599995
12 629 1700073
563 679 899992
616 785 1900093
35 49 799993
145 702 299998
60 221 1900093
363 415 1600063
858 878 1400043
487 718 1300033
110 503 1900093
381 647 199999
99 129 299998
189 207 1600063
91 840 599995
199 603 1500053
283 713 399997
262 741 1300033
191 629 1100013
47 569 2000103
564 885 699994
690 761 299998
256 605 100000
473 630 599995
198 476 1900093
62 270 1500053
356 814 1300033
419 863 1
197 212 1100013
67 833 299998
314 771 1400043
154 784 399997
318 373 1700073
261 531 1200023
5 625 699994
293 637 1600063
61 200 1800083
284 633 1600063
262 522 1700073
61 327 799993
744 795 1100013
103 176 1
179 851 199999
184 746 1
155 185 1100013
353 513 1800083
434 646 1400043
797 810 1100013
107 780 1600063
497 519 799993
299 475 1800083
244 282 1500053
256 270 1200023
51 158 100000
336 753 2000103
88 123 1800083
463 494 2000103
486 575 1500053
364 619 1
59 402 799993
412 897 199999
35 408 799993
279 755 1800083
36 585 1900093
94 254 599995
753 758 1700073
227 731 399997
158 308 499996
493 709 899992
325 835 1100013
42 688 699994
183 525 1300033
143 654 1300033
195 673 399997
403 651 399997
49 653 100000
46 466 1800083
314 814 599995
336 768 1700073
57 214 399997
175 754 100000
372 501 899992
550 761 1500053
407 609 100000
122 595 799993
117 135 1200023
122 348 1100013
265 287 1100013
598 663 1400043
172 221 299998
296 594 599995
432 869 1700073
424 628 1500053
291 547 1600063
19 543 199999
161 264 1200023
398 776 499996
34 194 1500053
161 569 1300033
679 838 199999
443 883 799993
528 592 1100013
105 592 499996
143 763 1
229 723 1700073
59 443 1
308 563 299998
313 756 1400043
804 892 100000
748 785 799993
121 581 1400043
471 588 399997
116 376 1600063
10 245 1800083
3 586 399997
285 688 1700073
377 844 1700073
540 854 2000103
366 882 799993
721 760 1
35 715 100000
267 842 1300033
144 607 100000
310 364 599995
191 683 1
454 844 1500053
195 443 1800083
191 617 1800083
2 805 1800083
465 778 100000
366 534 199999
415 856 699994
85 531 699994
125 636 399997
182 510 499996
500 845 1200023
240 335 499996
335 723 1
113 199 1100013
213 858 1
265 787 199999
83 300 1
674 756 1800083
568 711 1
177 666 1800083
19 332 399997
99 823 1300033
506 863 399997
306 634 399997
31 416 599995
343 817 1900093
423 506 499996
612 779 1700073
37 769 599995
125 806 1700073
49 295 100000
74 469 199999
221 247 1900093
262 291 1800083
634 680 1700073
374 649 699994
316 789 599995
258 382 899992
160 373 899992
470 696 1300033
875 886 299998
772 804 1200023
72 294 1600063
50 818 399997
124 429 1800083
86 668 1900093
408 749 1700073
411 767 1200023
188 626 799993
421 463 1
47 645 899992
319 581 1700073
424 567 599995
447 645 1400043
227 495 100000
542 575 599995
328 692 799993
565 837 1900093
480 540 100000
227 347 1300033
72 805 100000
329 340 1500053
386 765 399997
65 117 1700073
703 752 1800083
170 748 100000
411 454 399997
404 840 1800083
678 818 499996
226 267 1600063
673 693 1700073
464 670 299998
379 746 1
249 742 1500053
158 442 1200023
186 757 899992
706 734 100000
288 392 1900093
90 609 899992
165 343 1600063
211 850 499996
29 131 1800083
243 524 1200023
293 323 1200023
286 438 1700073
620 858 1300033
48 208 1200023
251 770 1700073
83 887 699994
536 752 1700073
107 823 599995
79 224 1200023
722 797 299998
340 401 1100013
175 896 1300033
30 880 1900093
54 700 199999
596 779 1900093
13 584 1500053
215 345 199999
59 642 599995
183 770 2000103
321 598 1700073
101 626 299998
287 620 199999
342 574 1300033
89 389 2000103
384 594 1500053
153 835 1200023
423 542 899992
160 580 599995
283 554 599995
156 442 1100013
67 732 2000103
64 499 1200023
85 125 699994
348 600 1900093
242 852 1200023
229 633 100000
444 847 2000103
394 583 1200023
171 519 399997
335 711 1300033
209 877 899992
178 201 799993
124 839 2000103
403 806 1400043
296 410 100000
484 808 799993
26 820 199999
30 609 899992
487 518 699994
116 859 299998
118 765 1700073
196 280 1700073
369 473 2000103
225 400 1900093
478 626 399997
319 777 899992
1 408 1500053
315 408 799993
320 801 1800083
529 879 1600063
366 447 1100013
601 830 1800083
343 682 499996
14 247 699994
547 655 100000
97 256 1300033
362 596 599995
39 205 499996
68 129 1400043
182 535 1800083
568 729 499996
377 457 1
234 580 199999
98 764 1800083
25 318 1500053
330 435 1800083
247 836 1400043
116 642 599995
525 783 299998
491 721 1300033
311 469 1500053
616 701 899992
78 780 1100013
73 685 199999
574 882 1800083
189 193 1
442 849 100000
211 461 2000103
545 603 1200023
363 653 1400043
456 787 599995
11 95 1100013
440 777 399997
111 830 1100013
739 870 899992
434 853 1100013
74 153 199999
624 720 899992
133 422 699994
106 552 2000103
326 525 199999
119 196 599995
531 736 199999
616 871 1500053
442 788 1900093
561 869 1500053
442 561 899992
132 696 2000103
128 357 399997
326 555 799993
415 847 199999
807 840 599995
313 707 1200023
110 453 100000
705 744 199999
364 899 1
308 391 1700073
394 671 1300033
163 375 100000
101 221 299998
771 795 100000
509 753 499996
286 577 1300033
530 698 100000
361 791 799993
314 384 1700073
134 411 899992
396 603 1700073
835 899 1100013
44 870 399997
628 875 199999
274 370 899992
524 560 1700073
203 794 1400043
402 649 1700073
502 614 799993
154 707 899992
229 249 199999
33 796 1800083
200 264 1900093
539 676 2000103
313 412 799993
229 300 1300033
175 274 899992
113 279 399997
428 777 1400043
251 338 199999
266 880 299998
393 814 1700073
381 441 1300033
345 430 1500053
31 750 1800083
43 62 899992
421 803 199999
562 621 1100013
673 819 1200023
313 339 599995
200 353 1900093
101 601 499996
377 743 1600063
512 641 799993
40 213 399997
293 450 1100013
406 458 199999
212 279 1500053
142 445 299998
320 633 1400043
167 699 399997
252 458 1800083
487 620 1900093
465 531 599995
593 812 899992
92 679 1200023
39 390 799993
494 526 599995
579 766 1900093
18 845 1300033
378 650 100000
419 520 499996
527 779 1500053
95 200 1200023
384 896 499996
90 559 299998
64 484 1300033
25 797 699994
99 216 2000103
421 758 699994
181 334 1200023
290 590 2000103
759 792 1400043
79 355 1800083
533 573 1200023
457 783 799993
386 399 499996
292 524 699994
343 898 599995
682 843 1600063
187 453 1200023
534 744 499996
106 613 1900093
466 584 199999
303 886 1800083
37 589 100000
633 771 1500053
313 599 100000
196 271 1900093
341 814 1300033
23 800 499996
243 440 1300033
96 438 1
417 682 1
218 800 1300033
490 782 1400043
231 778 1400043
423 446 1100013
401 423 1800083
64 491 1400043
332 400 399997
636 722 1800083
275 322 1100013
479 889 1100013
437 737 499996
446 837 1800083
228 790 299998
260 810 1600063
166 228 2000103
493 715 1200023
331 498 499996
182 621 1800083
135 748 599995
187 327 1400043
151 412 699994
274 807 1500053
72 445 899992
115 480 299998
203 883 1700073
327 493 399997
283 396 100000
148 610 1200023
47 714 2000103
91 315 1900093
407 426 1600063
138 278 299998
728 785 1600063
16 762 2000103
388 629 1100013
238 292 199999
417 561 1100013
22 705 1100013
3 448 1700073
269 525 799993
740 768 299998
729 829 1400043
53 701 1300033
203 221 1600063
658 822 499996
213 549 1500053
327 736 599995
371 518 399997
495 580 699994
295 872 499996
92 226 1600063
526 842 299998
442 555 199999
222 297 499996
388 749 1700073
642 712 899992
227 350 699994
142 758 1400043
623 899 100000
437 578 1
641 684 1700073
684 695 1800083
727 764 1600063
44 545 799993
271 366 1
3 77 1800083
299 432 1600063
136 399 2000103
168 622 1900093
367 739 499996
168 475 2000103
176 645 1700073
458 509 1900093
613 675 100000
587 677 299998
428 844 499996
271 541 299998
217 229 1400043
49 715 1100013
5 363 100000
116 593 1300033
68 114 1200023
388 860 399997
3 455 1200023
173 818 1100013
386 567 1600063
147 660 2000103
719 862 1800083
203 279 799993
194 836 1400043
58 850 2000103
545 699 699994
115 638 1100013
114 713 799993
89 436 399997
129 529 1800083
129 606 100000
373 853 1900093
517 658 1
202 689 1800083
122 687 1700073
606 837 1900093
1 487 1300033
191 672 499996
405 407 799993
239 833 1900093
447 482 1
721 807 2000103
81 534 799993
64 786 1
447 806 1800083
631 829 1900093
125 256 899992
139 251 1200023
114 845 699994
27 876 399997
117 512 1100013
93 579 1300033
166 455 1
475 599 1600063
192 467 1400043
22 141 799993
537 573 599995
181 637 799993
321 581 1
435 495 1900093
131 346 599995
668 745 599995
53 179 1500053
453 645 1300033
236 270 1
539 738 199999
534 807 1300033
552 748 2000103
246 788 699994
328 813 1300033
284 544 100000
566 859 1900093
254 431 1200023
509 550 1500053
235 332 799993
69 369 1100013
387 804 799993
62 680 299998
441 863 1100013
134 225 1300033
219 491 1200023
473 648 499996
356 899 1
107 243 1100013
221 742 799993
551 582 1800083
124 318 1800083
187 463 299998
584 895 1800083
371 510 1800083
277 428 1500053
20 205 199999
10 465 899992
277 457 1600063
116 512 1800083
117 478 1800083
221 637 2000103
312 662 1100013
430 888 899992
315 371 699994
446 794 699994
568 590 299998
158 706 199999
277 434 1500053
752 804 1400043
387 616 799993
238 777 1800083
388 515 1600063
341 514 599995
721 851 199999
692 728 1200023
844 890 199999
560 887 299998
388 878 1500053
334 855 399997
71 732 1700073
161 536 1900093
789 858 1600063
431 687 1300033
42 662 1300033
134 490 1100013
270 395 1100013
6 267 1700073
247 711 899992
658 819 599995
157 456 499996
100 741 1900093
208 611 1600063
583 685 1700073
31 324 1500053
236 822 299998
71 790 399997
185 694 1800083
35 281 1300033
13 560 1600063
356 885 1500053
451 481 699994
71 116 1
186 773 899992
46 831 1700073
267 889 100000
453 781 1700073
78 399 699994
157 207 199999
232 760 799993
475 641 699994
167 636 1900093
324 468 1200023
127 696 1900093
108 216 1700073
159 740 1100013
672 725 1900093
250 476 1400043
119 362 1800083
103 822 1400043
60 331 1100013
46 868 100000
17 243 1500053
232 579 1300033
284 590 2000103
462 806 299998
264 546 499996
304 392 1300033
372 395 1900093
15 192 499996
269 412 2000103
320 858 1800083
285 817 799993
439 777 1600063
774 871 699994
350 859 1600063
490 629 1900093
15 452 1800083
373 765 499996
342 868 1600063
387 780 799993
665 721 1900093
298 502 1
123 612 1400043
39 858 1500053
127 795 2000103
146 488 1400043
356 776 1100013
720 844 699994
601 788 1900093
137 845 699994
653 843 100000
282 373 100000
41 800 199999
347 751 399997
82 857 1100013
390 896 1
73 442 1
556 656 599995
358 672 2000103
352 844 1700073
58 829 1
337 467 599995
157 269 2000103
367 396 1500053
173 655 2000103
48 691 1700073
23 184 1500053
731 875 1300033
587 789 1
46 357 599995
414 456 199999
336 623 1500053
431 843 1500053
492 663 1900093
147 697 1500053
76 548 1700073
221 893 299998
24 546 1100013
160 186 1400043
62 580 1600063
221 819 1600063
176 691 1400043
510 739 2000103
14 523 1500053
238 730 1700073
125 522 1500053
153 557 1100013
392 743 100000
304 625 1
192 894 2000103
442 508 1500053
47 564 1400043
84 432 1900093
421 789 199999
417 739 299998
327 666 1200023
696 756 2000103
698 706 1700073
441 483 699994
512 865 1500053
237 712 1300033
553 781 1100013
112 681 799993
52 618 599995
43 676 499996
265 329 100000
594 744 1900093
225 279 599995
342 486 1400043
373 447 599995
345 349 299998
670 740 299998
221 837 199999
341 831 799993
188 345 299998
286 860 1100013
468 694 1600063
415 747 1500053
693 827 1900093
387 408 1500053
140 783 1200023
289 326 299998
173 737 1100013
812 882 499996
351 540 1100013
66 810 299998
9 617 1900093
75 338 799993
201 569 1900093
262 283 1800083
554 764 2000103
633 666 100000
405 769 699994
381 634 2000103
192 716 1
46 218 1400043
532 608 100000
709 849 1200023
368 706 100000
48 725 1600063
276 752 2000103
331 561 599995
571 693 1
497 593 1100013
165 477 199999
33 136 1300033
500 851 1
400 653 100000
111 132 899992
152 304 1300033
63 268 1100013
531 755 1400043
392 535 100000
39 200 1200023
395 792 1500053
144 375 599995
687 798 1700073
546 861 499996
253 285 299998
284 481 799993
267 545 1600063
3 674 1200023
254 655 399997
521 757 1200023
49 636 1700073
114 169 499996
37 899 2000103
223 455 1200023
201 855 1100013
222 698 799993
634 789 1100013
207 489 1400043
497 742 899992
280 566 1100013
138 788 1
663 698 1800083
681 803 1500053
254 378 199999
215 841 1800083
249 348 100000
743 763 2000103
281 762 699994
439 642 1400043
416 628 1500053
70 768 1300033
689 707 1600063
157 756 799993
219 387 499996
524 570 1200023
470 632 1
26 182 499996
613 645 299998
503 620 1100013
283 379 1600063
230 658 1300033
86 126 199999
599 622 1700073
137 523 1500053
488 758 299998
401 451 299998
734 808 199999
649 796 1300033
117 824 1900093
844 845 199999
475 742 1300033
625 832 1300033
528 609 1300033
537 714 399997
129 266 699994
226 300 1800083
307 854 2000103
41 491 399997
16 407 2000103
131 397 1500053
412 716 1500053
202 238 399997
345 396 1100013
0 17 1500053
11 302 1300033
273 796 799993
187 845 299998
535 752 1700073
246 446 1
195 750 599995
733 866 1
211 434 1
362 392 599995
22 451 1600063
514 863 1500053
209 260 499996
207 866 1800083
609 861 199999
28 201 1600063
699 778 1700073
504 616 199999
3 223 199999
249 701 899992
233 676 399997
18 286 1800083
93 424 799993
75 813 2000103
335 888 1700073
336 644 100000
463 689 399997
412 655 599995
353 634 1500053
557 674 2000103
98 195 799993
230 840 1700073
338 421 1100013
154 473 100000
166 621 2000103
672 792 599995
291 648 799993
301 827 599995
671 801 899992
71 189 1300033
193 674 1400043
534 704 799993
178 209 299998
100 448 1400043
0 169 2000103
605 856 1100013
167 208 1400043
105 588 399997
473 711 1800083
735 778 1200023
93 122 1800083
280 477 1700073
303 438 1200023
769 800 1900093
660 665 1600063
130 458 499996
16 392 1
319 337 799993
422 425 1200023
235 704 1700073
488 790 1400043
596 645 1500053
223 458 1600063
586 665 2000103
210 784 1900093
320 641 799993
49 598 1900093
47 866 899992
282 345 2000103
390 434 1400043
107 722 1600063
137 194 399997
261 492 799993
52 526 899992
276 691 1
212 468 1800083
46 204 1400043
103 890 1300033
242 287 1700073
601 853 399997
262 309 299998
82 627 1600063
31 591 799993
189 464 1900093
409 492 2000103
380 769 599995
280 476 399997
251 283 1600063
153 501 1
127 784 1700073
133 253 1300033
247 560 1900093
17 135 199999
694 801 1800083
104 386 899992
34 197 1
182 482 100000
489 700 499996
32 358 799993
475 477 299998
92 437 1800083
176 680 1100013
148 817 1600063
362 812 799993
631 653 299998
312 681 100000
402 841 599995
126 277 799993
139 327 499996
564 697 399997
194 852 1200023
180 808 399997
79 760 1300033
547 790 1700073
131 700 399997
160 587 399997
45 895 1100013
95 213 1500053
510 699 899992
796 888 1
260 827 1
176 704 1200023
109 433 399997
31 76 1900093
272 342 499996
344 616 699994
29 429 899992
266 422 1
402 514 1
135 574 499996
371 466 1500053
212 258 1200023
488 499 1
618 738 1300033
208 726 599995
351 457 299998
290 554 1200023
18 799 699994
193 579 1400043
165 594 1300033
25 183 799993
55 811 899992
468 742 1200023
141 365 1100013
36 822 299998
278 724 1900093
99 197 1800083
117 199 899992
76 569 2000103
333 609 699994
150 393 1400043
609 637 1600063
327 763 899992
282 439 499996
500 633 1200023
278 731 199999
78 870 2000103
665 735 1
83 432 399997
462 717 499996
357 359 599995
529 622 1100013
166 588 199999
120 144 1800083
46 124 1500053
105 499 1800083
53 155 399997
165 496 1800083
665 707 1700073
99 704 399997
105 664 499996
132 170 499996
295 536 1500053
0 354 499996
106 451 100000
380 727 199999
157 280 1300033
504 882 1800083
3 312 299998
87 707 1800083
117 783 100000
342 550 399997
84 284 1900093
28 92 499996
289 617 2000103
180 224 799993
125 479 799993
50 793 1400043
39 594 1700073
320 439 1600063
316 433 1
737 853 499996
52 758 1100013
151 600 1500053
240 377 499996
106 809 799993
316 668 1
481 636 499996
50 681 1
515 533 799993
250 578 2000103
407 458 399997
240 820 1100013
106 699 1300033
175 400 1500053
237 449 100000
134 892 1900093
14 520 1
101 300 1200023
726 794 599995
550 829 299998
142 535 1300033
592 604 1600063
36 363 1500053
364 735 799993
81 146 499996
762 880 1900093
151 352 1
278 898 599995
846 886 599995
372 639 1200023
214 273 599995
798 883 399997
99 518 199999
324 776 1
505 833 1600063
360 584 1400043
194 720 799993
756 786 1200023
239 856 1500053
12 517 899992
209 387 1800083
205 592 1
20 593 699994
73 746 299998
67 69 100000
675 872 499996
37 298 799993
12 809 399997
577 738 1
72 706 599995
283 529 100000
127 550 799993
6 20 1400043
126 806 899992
385 532 1
74 839 699994
50 86 599995
643 773 1300033
3 259 2000103
625 662 1900093
2 718 100000
56 202 899992
80 266 299998
136 323 1900093
379 877 1800083
479 570 100000
593 815 1400043
81 84 1500053
220 560 1600063
166 349 1
27 841 599995
56 638 599995
497 603 599995
408 549 499996
476 832 1800083
843 882 1700073
320 796 499996
44 435 699994
98 866 1200023
12 427 1500053
369 487 699994
707 857 599995
758 812 2000103
319 498 1600063
421 714 1100013
292 759 1400043
544 709 1500053
401 526 1800083
174 835 899992
806 871 100000
574 764 1500053
367 804 899992
74 661 699994
749 882 1900093
300 662 1600063
170 885 399997
195 241 499996
166 508 1900093
379 412 1700073
301 710 499996
697 854 1500053
712 796 1600063
380 596 799993
64 544 399997
270 570 1400043
0 448 1
416 462 2000103
459 515 1100013
552 737 399997
624 753 1900093
592 893 699994
527 617 1800083
29 48 899992
697 777 899992
554 781 399997
59 847 1400043
143 178 299998
376 686 899992
397 453 1100013
281 445 1200023
93 209 799993
366 386 799993
534 541 1300033
403 680 1600063
35 319 1800083
359 811 1400043
171 514 899992
62 230 1200023
422 531 1
145 513 499996
143 148 1
140 677 799993
192 315 1300033
38 703 599995
858 886 499996
97 517 799993
589 852 1400043
438 890 1800083
9 589 1200023
651 815 1200023
374 466 1200023
353 582 1700073
440 451 1400043
345 358 1400043
33 236 399997
511 681 1600063
89 786 1500053
480 778 1700073
278 311 1100013
490 491 1500053
307 469 899992
18 143 1500053
191 461 100000
17 763 1200023
717 756 1100013
530 841 799993
437 456 799993
98 753 499996
298 600 299998
210 528 1900093
86 128 199999
146 622 1200023
500 664 699994
155 656 1500053
23 888 2000103
97 400 199999
676 827 1700073
501 528 499996
136 528 1900093
553 784 1
420 518 1300033
885 894 899992
193 654 1200023
87 104 399997
304 516 499996
155 275 599995
173 329 1600063
42 211 2000103
214 323 2000103
347 361 1500053
692 778 1
70 125 599995
329 804 1
579 729 499996
391 567 1200023
343 807 1900093
389 750 599995
325 567 1500053
705 815 1
57 77 599995
39 172 399997
176 470 199999
242 351 899992
267 670 399997
300 795 299998
150 611 2000103
436 557 1400043
373 574 1600063
142 271 1200023
333 688 199999
556 650 799993
100 383 499996
7 524 1800083
104 662 499996
335 747 799993
242 600 2000103
236 644 1200023
114 178 1
232 556 1400043
543 617 199999
33 397 1400043
390 689 1600063
538 827 1700073
4 468 1500053
11 224 1900093
179 308 1500053
320 735 2000103
316 562 1
421 428 1600063
159 807 399997
190 396 899992
460 522 699994
208 439 1600063
45 746 199999
246 680 1700073
334 710 1700073
555 740 399997
579 615 1300033
623 832 1500053
839 873 699994
124 372 499996
542 618 1700073
30 820 799993
326 716 1
164 624 1200023
359 671 1600063
41 498 299998
196 790 1200023
54 81 1900093
272 563 399997
258 650 1200023
59 828 299998
237 252 299998
462 593 1
403 484 1600063
340 504 1600063
112 218 1
230 339 799993
747 837 1400043
738 865 599995
360 693 1600063
2 562 599995
280 800 1900093
667 777 199999
42 167 1100013
368 471 1400043
368 554 599995
50 132 100000
166 329 100000
306 730 1300033
551 677 1900093
79 720 1800083
169 491 899992
155 697 100000
301 797 899992
225 572 899992
189 512 1300033
618 881 1700073
284 524 1100013
830 885 799993
79 258 1
628 836 599995
3 481 1200023
448 750 1
81 553 1900093
415 675 1800083
245 605 799993
64 542 100000
38 306 1600063
27 79 1500053
522 788 1400043
50 406 1600063
657 667 1300033
510 564 1700073
94 386 1800083
612 829 2000103
658 746 699994
186 210 1900093
251 755 899992
36 463 1100013
157 707 1500053
777 841 1900093
239 661 1800083
179 516 199999
68 179 1100013
222 562 1200023
636 652 799993
50 437 100000
406 675 699994
189 660 1200023
332 385 1
91 268 1400043
102 274 199999
170 499 1500053
477 738 899992
273 555 299998
39 590 1100013
436 582 1400043
21 443 499996
446 589 199999
114 206 799993
108 273 199999
807 837 1900093
51 309 1600063
544 861 100000
228 413 1600063
618 809 1900093
694 871 1400043
678 799 299998
673 848 1300033
300 737 1400043
649 844 1
317 622 1600063
583 739 1800083
303 809 1600063
553 824 1300033
277 698 1900093
483 622 2000103
484 575 599995
43 141 899992
52 313 100000
403 705 799993
313 803 399997
397 783 399997
108 645 1100013
41 632 1400043
350 756 1300033
554 667 1
65 80 499996
574 667 1600063
430 889 1
873 879 599995
224 289 799993
725 887 1100013
490 500 1200023
185 436 1900093
56 145 499996
16 560 1
344 395 2000103
416 680 1500053
10 807 1900093
218 635 199999
531 538 1100013
485 759 1200023
431 690 1400043
70 794 699994
25 292 399997
277 792 1100013
418 633 2000103
335 595 2000103
21 416 899992
342 856 299998
331 461 1300033
124 276 1900093
168 680 599995
415 634 799993
754 896 1500053
266 855 299998
413 803 1
619 633 199999
514 792 599995
362 374 899992
14 830 100000
223 277 799993
38 872 1300033
136 594 1800083
17 716 299998
256 476 1200023
298 352 1400043
20 787 1500053
36 74 1400043
97 416 1100013
273 560 199999
21 310 1200023
593 790 599995
7 680 899992
30 719 1200023
335 746 1700073
169 595 1300033
260 331 199999
250 676 499996
36 691 799993
201 686 1800083
109 177 1100013
525 695 1900093
15 554 1900093
718 757 1
450 609 1300033
253 763 1600063
150 155 1
81 578 1600063
233 405 1200023
569 611 499996
110 412 1
487 698 1900093
99 784 199999
304 789 899992
344 486 1500053
440 820 2000103
191 453 499996
274 474 799993
72 397 1600063
139 176 499996
323 424 1900093
679 730 1200023
191 734 499996
294 848 2000103
374 432 1100013
52 483 1200023
577 725 1700073
292 568 799993
168 586 699994
210 408 1200023
328 397 699994
269 708 899992
335 809 100000
459 547 1400043
309 355 2000103
133 506 1800083
28 252 2000103
506 538 1300033
123 798 1800083
176 545 1800083
56 106 100000
57 331 1800083
181 800 1200023
31 252 1800083
803 820 399997
545 718 1500053
305 822 1900093
543 547 899992
37 712 1600063
550 869 1600063
8 656 1
381 395 100000
566 788 1100013
217 720 1100013
351 578 1200023
594 669 2000103
255 591 699994
358 408 1900093
56 435 1700073
154 247 399997
112 526 1300033
103 454 899992
364 725 1400043
13 283 1400043
643 799 1700073
79 236 599995
626 807 699994
99 314 599995
72 874 1600063
285 584 1100013
27 373 299998
455 869 899992
200 751 1500053
96 652 1600063
772 893 1300033
309 831 1300033
69 769 1200023
42 171 299998
536 713 499996
26 891 1700073
678 892 100000
51 844 1700073
201 236 199999
117 157 1400043
375 747 2000103
100 285 1900093
178 310 1800083
564 583 899992
231 592 1
65 625 1500053
416 797 399997
38 232 1500053
112 544 199999
121 805 499996
433 493 1700073
478 733 1100013
200 450 199999
70 421 1400043
308 674 899992
87 110 1200023
355 543 1200023
203 424 1800083
654 812 1600063
255 588 1100013
341 890 699994
145 361 499996
285 406 399997
818 899 499996
417 851 899992
472 520 599995
520 683 599995
106 278 899992
359 517 899992
299 597 299998
610 783 799993
553 609 1
92 540 2000103
617 744 1400043
137 838 1300033
77 536 1100013
668 731 1900093
181 838 2000103
288 317 199999
540 805 1100013
450 484 1100013
278 461 1300033
475 767 1700073
45 877 399997
245 573 799993
196 548 499996
406 630 2000103
472 767 1500053
473 699 1400043
703 873 1200023
606 702 599995
131 251 899992
320 655 1800083
377 539 699994
267 654 100000
298 519 1200023
187 472 299998
137 628 1800083
412 874 599995
288 351 799993
640 647 1500053
210 571 699994
281 764 1300033
263 474 1700073
101 312 100000
490 585 1500053
282 299 399997
463 547 399997
244 506 399997
322 799 899992
535 877 1900093
338 558 1800083
229 804 699994
418 783 299998
63 111 1800083
280 755 499996
607 840 1900093
576 759 399997
28 314 1400043
255 774 599995
234 475 299998
386 833 1300033
292 873 899992
141 645 1800083
542 897 1500053
40 231 1400043
569 835 399997
111 899 299998
13 163 1800083
197 416 399997
418 689 1500053
392 432 899992
226 790 1300033
594 856 899992
548 668 499996
498 576 1500053
110 474 199999
311 780 2000103
653 662 100000
196 456 399997
10 630 199999
81 519 599995
299 353 299998
206 836 1700073
213 272 1500053
555 580 599995
47 736 1
265 377 2000103
64 482 1600063
548 593 1800083
206 846 1200023
57 569 1
350 892 599995
407 592 2000103
241 712 599995
199 291 399997
242 304 2000103
462 867 1500053
460 505 199999
0 651 699994
683 761 899992
281 630 699994
568 606 1800083
456 817 1800083
39 360 1100013
384 846 2000103
161 208 299998
510 857 100000
575 646 1900093
394 687 199999
15 38 1300033
160 819 1500053
35 161 1700073
63 271 499996
225 818 1100013
225 484 799993
140 289 299998
600 798 1500053
193 676 1500053
419 870 599995
291 438 2000103
472 603 899992
748 853 499996
65 419 699994
628 646 1700073
629 663 199999
49 678 1500053
465 602 1100013
87 299 899992
189 448 899992
92 480 399997
231 307 1700073
663 837 599995
283 819 399997
219 287 1600063
509 765 1400043
684 821 199999
176 246 1400043
51 595 599995
141 797 1300033
34 122 899992
34 842 599995
204 341 699994
58 102 1700073
208 807 1200023
460 753 100000
280 394 2000103
191 750 2000103
286 882 199999
265 727 1
273 336 1100013
515 532 1400043
87 892 1400043
273 373 1600063
501 694 1200023
508 655 699994
441 539 100000
739 833 1900093
531 897 699994
121 761 1200023
687 858 199999
708 757 1300033
65 777 899992
8 460 1400043
78 662 299998
464 684 399997
447 886 1
537 781 1900093
167 573 599995
118 879 1100013
201 450 599995
300 845 1800083
315 393 599995
195 709 1700073
12 31 1200023
50 886 1
33 638 1800083
117 122 399997
543 624 1300033
264 524 2000103
158 279 899992
370 811 899992
369 741 899992
303 756 1500053
162 232 399997
306 741 799993
35 225 799993
17 637 1900093
510 714 1100013
61 847 299998
276 615 899992
267 681 199999
146 680 1
82 582 1800083
557 876 399997
141 348 1200023
268 374 1500053
236 653 599995
410 443 1600063
573 661 2000103
15 678 1100013
558 824 1
438 809 1500053
164 829 1100013
398 713 799993
293 309 499996
205 629 1900093
705 712 1300033
415 681 699994
169 879 1
48 165 1600063
411 798 1700073
794 883 399997
568 857 1900093
29 510 1
275 629 100000
583 825 299998
328 681 1200023
20 741 1400043
65 774 599995
383 752 1700073
496 720 399997
183 470 799993
506 849 899992
291 699 2000103
232 253 799993
340 573 1600063
92 176 1200023
130 254 1400043
340 607 899992
722 899 1400043
729 888 1300033
551 839 699994
69 355 1500053
310 752 1800083
612 643 799993
405 669 1100013
272 593 1700073
48 178 1700073
323 753 299998
520 810 299998
535 874 399997
8 883 399997
57 278 1200023
172 250 1600063
545 775 1800083
667 696 1300033
131 277 699994
361 405 199999
256 864 1700073
172 310 1300033
443 665 1800083
213 485 899992
780 806 1100013
232 664 799993
52 685 100000
686 763 199999
76 479 1500053
341 683 1600063
130 730 699994
88 853 1400043
449 804 499996
488 633 199999
409 585 599995
269 281 399997
207 821 899992
53 120 1800083
291 515 1600063
1 759 1200023
105 671 899992
486 894 799993
348 389 100000
584 830 699994
335 397 1100013
414 828 2000103
46 251 1100013
302 713 599995
294 791 899992
202 469 1100013
54 566 100000
476 623 799993
852 878 499996
203 395 1
773 876 100000
92 549 499996
188 895 1300033
409 597 1100013
275 367 1200023
14 252 1300033
472 757 499996
436 708 1400043
665 684 499996
542 822 1
75 97 1800083
245 428 1400043
574 613 1100013
47 671 1400043
147 180 499996
545 824 299998
362 475 2000103
213 780 1500053
327 383 1
621 772 499996
360 897 1300033
796 877 1700073
259 376 1400043
359 396 199999
657 890 1100013
311 326 499996
85 373 899992
72 374 1800083
140 395 199999
518 837 2000103
494 702 499996
147 877 100000
743 796 1900093
164 375 1500053
655 699 1500053
394 459 1100013
601 801 299998
560 840 100000
498 501 1300033
586 863 599995
178 736 1500053
29 201 799993
288 721 499996
787 868 299998
381 819 699994
145 610 199999
561 875 799993
4 262 399997
410 417 1700073
113 366 1
487 590 799993
385 615 2000103
450 610 299998
332 773 399997
121 370 1700073
294 479 299998
28 247 1500053
663 712 100000
53 352 499996
203 751 1800083
804 887 1200023
302 805 599995
360 438 1300033
58 659 100000
80 376 1500053
311 431 199999
323 530 299998
18 481 100000
364 602 1200023
167 715 100000
74 250 699994
398 471 1100013
451 648 299998
141 651 1800083
740 744 1600063
412 544 1600063
256 509 499996
381 890 1700073
468 661 1900093
201 356 1100013
725 760 899992
112 536 799993
521 746 100000
120 734 1700073
626 733 799993
17 227 1500053
215 813 1300033
589 628 399997
115 764 399997
223 459 1200023
322 336 2000103
220 761 1800083
81 174 2000103
106 507 899992
851 855 599995
29 181 1100013
575 783 2000103
441 712 899992
7 482 1700073
170 429 1
265 546 299998
128 293 399997
328 632 299998
572 712 100000
284 447 599995
673 802 100000
557 754 899992
168 868 1500053
66 222 899992
479 558 399997
562 890 1100013
153 203 899992
64 790 1500053
757 762 599995
187 369 1200023
205 818 399997
171 586 1500053
428 478 299998
261 866 899992
686 818 100000
554 591 499996
356 755 1800083
180 411 499996
313 865 399997
862 876 1700073
48 189 399997
340 406 499996
563 731 1400043
326 652 1600063
175 744 1600063
91 634 399997
420 750 1400043
427 686 1800083
202 887 699994
363 561 1300033
603 664 899992
317 836 299998
422 663 599995
324 586 799993
154 729 699994
13 213 1600063
46 459 1800083
244 392 1800083
305 676 199999
452 667 1900093
709 760 499996
149 599 499996
106 309 1200023
119 195 1500053
105 427 1500053
331 639 499996
297 894 199999
323 513 699994
193 861 1200023
327 552 199999
199 283 1600063
420 627 699994
546 794 599995
335 439 199999
466 779 1500053
16 332 1700073
480 890 1200023
212 563 1800083
541 881 1200023
15 874 299998
302 472 899992
496 652 399997
579 687 1800083
110 172 1100013
673 830 599995
162 397 1100013
757 875 1300033
652 672 899992
497 693 699994
163 280 1800083
23 38 1300033
693 737 199999
559 755 2000103
321 824 100000
259 890 1800083
416 571 1400043
113 305 599995
573 704 1300033
697 740 1100013
519 858 1500053
165 392 799993
572 765 1400043
45 125 699994
228 838 1600063
175 779 1
17 800 899992
321 544 799993
605 794 1600063
51 434 1300033
34 653 199999
518 628 1300033
169 543 1500053
276 371 100000
65 237 399997
656 867 1300033
160 753 1300033
557 777 1200023
180 383 599995
486 669 1500053
455 595 499996
386 785 1700073
172 351 899992
786 839 1400043
428 593 100000
37 753 899992
101 408 199999
10 397 1300033
542 813 1200023
168 882 799993
646 791 599995
304 458 100000
610 798 1400043
435 636 499996
608 786 599995
117 198 1800083
476 778 1900093
578 595 899992
344 619 1600063
532 898 1900093
251 756 399997
374 514 1800083
647 667 799993
344 581 799993
46 275 699994
283 471 399997
303 884 2000103
130 881 1200023
635 815 1200023
476 667 1600063
126 161 1200023
32 822 399997
350 776 199999
614 740 499996
79 86 899992
58 315 2000103
56 774 1200023
95 379 1600063
285 296 499996
94 483 1
511 611 1900093
269 694 799993
113 118 1
347 598 1600063
212 704 399997
28 579 399997
559 754 1900093
308 880 1500053
708 725 499996
499 521 399997
360 537 899992
363 795 1500053
164 303 1800083
528 850 599995
221 508 100000
269 369 1100013
168 365 1700073
374 887 1200023
182 496 2000103
201 407 1600063
29 603 1900093
664 669 599995
266 310 699994
26 339 599995
90 302 1600063
422 614 2000103
476 751 1800083
583 733 1800083
107 789 100000
77 852 399997
669 676 1800083
288 521 599995
763 825 1800083
340 564 100000
103 608 899992
612 620 1900093
596 793 599995
590 698 1300033
170 802 1500053
2 561 1
619 628 499996
403 715 899992
158 724 2000103
515 701 1500053
543 565 1200023
486 765 299998
194 762 499996
214 721 1300033
347 847 599995
722 830 1100013
131 179 1800083
474 825 1100013
656 866 1400043
114 513 1900093
648 887 1500053
6 21 399997
406 717 1400043
287 809 100000
297 358 799993
289 457 1600063
517 829 1900093
446 855 199999
22 525 1500053
272 766 1700073
158 714 2000103
428 807 299998
191 635 100000
327 512 1100013
402 875 499996
291 704 1900093
190 300 1900093
117 259 1
632 809 599995
569 842 299998
285 895 699994
33 50 1500053
441 641 1500053
273 320 699994
3 248 599995
583 810 1
185 658 1400043
195 845 299998
64 345 1800083
505 797 599995
396 398 899992
116 352 299998
180 375 1
607 795 899992
144 391 1700073
125 672 1700073
126 285 100000
525 583 799993
109 302 699994
180 656 1900093
119 468 199999
33 43 799993
444 888 1400043
322 748 1200023
237 663 1500053
70 75 599995
326 404 1700073
466 492 1500053
361 816 1400043
55 747 399997
629 765 399997
248 382 2000103
87 884 499996
208 630 899992
400 462 1200023
83 694 299998
752 773 1500053
17 263 899992
31 264 299998
3 577 299998
332 445 799993
261 720 799993
200 523 499996
221 522 299998
196 570 1200023
118 234 1
545 600 1
138 583 1600063
331 432 899992
138 771 1800083
236 666 299998
684 767 399997
382 659 1500053
309 493 1900093
210 224 1700073
515 803 2000103
270 814 199999
691 823 699994
324 462 1200023
236 843 799993
544 625 699994
503 687 1600063
42 353 1500053
21 873 1600063
180 399 1200023
28 872 1300033
45 229 499996
240 793 2000103
108 860 499996
568 725 1300033
46 329 1400043
203 387 899992
92 623 1600063
25 579 199999
29 105 1800083
471 868 899992
291 662 899992
367 532 100000
436 494 699994
342 833 1200023
108 599 599995
33 811 1300033
243 816 1400043
544 586 1200023
161 249 1200023
63 655 1200023
73 828 1700073
267 812 699994
308 413 399997
164 392 299998
378 819 1700073
317 700 799993
423 878 299998
231 880 299998
487 742 2000103
78 713 599995
575 666 699994
238 342 199999
104 105 199999
333 893 1700073
339 719 699994
622 816 199999
293 732 1700073
116 454 799993
478 584 899992
287 540 499996
413 565 799993
309 628 1
345 598 1500053
211 519 1900093
694 860 1
83 673 699994
781 804 1400043
254 843 699994
355 581 699994
361 858 1800083
245 467 1600063
205 648 1700073
351 593 499996
151 162 699994
165 681 1900093
124 582 100000
556 657 799993
12 465 2000103
854 877 1600063
12 166 1
39 277 599995
159 571 1100013
39 733 1300033
47 125 2000103
155 170 199999
595 776 699994
8 581 1100013
64 543 1900093
97 726 699994
49 92 399997
155 414 499996
803 834 1700073
173 835 799993
358 662 1
331 864 599995
57 509 2000103
114 506 100000
171 337 599995
463 822 899992
571 754 699994
8 467 1600063
218 248 1
461 611 1800083
517 530 1
548 650 1400043
310 566 799993
258 263 100000
0 893 1700073
369 589 799993
27 117 1
170 558 499996
696 800 100000
50 563 2000103
151 333 599995
289 746 1200023
456 543 1
61 475 699994
239 278 100000
737 773 1200023
72 249 899992
226 484 799993
352 868 799993
121 845 1800083
106 629 1800083
492 632 2000103
427 438 699994
237 461 1600063
447 538 1
245 252 2000103
111 521 1700073
267 831 799993
15 270 1400043
553 698 1800083
493 521 1700073
286 866 1800083
148 292 2000103
81 86 1
75 846 1300033
309 522 599995
273 826 1700073
349 747 2000103
403 682 799993
488 713 1100013
375 388 899992
246 451 799993
10 745 1
323 848 1600063
338 883 1400043
715 758 399997
304 879 799993
232 245 199999
572 685 599995
26 768 799993
125 313 399997
602 890 1700073
57 255 599995
257 490 1200023
260 660 499996
238 835 1100013
47 637 199999
34 477 1100013
9 233 599995
449 819 1800083
539 774 1600063
99 301 1400043
211 860 1800083
171 719 1700073
352 354 299998
483 776 1800083
23 180 100000
75 474 699994
435 438 399997
31 259 899992
102 814 699994
638 702 1200023
215 682 100000
183 620 599995
428 747 499996
314 611 1
261 483 1300033
493 549 1
215 459 1700073
161 759 1300033
553 839 100000
575 895 2000103
621 882 2000103
316 875 1100013
288 472 1300033
186 245 299998
61 629 1
337 390 799993
30 839 1300033
369 577 1300033
52 727 799993
16 18 100000
678 841 100000
61 607 699994
427 673 499996
196 247 1500053
40 434 899992
166 533 1400043
361 392 1900093
86 862 599995
124 782 1900093
399 607 1200023
437 721 299998
80 219 499996
335 884 1700073
54 680 299998
463 613 1800083
260 323 899992
372 555 1500053
732 830 100000
365 410 1600063
686 781 1300033
307 863 399997
401 605 799993
30 179 1100013
198 293 599995
170 854 1500053
101 659 2000103
102 399 1200023
373 470 1300033
59 625 399997
434 876 199999
387 784 1900093
268 563 1700073
228 536 100000
514 740 1700073
393 650 100000
421 427 100000
69 629 1800083
605 660 1800083
53 467 1500053
253 794 1400043
86 502 799993
224 333 499996
87 724 1
208 374 1600063
541 753 1800083
54 329 1600063
509 590 2000103
202 848 1200023
879 893 399997
26 810 699994
528 668 1200023
448 768 1800083
180 397 1400043
157 639 2000103
73 823 1800083
239 682 699994
532 778 199999
322 583 1800083
24 551 299998
486 644 1500053
126 592 1800083
38 278 499996
62 629 1500053
641 757 199999
459 860 1500053
136 244 199999
378 399 1200023
269 502 1300033
14 736 1400043
263 768 1200023
509 711 1500053
38 457 1700073
450 504 1800083
43 369 499996
162 874 399997
40 337 1100013
483 870 1700073
449 458 1600063
66 805 1100013
367 563 599995
344 753 299998
394 544 1500053
104 779 1200023
12 293 1400043
203 631 299998
372 464 1900093
482 753 1500053
128 155 799993
418 454 299998
55 533 1100013
735 807 899992
4 222 499996
399 465 1400043
563 774 1500053
260 310 499996
100 141 799993
563 640 1
121 519 1200023
338 661 2000103
392 393 599995
831 843 1
523 657 699994
267 758 1
163 507 1200023
99 226 499996
582 865 1900093
730 771 299998
611 805 1400043
722 879 499996
515 594 1700073
202 440 2000103
181 653 1
364 786 100000
494 647 799993
154 178 1800083
549 801 199999
242 586 1700073
188 835 1500053
484 760 699994
497 756 799993
442 795 599995
257 719 1
251 705 1600063
643 866 299998
231 516 1800083
405 447 499996
560 683 499996
492 711 1600063
551 870 1200023
388 423 100000
414 810 599995
654 835 599995
122 338 1400043
408 642 1300033
251 656 499996
213 248 1700073
146 870 699994
249 308 799993
622 836 1700073
212 530 699994
37 86 1
286 794 299998
30 840 199999
512 659 100000
334 657 1800083
467 615 1100013
585 739 1400043
187 455 499996
358 891 1800083
100 576 1500053
27 96 899992
509 875 399997
245 316 799993
290 839 1200023
402 820 1800083
95 804 2000103
434 581 1600063
395 542 1800083
156 255 1100013
370 529 199999
516 563 1100013
22 818 1900093
517 682 899992
656 739 499996
94 689 1500053
331 692 899992
631 719 699994
130 416 799993
432 573 399997
209 331 1800083
425 826 100000
216 834 1400043
88 275 1300033
36 253 2000103
426 564 1300033
514 555 899992
525 890 1600063
420 514 1900093
367 572 1500053
415 646 899992
40 458 1700073
635 738 599995
6 490 199999
193 333 299998
174 634 399997
479 736 399997
382 512 2000103
683 860 1600063
563 793 299998
66 778 1600063
268 465 100000
626 632 1500053
1 215 599995
592 741 1300033
181 855 899992
96 204 1100013
106 530 1300033
311 389 299998
271 695 699994
635 656 1900093
661 672 1700073
518 697 299998
129 877 1800083
335 429 1400043
311 372 1500053
419 813 399997
265 844 499996
444 541 899992
296 424 1800083
388 698 1700073
409 662 399997
428 607 1400043
300 833 1900093
120 599 899992
775 821 599995
574 813 1900093
244 566 799993
234 311 799993
533 702 1700073
438 812 899992
380 672 399997
149 407 699994
185 643 1500053
128 651 1800083
173 757 1
535 617 2000103
732 764 1200023
378 663 1
152 579 699994
183 702 2000103
685 887 1300033
460 836 1400043
273 431 1100013
4 172 2000103
174 777 100000
119 725 899992
145 830 799993
104 618 1200023
474 599 899992
69 464 599995
108 824 799993
422 462 1400043
684 864 1200023
299 641 1800083
423 433 199999
579 713 299998
83 558 1900093
620 707 1500053
175 727 699994
279 520 1600063
845 882 1800083
591 765 1800083
163 549 299998
227 501 899992
602 872 1900093
72 366 599995
448 832 1300033
120 438 1300033
541 705 2000103
31 172 1500053
531 864 699994
364 696 1600063
225 449 299998
209 422 1700073
50 472 399997
427 704 299998
391 452 699994
333 685 1700073
413 569 1200023
420 841 2000103
102 145 799993
520 603 1700073
352 415 1900093
205 633 2000103
801 844 199999
300 799 799993
85 705 1
496 822 1800083
122 393 499996
540 572 799993
336 346 599995
187 515 1900093
606 852 1200023
24 93 299998
657 797 699994
235 524 100000
238 881 1400043
183 209 499996
280 683 2000103
412 539 699994
570 697 1800083
110 660 100000
617 877 1500053
207 876 399997
431 556 899992
353 827 899992
347 714 299998
248 778 699994
466 709 299998
668 861 1500053
195 269 1400043
509 716 2000103
198 620 299998
323 337 399997
280 331 1
141 894 899992
484 771 1600063
615 758 1400043
493 886 1400043
15 557 799993
93 867 599995
102 747 1800083
83 842 699994
221 285 899992
458 726 1200023
69 219 1900093
365 686 1200023
495 555 899992
587 859 1700073
583 668 899992
560 637 1100013
275 292 1900093
20 723 399997
352 840 100000
138 316 199999
181 851 1900093
276 742 399997
259 658 399997
118 761 100000
215 546 1
277 678 799993
415 420 1300033
249 520 599995
464 763 2000103
399 821 499996
67 214 399997
270 272 1300033
489 580 599995
2 546 499996
540 770 1400043
22 305 1
54 781 1400043
42 170 1300033
154 393 1400043
167 408 100000
670 847 1700073
410 504 1
56 345 1600063
158 666 199999
476 680 1800083
600 882 799993
93 150 199999
15 368 799993
20 88 399997
280 688 799993
24 497 1800083
532 878 199999
605 625 799993
200 214 1100013
361 503 299998
290 619 499996
745 806 1400043
418 700 1400043
494 884 199999
120 777 199999
251 419 799993
11 469 1200023
559 858 199999
384 641 1600063
282 840 699994
257 381 1
524 852 599995
65 402 199999
645 745 699994
316 598 1100013
103 744 399997
255 378 799993
101 733 499996
78 472 1400043
372 492 100000
25 800 1100013
450 489 199999
237 806 299998
741 878 699994
808 875 1400043
344 663 899992
89 245 899992
504 848 2000103
590 810 1100013
373 833 1300033
35 425 1800083
557 564 1700073
377 772 1
34 816 1600063
137 499 899992
79 863 199999
168 600 1900093
368 898 1600063
406 417 299998
507 748 399997
481 623 1
66 896 2000103
