EDGELIST
1500 6000 2 136059114
195 1469 400041
34 863 800003
883 1349 400041
1070 1383 200021
395 1248 1000101
359 1384 700071
971 1403 200021
665 684 500006
69 769 200021
767 908 600061
36 285 100010
520 600 800081
343 793 900091
121 379 800003
1143 1152 400007
721 926 400007
192 541 400041
262 291 800081
485 903 500006
12 690 800003
289 1208 200009
1052 1156 900002
1040 1227 400041
295 820 900002
921 1238 800081
851 946 100011
375 1124 100010
573 841 200021
1044 1472 700004
251 788 900002
453 859 800081
107 377 400041
507 832 500006
573 727 700071
539 541 600061
479 1217 1000101
174 990 400041
419 1329 100011
223 1093 200021
152 302 800003
229 1431 300031
1047 1315 900091
1207 1269 500051
290 1338 700004
653 1021 1000101
246 564 500006
1177 1191 600005
203 296 100011
1241 1286 700071
264 993 400007
66 1039 100011
744 1256 100010
673 1346 700004
1029 1092 1000101
208 1220 600005
1024 1029 800081
44 1123 900091
1018 1179 100011
1118 1398 400007
554 1125 1000101
185 1441 500006
97 1044 200021
655 1114 1000101
963 1367 300008
524 560 700071
194 1185 800081
121 288 900002
482 800 900091
500 551 1000001
515 1430 800003
534 541 300031
1312 1353 200021
148 1184 400041
1110 1347 800081
266 977 200009
7 584 200009
149 509 1000001
388 1160 600005
880 1291 500051
310 1022 400007
191 1046 1000001
389 1239 600061
755 1437 500051
9 1042 300031
697 875 1000101
265 1179 600005
3 674 600061
752 836 700071
564 940 900002
677 1269 500051
136 660 800003
471 588 400041
296 1490 300008
716 1191 700004
68 267 300031
113 606 600005
695 697 200021
137 775 800003
514 1029 500051
742 1060 800003
721 805 500006
125 263 1000001
40 1066 500006
420 841 1000101
928 1475 600061
1419 1477 800003
18 746 400041
168 438 800003
983 1487 300008
332 762 100011
45 1008 700071
61 772 700071
175 217 200021
52 1168 200009
849 1183 400041
976 1127 700071
149 906 100010
972 1196 300031
731 1175 900091
835 1386 600005
926 1313 600005
276 1451 800081
561 951 100010
1222 1348 200021
769 1363 1000001
60 994 200021
1203 1212 700004
419 597 1000001
449 1074 1000101
11 1351 400041
235 1483 100011
631 1413 800003
92 786 600061
827 1162 300008
1463 1483 100010
14 1000 800003
618 1400 600061
36 347 1000101
907 1109 700004
868 927 1000101
586 1106 300008
543 1452 100011
164 1209 200021
732 885 300031
510 642 200009
502 1368 800081
323 816 200009
57 389 100011
311 519 1000101
227 631 700004
69 1093 400041
749 1178 500051
1107 1315 900091
46 687 200021
321 782 800081
909 1019 1000101
157 1096 1000001
610 1366 400007
56 202 100010
888 1171 600005
525 1425 300031
968 1184 700004
730 824 1000101
476 1406 800081
887 1395 600005
99 166 300008
509 699 300008
761 1193 800003
85 1231 200009
543 1485 300008
379 1027 900002
117 1311 700071
440 1257 400007
602 1263 300008
113 1318 1000001
476 1489 400041
1021 1407 500051
121 581 400041
899 991 200021
140 1424 900091
171 808 300008
31 136 600061
39 309 200009
658 785 900002
1030 1334 1000101
327 763 100010
577 903 700004
223 1133 300031
263 1374 700071
633 659 500006
473 1162 700004
352 1264 600005
1005 1281 700071
594 596 400007
694 1068 200021
223 358 500051
387 849 200009
300 333 700071
1005 1099 300031
274 1141 1000101
146 570 300008
211 1005 1000101
1161 1475 100010
43 1428 400007
726 919 200009
743 833 800081
25 297 600005
228 1273 700071
984 1386 300031
211 939 600061
335 747 200009
1161 1228 1000001
529 969 700004
1087 1342 400041
799 1183 600061
346 628 200009
372 1117 200021
112 1055 600005
666 1422 100010
787 1353 200021
1292 1311 100011
94 978 600061
162 383 300031
169 1270 300008
509 769 500051
195 615 900002
1279 1303 900091
131 601 1000001
853 1422 200021
126 1016 100011
708 757 300031
253 1141 800081
85 783 900002
252 1145 1000101
572 1440 200009
142 221 200009
896 1466 300008
416 1129 600061
709 1410 500051
38 1057 700071
615 1067 100011
208 783 400007
737 741 400041
324 577 1000001
1047 1419 600061
404 550 600005
122 393 500006
925 1491 800003
536 1112 600005
1172 1296 300008
699 1030 300031
902 1072 1000101
13 595 500006
578 1445 100010
548 562 900002
327 614 900091
656 973 300031
432 566 200009
530 585 500006
253 799 500006
19 235 600061
985 1120 500006
554 668 400007
979 1163 100010
451 683 1000101
228 287 1000001
442 1166 1000101
518 950 600005
93 879 300031
1 1392 500051
336 1484 900091
440 1429 100011
258 639 500051
339 1266 900002
1076 1487 700004
370 1156 900002
244 674 900091
65 299 900091
3 1139 400041
700 1242 400041
62 80 700004
397 668 100011
350 536 400007
304 793 1000001
1157 1487 1000001
355 811 100010
579 914 600061
580 1214 900091
1011 1056 700071
27 1294 700071
1224 1492 1000101
80 814 600061
612 914 700004
540 1078 900002
148 1412 800003
28 1152 1000101
702 1238 200021
758 1304 100011
581 1349 900002
684 686 200009
1 1292 1000101
1038 1284 800081
439 779 100010
106 815 800003
313 985 900091
266 886 800081
568 1397 300031
242 1006 200021
507 794 200021
1202 1411 600005
97 1380 400041
731 1234 1000001
271 564 400007
65 951 1000001
170 286 700071
488 768 400041
1317 1440 1000101
220 552 800081
494 1434 300031
277 1122 800081
887 1047 100011
308 1048 700071
17 100 600005
624 1053 900091
50 1184 200009
459 485 200021
385 849 500006
904 1477 1000101
364 382 100010
41 169 100010
410 1088 500051
506 1138 300031
337 926 500051
31 1366 700071
520 1189 500006
206 1033 800081
485 1273 600005
850 1488 800003
115 130 700071
571 626 800003
103 938 400007
22 1364 100010
583 1226 800003
1136 1304 800003
120 853 100011
290 839 200021
654 1343 300031
1255 1375 500051
580 1124 600061
615 845 400041
927 1234 800003
482 1153 400041
485 580 400041
613 1116 600005
925 1010 900091
165 743 600005
1306 1479 700004
465 878 200021
72 639 200021
428 828 500006
119 1230 900002
226 239 700004
511 814 700071
884 1121 200009
173 630 400007
244 863 500051
222 1015 200009
460 1071 700071
335 1298 200009
69 169 500051
636 1365 300008
840 1465 600061
417 420 700004
189 348 600005
407 414 500051
766 1476 300031
409 830 600061
242 364 900002
363 1024 400007
623 1434 900091
1223 1470 100011
471 1204 300031
754 775 400007
1015 1450 700004
114 164 300008
236 666 700004
546 1274 500006
128 555 800081
438 1186 700071
504 1038 1000001
1254 1313 600005
232 657 600061
249 1231 500006
773 1310 100010
474 981 1000101
837 1390 100010
796 888 1000001
997 1038 500051
816 943 100010
273 390 300031
166 1055 1000001
113 656 800003
972 1145 400041
557 756 800081
399 1002 200021
85 692 900002
376 1316 600061
459 860 500051
213 1359 700004
368 862 200009
1066 1246 800081
918 1435 900091
926 1109 700071
431 687 300031
117 488 900091
298 1397 900091
3 1083 900091
371 440 700004
347 1059 600061
943 1208 1000101
758 1142 1000101
527 669 100011
990 1175 400041
1370 1468 700004
1305 1422 400041
102 973 600061
765 1386 700004
955 1161 500006
319 935 800081
141 906 200009
666 1289 200021
115 373 1000001
419 875 900002
176 250 400041
444 974 100011
872 1470 400007
606 1145 200021
311 1488 1000101
197 493 100010
140 1083 200021
259 1228 600061
324 1252 600061
371 1152 300031
798 1011 700071
1310 1354 900002
935 1473 300031
612 954 600005
1090 1166 500006
853 1031 600005
147 1001 200021
620 680 900091
38 829 1000001
47 349 900091
522 1277 700071
280 795 1000001
856 910 300008
1229 1232 300031
608 1444 100011
488 922 300008
614 645 1000101
112 310 900002
283 978 400007
156 1115 100010
484 1108 700004
1018 1324 200021
316 776 1000101
1181 1329 800003
679 939 900091
481 790 600005
281 445 200021
106 202 600005
615 677 500006
274 1470 400007
831 1134 200021
594 618 800081
18 616 900002
1239 1400 200021
435 1284 500051
225 1200 100011
383 1221 800081
335 663 600005
299 997 400007
291 999 1000101
390 581 900002
460 726 700071
540 670 800003
99 1442 100010
1171 1478 800081
750 963 700004
714 1421 700071
552 972 900002
741 797 300031
620 674 100011
520 1401 100011
423 1258 400041
708 1404 200021
965 1017 700071
56 901 1000001
181 329 100011
319 1444 200021
231 941 200009
448 1152 100011
403 430 1000101
559 693 700071
724 1390 400041
94 658 600061
84 299 500006
64 532 500051
247 376 700004
600 1156 800081
998 1195 500051
245 787 700004
914 1013 200021
1078 1132 800003
843 1224 300031
115 852 600061
973 1490 400007
164 370 700004
55 308 700004
938 1095 700004
121 1405 700071
385 1294 800081
125 794 900002
453 1391 500006
720 1056 900091
615 1166 100010
66 989 800003
957 1105 400041
7 126 200009
568 1213 200009
257 1390 200021
800 1358 400041
742 849 900002
353 828 300008
199 891 600005
1080 1408 500051
209 1401 400041
331 1303 100011
1414 1486 600061
405 447 500006
1166 1272 700004
365 933 300008
171 1172 600061
93 1381 1000101
798 1366 300008
225 588 400007
521 684 800003
121 189 800003
348 1469 200021
367 617 200021
117 678 700004
131 942 100011
761 1142 200009
27 1249 700004
829 1423 1000101
498 1105 600061
826 1065 900002
253 285 700004
54 65 700071
871 1267 900002
937 1084 700004
466 1408 900091
315 839 200009
47 617 500006
179 232 700071
109 1366 200021
1243 1247 200009
856 971 900091
127 673 500006
121 670 700071
1149 1156 500006
1007 1056 500006
582 1458 700004
1258 1382 200009
601 1164 100010
56 891 500051
676 760 700071
858 1399 1000101
927 982 600061
285 1043 500006
859 889 900091
403 556 600005
316 368 1000001
102 593 900091
446 1310 300031
1035 1217 500006
692 984 300008
595 1069 300031
421 1472 700004
791 894 100010
536 1440 700071
648 751 700004
16 99 300031
369 956 300008
1314 1485 100011
996 1115 900002
1113 1450 400041
1131 1357 900091
860 1403 500051
65 1309 200009
623 764 100010
653 798 600061
439 663 700071
11 1491 600061
647 794 200009
262 1222 600005
247 332 400041
518 1425 100011
234 1078 600005
327 1036 400007
317 1170 600005
754 1183 800003
896 900 700004
14 498 200021
72 958 1000101
772 1087 800081
380 1339 700004
170 1096 400041
7 486 1000101
641 693 200009
124 1254 600061
951 1279 600061
92 1317 1000101
761 1326 200021
1005 1479 500051
243 456 1000001
780 1498 200021
316 1003 200009
182 340 800081
714 932 300031
525 765 500006
1189 1291 400041
291 1005 600005
351 878 200021
262 290 700071
28 755 500006
1171 1283 100011
661 989 300031
4 262 600005
390 413 600061
466 666 300008
701 1163 600005
565 1027 1000001
261 1058 200021
47 722 600005
1287 1397 400007
283 915 700071
301 319 100010
1012 1427 800081
489 1162 600061
642 874 300031
554 1427 1000101
1261 1305 800003
525 1262 200009
830 973 400007
266 1093 200009
531 1023 400007
362 387 200021
548 726 800081
379 1045 800003
164 657 400007
740 1335 700071
122 798 800081
21 758 500006
771 891 200009
1057 1432 200021
118 534 1000001
763 902 900091
678 1074 100011
352 1314 400007
975 1496 1000101
549 556 900091
527 879 300008
622 1429 100011
135 323 500051
262 419 800081
609 971 700004
129 940 500006
650 1011 300008
57 1326 600005
15 492 300031
1481 1488 500051
1018 1244 200009
706 1398 600005
1002 1460 700004
120 217 100011
142 1367 300031
608 883 600005
794 881 800003
1020 1156 200021
74 1299 1000101
1175 1374 800081
557 864 700071
564 777 400007
992 1037 700004
663 990 800081
98 601 500006
292 318 500006
295 1356 500006
758 1278 300031
724 1133 600005
11 1080 1000101
528 864 200009
670 705 700071
50 1093 400041
834 1397 600061
750 1095 400007
628 1218 800081
474 628 1000001
1252 1403 1000101
363 1090 100010
995 1156 600061
4 632 200009
97 1377 100010
1 689 200021
277 658 400007
103 420 800081
857 915 200009
63 653 400041
444 1291 700071
176 487 300008
1345 1425 600005
81 950 1000001
15 943 100011
720 1455 100010
400 943 800081
388 1229 300031
994 1172 500006
528 1263 500006
256 1316 600061
414 746 1000101
697 1058 100011
1019 1170 100011
764 1374 200021
649 749 400007
86 637 1000001
227 648 100010
1408 1489 1000101
951 1061 400041
626 1304 1000101
241 686 300008
455 1307 700071
202 1318 800003
214 270 800003
248 707 600061
282 390 100010
18 42 400007
568 976 1000001
480 1149 800081
590 809 1000101
25 582 500006
772 806 500051
89 511 500051
262 1037 300031
362 996 200009
381 1238 600005
91 721 100011
57 140 200009
907 1156 800003
321 1210 200021
392 468 800081
167 855 1000001
20 1442 900091
1162 1256 200009
282 830 1000101
692 979 200021
367 1115 800081
654 909 600061
892 1431 700071
840 1388 100010
1063 1125 800081
510 1205 100011
1331 1392 600005
463 610 100010
1138 1497 400041
308 1308 200021
906 998 1000001
729 750 800081
909 1189 200021
87 1418 500006
161 1081 100010
516 701 400007
1110 1208 400007
494 956 400041
350 625 200009
141 1269 600005
301 1110 600005
386 979 100010
26 1471 600061
390 1072 400007
357 1259 400007
219 1102 200009
34 517 200009
216 1339 600005
49 335 200009
50 1424 900002
400 1455 700004
457 537 1000001
490 1232 700071
4 1051 800003
295 1003 200009
837 1046 800081
450 472 900091
648 1111 1000001
1042 1189 500006
1035 1262 300031
589 1452 400041
979 1388 900091
281 1251 500006
38 294 800003
559 635 500051
541 980 1000001
331 1061 300031
502 642 900091
522 617 200009
1042 1424 800081
820 1140 100011
278 638 500006
71 242 400007
349 465 200009
1066 1406 900091
84 1420 700071
511 1238 400007
541 877 900002
40 1034 100010
157 643 400041
284 1034 300031
298 1256 700071
25 1199 300031
452 915 800081
136 316 700071
21 390 300031
815 888 200021
470 898 500006
215 232 300008
1111 1212 100010
198 1417 100010
291 814 200009
717 1083 900002
1250 1259 300031
212 531 1000001
491 734 500006
50 456 300031
762 1144 900002
333 1459 700071
185 343 500051
260 1447 900091
481 1188 600061
193 1329 200021
1273 1452 900002
1245 1398 800003
735 1096 100010
486 597 800081
1268 1402 200021
261 266 100010
684 1024 500051
753 804 1000101
542 930 900091
18 199 400041
474 1040 100011
949 1004 500006
523 577 1000001
356 798 500051
79 996 400041
1191 1444 800003
274 1449 900002
1380 1416 900091
103 502 200009
721 1460 700071
740 1000 800003
506 536 900091
1097 1224 800081
1327 1449 500051
378 1315 200009
1294 1389 900002
1040 1469 200021
618 724 800081
308 540 200021
1110 1461 1000101
592 950 800003
122 766 300008
26 588 600061
634 789 100011
132 1266 800003
251 1267 500051
821 1075 300008
407 771 500051
858 1342 400007
208 554 700071
1369 1475 200021
150 228 500051
55 1160 700004
1229 1245 300031
855 867 100011
0 1010 300031
231 1407 500051
436 1288 700071
70 494 300008
329 738 600061
729 1352 500006
1109 1377 400007
191 941 600005
82 857 100011
95 525 600005
556 1331 100010
859 1056 200021
80 602 600005
249 1268 900091
254 282 300008
57 578 200021
101 944 800003
505 966 1000101
171 445 500051
271 854 400041
13 1370 400041
921 1016 100010
79 977 100010
593 665 600005
419 477 1000101
1038 1329 400007
15 270 400041
332 1448 400007
1094 1489 100011
245 1086 700004
224 379 200021
709 849 200021
232 259 300031
1049 1137 300008
298 1341 300008
373 586 400007
9 1430 300031
646 1136 500051
260 887 700004
308 345 1000001
342 1474 400041
795 1127 500006
77 403 100011
248 1435 800081
17 974 800081
1225 1492 600005
334 627 600005
84 519 600005
99 528 800081
353 1163 600005
371 573 400041
625 662 900091
638 745 500051
25 951 300031
230 1463 600005
959 1150 300031
244 1076 800081
330 1453 200021
810 942 1000101
174 1368 500051
477 1234 100011
1046 1280 1000001
178 1434 500006
779 1196 900091
148 843 800003
736 1195 300008
295 907 700071
493 1014 500051
792 956 400041
565 908 800081
861 1184 600005
410 1366 600005
33 1114 1000001
296 642 100010
174 620 200021
391 683 400041
579 1404 300031
45 188 700004
76 1025 400007
233 1123 900091
316 760 800003
579 1385 500051
103 894 800081
530 946 800081
60 1398 700071
1169 1450 1000101
211 268 800003
61 1375 300008
213 295 200009
239 1133 900091
714 895 400041
617 624 1000001
356 558 1000001
17 248 800003
100 797 700071
673 1053 600005
97 877 900002
852 950 700004
534 989 400007
259 396 600061
1216 1498 100011
105 337 700004
92 957 400041
435 670 900002
1113 1407 100011
511 876 500051
547 1116 400041
97 1417 200009
596 1293 500006
474 972 700071
843 1431 400007
114 1242 1000101
838 1023 800003
45 442 300031
33 1276 700071
8 760 400041
676 1289 900002
722 1220 700004
12 1253 500006
196 763 300008
1375 1481 600061
201 498 300031
652 672 400041
52 684 200021
55 551 900002
1330 1430 800003
126 404 700004
27 1485 700071
436 1308 400041
683 1323 600005
44 245 200009
525 1440 900091
967 1433 700004
357 1456 200009
488 629 400041
784 826 200009
170 509 1000001
811 864 500006
685 921 800081
305 307 400041
311 1162 700071
20 826 300031
282 1030 800081
311 1487 1000001
39 1286 500006
622 1462 100010
951 981 200009
269 411 600005
812 1188 800081
59 702 200009
256 864 700071
135 944 300008
346 1393 1000101
159 423 1000101
633 1045 500051
506 1271 800003
299 341 800081
287 489 1000001
246 767 900091
226 1358 900091
54 267 900002
233 309 400007
1 191 200009
27 117 1000001
158 449 600061
1014 1264 1000001
806 1077 200009
0 1283 900002
174 949 700071
988 1279 900091
246 746 1000001
76 548 700071
912 1149 400007
445 466 600061
199 1070 500051
1386 1395 400007
484 1449 900091
249 348 900002
405 1283 1000101
215 1436 1000101
141 308 900002
294 1268 700071
1114 1249 700004
735 1475 500006
56 1055 500051
566 580 100011
1354 1448 700004
377 428 600005
103 1170 900091
730 1054 100011
949 1173 200009
91 523 1000101
116 1193 300031
618 659 900091
1125 1430 1000101
711 1276 400007
100 1217 200009
791 794 800081
664 1244 600061
458 730 500006
243 823 600005
750 1209 300031
570 1481 400007
537 1259 700071
84 1332 900091
107 905 100011
239 1328 200009
220 1155 1000001
175 1377 700004
115 1380 700004
389 599 700004
66 192 900091
754 1326 1000001
67 680 1000101
34 378 900002
1362 1430 900002
526 730 1000001
30 1191 600005
432 1473 600005
1004 1126 500006
230 1174 800003
1022 1251 600061
355 1143 200021
99 823 300031
49 595 600005
203 431 900002
451 1174 100011
704 874 800081
142 1226 700004
574 764 500051
510 1231 700004
911 1050 1000101
472 1124 300031
838 1049 400007
15 1258 1000101
498 1107 600005
782 878 1000001
1058 1296 100010
432 547 300031
521 1403 600061
306 627 500051
614 618 700071
514 596 300008
160 505 800003
277 599 900002
1 1388 900002
159 1190 900002
273 1344 200009
1282 1291 400007
179 466 500051
508 1227 600061
511 1318 700004
360 1038 300031
313 1474 100011
824 1058 300031
153 1331 400041
288 574 400041
76 1051 600061
356 1253 100011
154 272 700004
967 1256 900002
645 878 300031
1069 1272 300008
425 1191 300031
1228 1488 200021
418 1301 300008
1173 1313 200009
1168 1382 600061
336 1171 200021
413 1159 100010
81 503 600005
74 850 300008
177 1458 500006
648 774 800081
560 1491 200021
12 1314 1000101
341 944 100010
838 1013 600061
789 1403 600061
520 605 600061
264 347 500006
546 1264 700004
75 232 800003
326 729 600061
251 1386 400007
553 1381 100011
661 1305 900002
369 1093 1000001
245 1233 700071
835 1446 800003
245 390 600005
505 1333 400041
992 1434 500006
133 1153 300031
239 832 600005
779 915 200021
427 686 800081
1230 1299 700004
181 1214 300008
339 787 100010
187 1400 300031
384 1413 500051
593 747 500006
361 1420 900091
1371 1449 800081
67 656 1000101
766 998 500006
413 1122 100010
157 1423 100011
297 450 500051
316 701 100010
407 749 900002
926 1399 200021
919 1330 200009
62 1014 300031
316 1158 900091
597 1309 100011
60 981 900002
638 933 700004
348 989 900002
386 1008 300031
63 807 100010
749 821 200021
281 430 200021
1302 1396 600005
675 1442 400007
1282 1471 100011
477 580 700071
527 1187 600005
71 1089 300031
87 579 800081
11 26 500006
483 684 200021
277 1115 900091
325 1205 300008
147 1433 800003
754 1123 500051
570 674 700071
145 513 500006
833 1282 900091
152 610 800081
116 523 1000101
6 320 400041
624 689 700004
426 1269 300031
1111 1165 900002
986 1229 1000101
740 867 300031
1194 1345 200021
273 840 700071
771 802 800003
1338 1481 700004
1258 1288 800003
210 335 500051
133 1168 100010
563 1202 900002
21 394 700004
440 985 600061
0 444 600061
653 942 500051
95 700 100010
102 715 300031
209 481 200009
483 719 1000001
374 1296 200009
600 1265 300031
211 1170 900091
137 1472 500006
260 331 800003
110 474 800003
110 310 700071
989 1145 100010
218 1259 200021
429 678 300008
1013 1179 600005
262 1246 100011
342 637 100011
237 423 500051
1031 1422 800081
758 761 800081
873 1348 100011
48 760 700004
636 787 700004
54 1161 500051
1149 1388 1000101
15 186 200009
489 1349 100010
509 824 100011
342 406 400041
472 767 500051
1081 1292 600005
929 1147 200021
404 1026 100010
956 1408 700071
288 825 800003
990 1220 1000101
364 910 400007
266 910 300008
108 1125 500051
765 1277 1000101
387 1337 900002
1004 1289 500006
264 582 300031
268 563 700071
1348 1351 500006
311 834 200009
696 1270 300031
236 450 400041
193 333 700004
655 953 1000101
774 1155 400007
311 933 500051
1043 1390 600005
934 1483 800081
637 690 400041
478 892 200009
936 963 500051
230 1116 100011
1028 1309 500051
302 603 500051
653 827 100010
379 1475 900091
222 918 600005
862 906 300031
427 672 900002
1139 1245 800081
1097 1444 1000001
669 675 100011
1087 1244 700004
847 1490 700004
1238 1472 700071
7 86 300031
314 370 400007
156 1447 500051
85 303 400007
663 1105 700004
654 804 100011
94 1080 800003
484 1226 600061
907 1340 900002
225 1179 400007
1034 1125 300031
223 593 400041
925 1334 600005
1266 1489 400041
214 273 400007
171 335 100010
583 668 100010
317 687 800003
350 1136 600005
508 785 400041
991 1168 400041
44 1472 1000101
63 360 900002
289 931 900002
1275 1446 300031
52 62 200021
1099 1119 300008
477 1414 300031
1103 1120 600005
508 1209 600061
383 802 1000001
1074 1478 600005
146 578 800081
942 1248 100011
584 852 900002
145 329 200009
53 1034 500051
96 1293 1000101
517 709 200021
81 705 700071
851 992 200021
602 1013 100011
40 269 700004
316 635 1000001
551 981 1000001
543 847 100010
169 1236 100011
646 1265 700004
434 553 100011
17 489 1000001
244 1330 200021
845 1453 500006
0 750 700071
71 447 700071
259 1305 300008
263 1019 1000001
657 738 900091
273 1210 500051
126 638 100011
1192 1402 200009
1014 1115 100010
127 994 800081
968 1379 100011
968 1148 900091
326 1469 500006
12 1231 600005
821 1237 1000101
578 1159 300008
942 1411 1000101
435 1401 1000001
545 1194 800003
482 1382 900002
443 1221 500006
532 1211 400007
489 1350 800003
158 223 600061
98 168 400007
352 1051 1000001
411 447 400041
598 836 300031
316 1334 700004
478 1134 800081
236 487 300031
1145 1308 400041
894 1374 400041
911 1339 800081
269 1486 200021
57 116 500006
118 757 1000001
228 1325 400041
383 400 500006
519 844 100011
29 1401 200009
554 786 100011
18 1028 500006
224 1319 200009
771 956 100010
88 737 800081
452 641 300008
126 1029 500051
280 911 300008
1141 1398 200021
177 970 1000001
226 1328 1000101
624 1433 900091
8 1047 200021
701 1150 400041
519 1067 100011
713 803 1000001
793 1418 100011
550 599 400007
947 1245 100010
677 1208 1000001
148 507 600005
236 890 500006
488 499 1000001
277 481 600005
486 1311 1000101
746 1332 500006
534 1468 800081
330 851 200021
1400 1401 300031
656 1443 800003
1044 1323 800081
78 854 800003
90 644 600061
72 1066 300031
739 1214 200021
30 880 900091
624 776 1000001
570 1299 100010
229 1327 500051
329 830 1000001
1454 1491 700071
1156 1409 500006
367 1296 500051
982 1451 200021
46 613 800003
519 673 200021
561 1042 100010
1336 1352 300008
388 825 300008
971 1387 100011
664 1075 300031
595 1104 1000101
37 298 200009
361 1158 800081
595 883 600005
16 627 800003
14 609 400041
256 944 400007
929 1390 900091
14 1369 100010
403 806 400041
344 1273 700071
264 581 300008
603 1263 400041
176 530 700071
217 272 500006
352 831 900091
627 1354 700004
867 1115 700071
1022 1409 500006
1004 1076 200021
46 1359 800081
519 520 200009
475 1041 100011
289 576 200009
611 941 300031
1064 1235 800081
292 1397 800003
1110 1339 200009
770 1106 400007
223 405 900002
127 1309 500051
1046 1389 900091
120 456 200009
290 859 800081
560 1318 700071
200 1066 900002
148 1368 800081
423 733 800003
269 1010 200009
1043 1068 800003
629 1017 400041
2 828 300008
688 855 100011
964 1216 200009
297 1422 500006
343 879 500006
1323 1399 500006
764 1018 300031
656 885 500051
322 1486 100011
673 713 800003
947 1464 400041
1026 1409 400007
797 1225 700004
1009 1377 100011
710 786 100010
753 1232 300008
13 985 700071
342 630 500051
960 1492 1000001
360 880 300031
654 666 200021
329 1416 600061
509 1368 400041
29 54 600061
116 1136 1000001
20 1285 900091
1154 1260 700004
1319 1336 500006
711 1488 100011
722 1303 500051
221 1402 300031
122 614 1000101
1068 1168 500051
702 1286 100011
52 1451 100010
315 971 300008
168 1366 600005
624 1247 500051
1196 1436 400041
666 709 100011
41 475 300008
47 308 500006
161 564 200021
9 192 400007
424 1206 1000101
619 1392 800003
435 956 700071
601 776 600061
259 587 700071
808 1407 600061
609 1175 300008
499 521 600005
141 794 500006
778 979 600061
724 1178 900091
339 931 500006
661 863 300031
1076 1498 600061
148 1162 200009
334 1310 700071
44 571 700071
234 1442 700071
270 1068 1000101
679 1183 600061
609 1302 800081
301 901 1000001
1107 1440 400007
331 1003 1000001
1227 1237 1000001
470 628 300031
236 1241 300008
804 892 900002
443 959 1000001
482 1007 1000001
338 1462 1000101
123 498 800081
833 1494 400007
156 581 500006
273 292 100010
377 441 700004
329 1445 900002
910 1282 400041
189 1168 500006
1106 1292 500006
103 1172 100010
1128 1154 200009
646 1200 300008
799 861 1000101
1029 1378 900002
543 636 900002
788 984 600005
1015 1364 600005
27 666 900002
762 968 600061
474 700 500006
277 1409 900091
255 393 100010
786 1217 900091
1054 1191 100011
417 724 200009
725 881 500006
752 1378 900002
911 1275 1000101
1177 1443 200009
618 900 600061
86 1162 400007
261 647 500006
317 800 100010
540 1292 1000101
156 168 600005
535 927 500006
513 623 300008
187 815 900091
600 1368 900091
505 1027 200021
1093 1484 200009
670 1383 800081
936 1219 300008
234 570 600005
752 991 400007
476 537 400007
1265 1361 900091
263 1114 1000101
531 864 300008
772 893 200009
560 831 600005
606 1445 900002
635 1472 700004
467 1311 200021
540 643 800003
198 1134 700071
890 1467 1000101
514 1085 100011
485 643 600061
208 955 300008
1141 1206 600061
374 1109 900091
5 924 800003
34 653 800003
173 265 700004
249 1089 800081
492 682 100011
480 1158 200021
96 138 1000001
570 1288 200021
3 1375 500006
686 772 600061
956 1313 400007
240 350 300008
93 424 200009
89 1295 100011
1220 1253 400041
431 1077 800081
926 1491 700071
633 780 300008
227 347 300031
1208 1283 700004
729 881 600061
292 783 200009
265 1119 1000101
566 1006 900002
197 1241 800081
113 569 200021
78 1361 600061
395 1302 400041
525 1287 600005
445 1016 100010
153 1219 400007
527 617 800081
310 1015 600061
1247 1251 900091
131 875 300031
33 243 200021
518 707 500006
271 1469 400041
840 1130 700071
611 1226 400007
1010 1459 300008
1105 1145 500006
1065 1248 600061
90 342 300031
723 980 600061
417 551 100010
118 172 900091
230 541 200009
1003 1376 1000001
951 1475 400007
137 1371 100010
346 873 100010
866 1350 700004
433 727 200009
704 1473 300031
393 1097 300008
376 717 400041
223 1257 300008
172 978 400041
1203 1396 100011
1241 1292 300008
340 1101 100011
46 661 300008
142 158 400041
432 963 700071
937 1283 100011
742 1149 500051
598 1489 1000101
717 1057 400041
1103 1173 200009
721 1446 1000101
172 250 700071
1072 1145 200021
884 1242 300031
159 722 800081
817 978 200009
133 736 400007
114 231 900091
455 467 1000101
136 141 500006
881 995 700004
68 377 600061
406 464 600061
511 1462 900002
249 1339 900091
150 660 1000101
945 1447 700071
952 1472 100010
346 1095 500006
383 1019 400041
943 1036 100010
186 544 300031
728 1257 600005
1004 1379 200021
876 1295 700071
197 512 100011
104 1323 800081
393 1196 200021
378 524 800003
100 462 900002
396 1487 700071
179 731 800081
410 725 100010
5 709 900002
291 515 600061
88 942 300008
1306 1375 600061
926 1069 300008
102 1253 500006
87 1074 100011
26 220 800003
756 922 1000001
9 1321 400041
1330 1432 700071
894 1485 100010
81 711 300008
369 991 800003
143 658 800081
854 1370 500051
1266 1481 300008
479 1154 500006
1013 1351 300008
699 1138 1000101
326 1310 300008
1029 1434 500006
954 1252 1000101
989 1266 300031
949 1485 600005
103 744 600005
647 1315 500006
434 450 700004
867 1266 200009
85 746 500006
521 1011 700071
277 378 200009
655 1480 500051
424 756 900002
43 1376 400041
502 696 200021
638 911 500051
333 471 400007
625 1295 900091
873 1273 600061
122 1325 200021
429 859 600005
489 569 100011
106 1487 100010
871 1159 1000101
1110 1268 900002
1000 1082 200009
399 652 200009
180 892 800081
322 753 800081
50 678 900002
127 1272 1000101
619 944 600061
176 525 700004
266 1426 900091
34 516 600061
604 1319 800081
139 1135 400041
236 1428 900002
258 1283 900091
708 1290 400041
260 1101 400007
1445 1456 100011
995 1358 900091
1108 1278 100011
1051 1190 700071
375 901 700004
1002 1240 500006
153 470 1000001
9 673 400007
895 1317 800003
144 1012 1000101
1061 1122 600005
152 443 300031
1094 1334 700071
662 1278 700004
1134 1367 600061
29 110 1000001
923 987 1000001
137 826 700004
441 659 200009
83 258 200009
129 306 900002
760 784 300008
929 1184 600005
638 700 400007
86 846 300031
1022 1363 600061
232 553 200009
320 735 1000101
751 841 600061
261 1136 200021
28 416 500051
183 1245 500051
861 1160 300031
1317 1412 100011
473 1352 500051
101 851 700004
606 938 600061
1086 1435 400007
1093 1276 500051
621 981 100011
211 1486 700071
1030 1346 700071
721 797 200009
1274 1359 700071
1338 1429 600061
631 1206 200009
761 1150 500051
198 1027 900002
227 651 400041
53 155 600005
209 1461 900091
544 1023 600061
506 740 100010
166 307 400007
840 1072 100011
1038 1104 500051
214 345 300031
613 681 600005
969 1106 400007
70 362 800081
945 1495 100011
88 97 900002
626 1301 700004
79 908 300008
419 520 500006
427 1216 700004
1171 1293 1000001
1036 1047 900091
137 774 800081
715 1238 100011
16 1062 1000101
207 691 300008
164 580 400007
924 1020 100010
108 768 1000101
1169 1474 900002
685 1271 300031
294 1098 500006
843 1429 300008
312 1112 1000101
1137 1316 500006
714 831 700071
779 928 700004
455 980 200009
1342 1461 700004
1022 1286 500051
1 1287 600005
297 1397 1000101
1123 1366 400007
555 963 500051
154 403 100010
38 650 100011
37 753 100010
112 1141 600005
552 558 200009
563 865 100010
627 638 600061
37 1202 800081
105 329 800081
394 1441 1000101
479 1241 300031
608 844 200009
971 1390 600005
115 675 800081
471 678 100010
790 1264 500051
1267 1434 600061
181 461 800003
762 1388 400041
1 962 1000001
88 998 700071
1392 1426 900091
497 598 100010
118 1381 1000101
445 1282 700071
537 1350 900002
710 835 100011
529 1375 500051
711 1409 500051
437 1008 600061
496 942 300031
3 77 800081
235 1304 700071
1170 1409 400041
559 1237 900002
334 693 100010
225 935 400041
249 781 500006
574 1113 900091
135 1355 900002
1364 1466 100010
1173 1356 800003
249 1101 800003
180 802 600005
601 1097 100010
592 821 300008
815 1160 900002
156 196 600005
144 150 900002
112 1281 300008
435 438 900002
1256 1319 500051
342 1370 100011
413 528 600061
671 1348 900002
199 1328 300008
1064 1203 400041
310 566 200009
393 1223 300031
1305 1322 400041
402 504 400041
434 574 600061
795 1400 100011
362 1412 200009
721 1128 100011
454 1243 900091
21 408 800081
73 1393 100011
223 417 100011
9 587 500006
345 809 800081
917 1035 800081
677 887 700004
122 499 600061
528 668 200021
767 1455 600061
21 332 800003
383 432 600005
748 963 200009
330 711 200021
582 1021 1000101
755 842 900002
187 696 500006
107 935 1000001
48 1198 500051
449 734 300031
21 582 1000101
1067 1195 800081
925 1476 400007
232 656 200009
265 787 800003
200 633 100011
21 466 1000101
337 891 900002
963 1439 1000001
314 946 700071
563 1477 200021
503 1073 400007
705 721 500051
1183 1308 900002
753 1099 1000001
1345 1484 500051
33 1079 100010
812 959 900002
1041 1306 800081
759 1479 300008
806 1143 500051
296 390 1000001
1098 1220 700004
784 1110 900091
239 1245 100011
467 1324 600061
281 1438 300008
1053 1361 900002
299 320 900002
259 1059 300031
31 1272 800003
684 1153 200009
321 937 1000001
678 963 1000001
286 1439 100010
110 557 400007
843 1074 300008
967 1057 900091
490 1125 1000101
518 1087 300008
156 1392 300031
236 1324 900091
1258 1340 500051
477 1045 900091
451 548 500006
340 1094 500051
592 1087 200021
553 1198 300031
3 809 600061
1153 1394 400041
50 254 900091
243 1358 700071
308 1228 200009
446 1281 500006
215 1434 600005
133 387 100010
13 1460 600061
1297 1381 400041
214 698 800081
337 471 400007
37 719 300008
337 899 1000101
55 936 800003
174 1039 700004
641 984 600061
185 323 200021
888 889 600005
25 281 900002
799 1313 100011
660 1333 700004
499 1031 400007
1082 1353 700071
257 668 500006
926 1068 200009
218 369 900002
245 844 800003
28 632 700004
934 1022 100010
245 1427 300031
289 1057 600061
1370 1376 800003
400 778 400007
65 237 600005
528 1401 500006
415 1412 200009
580 1076 600005
6 583 700071
1237 1365 700004
130 1312 200021
313 1071 800081
200 1494 100010
176 197 400041
142 1138 1000001
220 1016 400007
148 1066 500051
593 848 800081
77 382 100011
204 1185 800081
487 590 200009
612 928 800081
304 1196 700004
10 745 1000001
606 1356 100010
523 1360 200021
1109 1283 600061
434 1238 800081
326 1437 500006
114 368 200021
38 236 600061
844 1431 1000101
42 927 300008
535 546 100010
581 771 100010
351 1028 800081
350 856 200009
281 1404 500051
466 633 100011
490 1062 800003
185 962 500006
714 1304 200009
717 1362 500006
944 1251 900091
741 1100 100011
111 999 100011
568 840 900002
187 1427 100010
126 281 1000001
141 1410 100010
65 255 100011
846 1460 200021
297 1399 800081
1184 1390 100011
644 1183 900091
892 1335 1000001
691 1037 900002
353 1499 700004
27 1255 300031
1046 1213 600005
102 958 700071
124 327 1000001
401 671 900091
195 1249 800081
74 316 300031
721 1477 300031
1376 1404 900002
198 755 200021
1165 1290 200021
1368 1404 800003
466 1470 800081
231 841 400041
302 1078 600061
826 1025 900002
882 935 900091
328 414 200009
394 818 600005
149 299 500006
42 1262 300031
335 341 600061
1396 1471 900091
219 1446 400007
918 1056 1000101
984 1184 900091
513 995 500051
144 451 100011
1017 1099 100010
228 1124 700071
33 943 200009
333 666 900002
714 1391 900091
532 1489 800081
818 1279 1000101
1113 1306 1000001
943 1379 100011
1029 1166 300008
277 608 400041
196 1394 900002
905 1482 1000101
381 566 600061
770 803 800003
227 236 400041
809 1306 200009
53 365 400007
818 1057 600005
246 1159 500006
916 1462 200009
787 1224 300031
77 852 600005
885 1453 900091
372 1494 600061
90 1354 1000001
590 1491 300031
126 473 500051
382 517 100010
356 969 900091
547 1118 200009
420 740 900091
305 1122 900091
535 1174 200021
206 1064 500051
1118 1293 400007
762 867 500051
699 1492 1000001
537 692 800003
22 1199 700071
639 1010 500051
287 648 200009
179 857 500051
141 178 800003
844 1095 900002
470 1451 700071
999 1304 600005
703 760 800081
201 1039 600005
1085 1212 400041
1046 1455 800003
389 1056 300008
631 829 900091
1128 1155 200021
556 1055 600005
1129 1414 400007
0 1255 500006
131 695 200009
969 1203 800081
495 726 400007
436 761 400041
73 859 600005
1000 1348 400041
115 652 800003
583 1475 200021
117 480 300031
444 705 800003
381 1338 300031
42 397 1000001
565 978 200021
413 749 500006
272 667 500051
150 750 200009
130 865 500006
1107 1458 100011
245 1021 800081
1249 1425 300031
96 485 200021
531 1338 1000001
108 1388 600061
873 1333 400007
45 229 500006
577 1280 600061
484 857 700071
1 1148 900091
1145 1347 500006
780 1224 700071
906 1003 600061
122 1159 700071
67 854 1000001
43 571 100010
50 1453 100011
402 1413 600005
451 481 300008
541 1116 800003
551 895 300008
681 1071 100011
645 1223 700004
652 860 600061
137 1109 400007
346 1231 900091
961 1045 500006
451 1239 1000101
389 1085 100010
1085 1191 900091
1087 1472 400007
146 945 800003
30 1393 300008
536 713 500006
373 893 600005
121 796 200009
503 834 700071
18 881 700071
295 1134 500006
852 1206 200021
202 1088 600061
108 628 400007
154 1036 200009
43 1265 300031
755 1208 200021
476 1341 400041
770 1246 600061
884 1085 400041
105 153 300031
324 850 200021
535 1477 900091
765 1478 1000001
1104 1179 300008
392 844 800081
707 1119 600061
978 1433 1000001
741 878 300008
434 576 800003
73 592 1000001
803 1358 400007
1214 1265 300008
268 828 700071
344 1216 300008
202 450 100011
302 402 600061
364 600 600061
533 1041 600005
518 1241 500006
121 851 800003
196 490 200021
1100 1255 200021
34 849 400041
137 1107 1000101
337 709 1000001
295 349 900002
330 1304 600061
325 574 300031
190 232 400041
819 1109 600005
320 1166 600005
662 665 700004
592 1083 100011
757 1298 800003
778 780 700071
250 1409 800003
43 962 100010
30 895 400041
32 1166 900002
587 625 900002
42 830 300031
1116 1431 800081
910 1134 400041
194 983 200009
939 1264 400007
13 1298 800003
166 1360 800081
420 958 700004
225 613 600061
305 366 700071
101 1018 300008
510 590 100011
258 435 100010
545 603 200021
1419 1439 800003
319 1249 1000001
602 1444 600061
942 1078 600061
392 916 1000001
837 1165 900091
342 759 400041
368 651 100010
196 649 300031
56 251 500006
1171 1281 1000101
1344 1379 500006
128 1055 200009
762 1029 300008
975 1190 200009
287 1419 600061
580 688 200009
636 974 400041
778 1316 300031
80 634 700071
111 132 100010
395 1065 200021
586 1205 100010
45 1172 600005
251 1091 300008
527 538 300008
1404 1435 900091
481 1166 900091
517 1258 1000001
1094 1407 100010
790 1493 400007
765 1186 500006
231 512 100011
157 567 900002
469 854 100010
613 756 400041
1032 1112 1000101
751 913 700004
793 911 400041
45 1041 800081
24 637 700004
216 755 500006
85 1228 600061
774 1236 1000101
183 914 900002
331 861 400007
829 915 100011
117 371 900091
385 1408 700004
1106 1295 200021
658 833 800003
177 690 1000001
95 1031 1000101
1057 1491 300031
221 285 100010
651 869 400007
131 468 300031
6 826 200009
593 605 300031
42 486 400041
1131 1261 300008
318 1076 300008
81 441 800003
442 1381 900002
544 687 800081
622 685 100011
153 1060 300031
467 1117 500006
927 1430 800081
408 677 900002
509 899 400041
1045 1430 1000101
639 837 400007
3 702 100010
0 1223 200009
308 820 200009
419 1181 800003
441 1398 300008
784 791 100011
88 1198 600061
937 1072 600005
128 1274 1000001
583 1449 1000101
1124 1262 100010
545 982 400007
22 317 600061
16 180 900002
748 873 100011
233 1342 400007
34 680 400007
412 1024 200021
795 862 500006
482 1439 800003
122 520 900002
462 1318 500006
4 1027 600005
672 725 700071
84 1049 100010
910 1261 100011
589 1190 400007
101 611 300008
569 1304 800081
433 743 700004
3 1379 1000001
1117 1351 300008
649 857 100011
1287 1340 1000101
321 364 900002
900 1409 700004
301 364 600005
650 1369 100011
1233 1453 900091
1066 1229 700071
200 359 500006
786 1168 700071
174 762 200021
642 989 600005
1014 1343 200009
234 1287 600005
268 1014 400007
290 339 100011
1344 1387 900002
912 1366 1000001
54 1291 300008
939 1297 600005
405 463 1000001
1065 1316 900002
65 278 500051
47 912 100011
480 656 900091
627 1223 900002
498 783 600005
246 1088 500006
289 1296 900002
894 1010 500006
937 1093 1000001
401 953 300031
247 1151 700071
152 558 500006
244 865 400007
1187 1341 300008
732 1296 1000101
184 1464 400041
83 236 400007
1417 1472 1000001
799 1067 300031
367 1151 800003
652 1096 600005
910 951 400041
367 1353 900091
1200 1445 800081
601 955 500051
793 1412 700071
36 1339 1000001
275 484 400007
725 1254 800081
879 1039 600061
257 1277 100010
63 1457 500006
275 967 200021
468 1033 500006
417 1010 700071
657 762 600005
232 760 200021
828 1493 200009
47 714 1000101
23 1238 300031
478 1377 900091
252 906 800003
156 416 1000001
445 1069 700071
822 1029 800003
734 1300 800081
610 750 600005
249 1183 400041
1193 1452 800081
95 846 600005
318 1099 400007
51 1072 100010
880 1362 900091
575 614 200021
91 271 800081
810 883 1000001
392 1242 900091
217 515 300008
397 503 300031
543 1152 100011
408 851 900002
1018 1329 100011
425 491 800081
128 777 400041
189 678 900002
1260 1428 400007
845 1374 100010
492 861 200009
381 383 100010
359 1314 1000001
990 1459 400041
464 1471 300031
438 1048 900091
407 647 800081
131 633 600005
155 196 900091
450 597 900002
160 1395 600005
668 1135 1000101
284 293 200009
1119 1330 600061
221 1241 400007
451 1403 800081
22 1373 1000001
844 1012 800003
713 1146 800003
47 95 400007
585 636 100010
1055 1372 900091
289 611 300008
691 1044 700071
772 996 100010
170 333 300008
615 1263 800081
78 1335 200021
1184 1328 1000001
783 784 500006
379 1225 700004
445 556 400007
639 1030 1000101
771 786 500051
107 987 1000001
1288 1422 600061
329 603 900091
58 1484 1000101
183 579 500051
223 1176 300008
162 632 1000101
204 696 100011
148 766 800003
725 970 400007
251 1491 900091
1113 1334 800003
678 816 800081
1282 1395 700004
262 947 1000101
533 1215 100011
664 1348 1000001
791 1495 100011
1067 1127 800003
780 1119 200021
590 1356 1000101
937 1201 400041
790 1153 800003
435 1167 500051
516 862 1000101
486 944 500051
377 1487 100011
277 864 600061
242 1328 400041
538 1037 300031
121 1250 200021
1100 1230 500006
274 507 1000101
126 736 200009
366 1134 800003
690 1375 600061
640 875 800003
17 416 700004
407 638 200021
17 1127 500051
227 501 100010
838 1163 800081
1064 1129 100011
925 1022 500051
217 677 200009
66 778 600061
1069 1200 1000101
658 1491 800081
352 1319 700071
909 1087 500006
130 531 500006
451 809 100011
79 309 400007
942 1016 400007
393 1318 600005
412 774 900002
193 1232 500006
625 832 300031
1191 1198 400007
1063 1400 800003
278 646 400007
181 1379 900091
282 424 900002
109 1410 200021
9 1006 200021
576 653 100011
576 798 500051
312 1289 1000001
701 1450 1000101
797 1322 700004
279 1304 300031
494 1483 600005
972 1458 700004
299 1173 200009
9 333 300008
927 1119 300008
54 700 800003
1422 1462 200021
474 1325 200009
971 1023 400007
747 838 1000001
831 867 200009
281 903 900002
657 1010 200021
328 447 1000101
684 987 900002
608 719 400007
296 1489 800081
96 1021 300008
20 293 300008
576 1262 200009
84 96 200009
22 1357 100010
349 597 100011
700 988 500006
239 826 200009
534 1336 900091
845 1018 400007
90 925 200009
1126 1280 200009
1145 1199 300008
120 1462 500006
738 899 300031
584 960 400041
184 643 700004
665 960 600061
421 732 600005
173 977 300031
769 974 800003
1326 1335 1000101
82 1269 100011
383 757 900002
562 1179 600061
489 619 300031
288 976 1000101
229 1029 400041
587 1085 300008
532 1437 500051
101 1026 700004
539 1086 400041
149 864 400041
914 1143 600005
832 1416 1000101
349 747 1000101
175 299 800081
181 793 1000001
246 609 600005
341 890 300008
954 1356 700004
170 525 700071
279 945 300031
1095 1437 600061
492 1452 900091
48 82 800003
221 522 700004
12 189 300031
775 1480 300008
886 1119 900091
715 1076 600061
172 1179 800003
532 1362 600005
75 800 200021
793 1285 300031
242 823 500051
195 998 200009
1103 1325 300031
1339 1470 100010
987 1289 300031
195 241 500006
132 1460 300031
906 967 400007
163 1043 1000001
388 637 400007
572 1484 500006
979 1105 700004
618 1472 400041
983 1277 200021
16 666 700071
933 1371 500051
151 947 600005
908 965 600005
89 786 500051
338 1376 400041
1033 1395 100011
519 771 600005
846 926 500006
603 730 300008
913 969 400041
168 260 700004
314 386 200009
434 1088 800003
121 656 100011
168 1265 500051
195 447 100010
20 1288 600005
946 1178 900002
44 696 900091
452 1322 700071
1098 1171 500006
1217 1336 500006
421 1419 200021
124 1453 800081
643 854 300031
984 1438 600005
274 941 900091
2 823 200021
453 706 200009
788 1323 100010
599 818 500006
375 1115 700071
533 783 800081
1061 1281 900091
876 1101 900002
995 1411 600005
554 1337 100010
244 1130 200009
1042 1435 300031
334 741 900002
647 688 900091
1197 1392 200009
313 1203 900002
232 1145 800003
172 560 600061
252 572 600005
1137 1457 200021
856 1045 100011
23 1464 900091
526 701 800081
607 1395 100010
1012 1281 200009
341 814 400007
53 535 300008
809 1370 200021
33 123 300008
1117 1390 600061
496 712 600061
12 1201 700004
339 1409 400041
764 1281 300031
419 843 1000001
287 488 200009
298 502 1000001
79 401 900091
300 625 300008
734 984 500051
152 1479 300008
213 572 500051
690 1128 500051
697 1471 1000101
381 511 600061
71 631 900002
1027 1487 900002
262 993 500051
51 376 400007
542 846 1000001
1303 1456 600061
372 1346 600061
322 405 100011
487 803 900091
1166 1329 700071
525 881 900002
310 842 100010
391 965 800003
652 1078 500006
1001 1453 300008
634 958 500051
392 858 1000001
468 532 400041
292 627 900002
523 1089 400007
868 1091 400007
664 825 700004
251 1243 700071
83 1176 900091
389 595 300031
351 1003 600005
586 903 600005
283 463 500006
8 444 700071
995 1404 1000101
650 762 700071
158 466 800081
1196 1202 900091
4 1414 200021
369 1267 600061
404 551 600005
19 377 900091
801 934 600005
1031 1200 100011
263 1250 900091
497 984 900091
106 1476 100010
456 974 400007
813 1145 700071
788 1365 200009
585 857 100011
268 555 700071
570 1083 700071
88 1341 1000101
398 1013 200009
9 1089 300031
240 377 500006
870 1253 400007
478 752 300008
465 475 600061
1242 1450 600005
1 839 400041
47 1002 600061
272 360 700071
591 853 800003
988 1243 700004
601 801 700004
940 1448 100010
367 1366 700004
708 1274 900002
1112 1393 900002
195 904 1000101
535 1459 900091
248 439 400041
309 493 900091
288 929 100011
1259 1486 300031
1125 1396 200009
469 1211 500051
905 1263 900002
304 1499 200021
405 1325 400007
446 556 800003
773 1232 600005
184 647 200009
591 857 500006
525 1255 800081
603 1296 700071
233 1026 200009
374 1100 900002
1149 1454 700071
951 1062 100010
287 1060 600005
309 1179 500006
511 933 300031
748 1119 100010
142 962 200009
448 820 400041
229 1092 1000001
724 1117 400041
275 316 100011
637 1493 600061
1394 1407 700071
661 1090 100010
118 850 300008
674 1282 400041
616 1405 500051
825 1222 400007
339 612 400007
837 877 1000101
434 510 600005
852 1058 800081
40 184 800081
1259 1492 1000101
380 546 1000001
73 1082 600061
136 1130 800003
46 969 800081
450 900 900091
657 952 200021
228 551 600005
761 856 800081
1192 1450 900091
156 584 400041
214 771 100010
407 458 600005
862 1062 600061
22 1272 300031
1144 1264 600005
494 1336 300008
268 470 100011
28 714 1000001
1371 1392 1000001
756 1387 400007
300 1002 800081
512 810 1000001
770 811 1000101
295 737 900002
201 434 1000101
803 944 200009
197 261 1000001
472 561 500051
47 791 1000001
474 967 200021
562 933 600061
126 818 800003
359 382 500051
82 1293 100010
1366 1392 500051
979 1466 100010
1126 1374 300031
375 553 500051
1025 1379 800081
546 920 900091
411 859 300031
404 632 200009
801 1294 800081
829 955 900091
764 820 200009
1035 1362 1000001
483 1097 200021
787 907 500006
839 1128 200009
201 778 200009
686 1381 300031
415 832 900091
594 1454 900002
192 1328 100011
624 632 500006
458 1263 300008
1089 1130 200021
623 669 300031
360 493 100011
83 104 900091
800 1350 800003
924 931 500051
824 861 500051
164 1404 600005
5 1282 300031
35 647 300031
165 199 900091
538 640 1000101
547 1146 200021
0 1152 400041
71 493 700004
397 1148 500006
328 1397 400041
1011 1210 600005
1221 1371 100011
513 791 1000001
751 1011 300031
260 1173 400007
334 437 400007
395 542 800081
565 891 900091
692 1356 500006
110 1223 500006
288 692 900091
264 1102 700071
345 1222 700004
454 1212 200021
518 559 400007
383 799 900002
1084 1384 400007
626 1482 100010
453 1407 800003
91 919 700071
16 245 400041
329 640 500051
473 1384 400041
88 953 300031
534 894 1000101
345 722 800003
376 1040 400007
796 1029 900002
314 532 700071
508 682 300008
334 1292 900091
471 1327 300031
673 1130 800081
491 985 1000001
12 1119 1000001
870 1295 100011
197 1344 600061
1279 1325 600061
599 867 600005
135 475 900002
465 1280 400041
1 1387 300031
334 1220 900002
598 930 100011
797 1397 500051
31 1212 800003
325 1167 500051
211 496 700004
791 954 300008
487 1220 500051
767 1022 200021
529 835 400007
759 1263 600005
428 1273 100010
400 1459 700071
421 1476 300008
1119 1373 900091
15 384 500006
1184 1358 400041
516 1208 700071
312 809 600005
676 1285 600005
124 1476 900091
444 921 500051
497 563 700071
270 723 800081
210 1420 700004
892 1450 700004
1143 1307 100011
45 1154 800081
889 937 900002
302 785 800081
85 366 400007
163 507 200021
41 983 600061
582 982 800081
165 1459 1000001
678 897 800003
163 675 200009
271 1025 500006
83 490 900002
89 707 100010
1035 1317 200021
1114 1483 700071
117 798 800081
22 218 900091
116 839 300008
293 1098 600005
76 305 800003
489 869 700004
425 1311 900091
234 783 200009
799 830 100011
881 1101 800003
756 1150 800081
892 1080 100011
509 1373 700071
796 933 800081
365 552 600061
1209 1212 300008
156 965 100011
596 1156 200009
6 1447 600005
399 447 300031
580 1454 500006
299 432 600061
339 836 400007
359 1415 200009
958 1321 1000101
122 438 100011
127 696 900091
872 958 300031
645 1483 600005
929 1010 600061
1134 1490 1000101
74 1387 900091
290 1454 500051
1214 1381 100011
562 948 700071
69 1035 100011
468 723 300031
361 1395 200009
384 596 500006
250 647 600005
1074 1302 500006
1126 1292 600061
573 945 300031
98 818 100011
250 1373 600061
1259 1441 100010
363 1151 700004
459 1288 800081
804 1162 100011
746 1354 900002
480 992 600005
272 607 300031
259 566 900091
16 432 200009
998 1312 100011
701 1075 200021
281 434 600061
82 588 1000001
166 843 200021
99 1408 300008
217 1316 800081
864 1200 200021
209 631 800081
1155 1230 200021
94 263 300008
361 846 600061
107 779 300031
73 852 800081
894 1336 800081
543 1288 100010
247 348 1000101
453 1139 400007
302 1133 900002
833 1200 900091
492 1414 400007
424 839 1000101
474 563 500051
124 589 200021
581 1189 500006
220 1380 400007
243 1204 500051
761 1361 800081
267 656 300031
749 988 700071
173 964 600061
1020 1050 500006
314 1371 400041
102 797 300008
880 1431 700004
712 1477 800081
401 423 800081
428 961 500051
497 922 300031
1026 1406 100010
1221 1335 600061
38 968 500006
486 889 800003
80 217 700004
188 442 900091
768 904 500051
273 336 100011
1216 1262 800003
289 1286 100010
338 915 300031
31 280 1000001
406 451 900002
49 717 800003
1146 1451 600005
39 1290 200009
530 948 1000101
392 624 700071
1302 1400 900002
77 344 300008
176 1039 500006
224 638 100010
271 338 600061
792 1409 600005
110 1260 900002
331 1080 500051
85 782 500006
854 1086 400041
549 1053 200009
256 1376 200021
287 1220 800003
393 1000 900091
817 1196 600005
164 1484 200021
191 663 900091
2 1018 900002
445 1465 700071
712 1305 500051
1111 1341 700004
328 726 800003
151 1491 200009
162 170 600005
975 1297 800081
3 1159 100011
122 1317 600005
138 171 800081
372 792 900002
583 1333 800081
988 1358 100011
426 951 500051
685 1483 700071
160 599 200009
1139 1323 1000001
254 1375 400041
206 465 300008
1101 1467 900091
7 801 300031
943 969 500006
450 1483 1000001
191 1348 500006
25 797 300008
501 1337 800003
197 1016 600005
1290 1362 700004
1220 1458 300031
564 883 100010
282 512 500006
567 1076 1000101
101 1415 700004
77 1357 1000001
679 1134 800081
1078 1099 300008
242 546 100010
870 1319 400007
342 696 900002
893 1192 300008
726 784 200021
58 1423 700071
649 1080 700071
1153 1273 600005
949 1171 600061
66 896 1000101
1004 1371 400007
971 1288 300031
760 1382 1000001
506 849 100010
511 1479 600005
402 898 1000001
476 1143 1000001
372 828 500006
777 1200 700071
388 954 400041
1377 1446 100010
344 691 1000101
75 1347 1000101
485 1457 1000101
507 958 600005
1057 1177 600061
235 294 500051
266 980 700004
1013 1410 400007
419 1333 800081
162 929 200021
496 980 700004
1261 1443 300031
89 1046 900091
573 1031 100011
109 1422 100010
284 1157 300008
339 1112 100011
162 1031 300031
324 1485 400007
617 1240 600005
357 1297 800003
204 1426 800003
265 1049 900091
892 1135 700004
56 213 600005
284 1171 300031
164 675 500051
667 996 300031
739 1108 800081
500 961 800081
412 1049 700071
654 1425 700004
6 1350 200009
909 938 400041
1123 1457 300031
421 1185 400007
451 1207 200009
341 435 100010
478 1159 200021
403 1027 200009
82 1237 800081
67 177 800003
444 1040 600061
112 1010 1000001
97 726 300008
112 526 300031
333 1386 800003
400 470 900091
856 1009 100010
638 1016 400041
744 1136 900002
692 804 1000001
639 1410 900091
849 1422 800003
517 581 400007
398 1006 700071
457 762 400007
31 492 300031
137 1099 100010
832 1244 300008
512 840 100011
274 961 300031
981 1339 100010
1122 1439 700071
652 1035 500006
24 551 700004
293 323 200021
901 1074 1000101
863 901 100011
918 1145 300031
227 388 200009
983 1189 700004
3 686 900091
460 709 500006
307 310 1000101
593 783 900002
553 954 600061
652 1120 1000001
118 764 200009
1232 1317 700071
1293 1353 300008
198 622 200009
359 1402 500051
571 1112 600061
520 1243 800081
425 1059 700004
131 450 600061
237 1439 100010
114 936 500051
335 1309 1000001
1469 1481 700004
228 808 400007
189 401 600005
197 1355 700071
151 218 700004
211 225 200021
398 1225 600005
12 1429 1000101
267 348 300008
530 1006 300031
58 396 1000101
722 735 400041
1373 1417 600061
145 1267 300031
303 448 700071
977 1257 400007
535 1082 800081
29 588 500051
177 339 100011
53 1406 800081
448 553 100010
338 1021 100011
1203 1450 900002
258 1163 900002
1075 1089 300031
438 973 200021
754 1365 1000001
618 771 100011
309 1131 300031
215 982 900002
232 482 800081
846 1289 600005
176 751 800081
488 1333 900091
216 622 1000101
345 451 800081
178 1054 800081
550 578 1000101
925 1467 700004
1299 1307 1000001
112 1094 200021
188 246 100010
51 1416 500006
469 491 100010
847 1376 500051
1129 1453 900002
972 1131 400007
853 1462 500051
54 870 100011
737 1152 600005
476 583 1000101
420 630 200021
197 1261 500051
47 598 600061
114 828 1000101
130 1015 900091
386 666 200009
659 975 500051
583 739 600061
964 1069 600005
266 985 500051
219 683 700004
83 626 700004
1188 1320 1000001
209 455 600005
572 1084 1000101
167 492 800003
152 1291 700004
71 1268 600061
203 1033 400041
294 1379 700004
954 1280 700004
53 94 300008
575 634 800081
93 128 700071
128 859 200021
1067 1107 900002
455 603 200021
194 1459 100011
728 1081 100011
848 1443 800081
273 661 1000101
323 992 600061
1236 1375 900002
91 959 200021
370 1411 100010
1064 1289 100010
836 1490 200009
554 926 900091
483 554 600005
691 1076 400041
1107 1279 700071
693 1050 400041
381 851 400041
1115 1285 500006
981 1159 700071
356 608 1000001
377 844 700071
339 1430 200009
33 1462 800003
550 1075 1000001
216 267 800081
142 737 700071
187 527 1000001
90 927 1000101
900 1472 100010
104 308 600061
242 433 400041
133 838 700071
450 593 100011
465 910 100010
736 1379 600005
874 1435 600005
1080 1243 800003
365 1132 100010
1123 1404 500051
358 484 100011
446 1023 800081
644 967 900091
1001 1438 300008
205 860 400041
1017 1361 400041
8 644 900091
428 1318 200021
405 1494 500051
241 328 900091
237 926 900091
661 1452 900091
147 1229 100010
1271 1473 800081
74 1187 200021
478 926 600005
768 980 100010
856 1439 500051
917 1443 500051
697 1454 500051
1078 1222 700004
215 445 200009
352 1377 200009
384 862 1000101
58 109 500051
528 838 600061
302 1405 800081
304 452 300031
1160 1237 100011
504 1265 300008
341 1373 300008
127 365 300031
349 881 500051
1108 1220 900002
135 917 800003
468 624 200021
616 1471 500051
437 896 800081
65 916 1000001
229 1264 1000101
56 739 500006
608 744 900091
274 820 100010
349 388 600061
345 1330 500051
989 1279 100010
64 736 400041
649 1347 500006
876 967 700004
473 1307 700071
375 1436 500006
935 992 800081
105 780 700004
406 1085 500006
71 1243 700071
44 408 700004
1393 1460 200021
547 609 200009
93 148 800003
982 1316 900002
274 967 500051
486 487 1000001
662 1241 800003
1120 1394 700004
113 1012 200021
292 726 800081
924 1413 400041
545 894 600005
659 685 1000001
82 206 300008
472 656 600061
588 1077 800003
169 1189 600005
817 1137 1000001
474 1174 200009
423 811 900002
93 103 900091
558 985 500051
339 471 1000001
1006 1026 1000001
243 1284 300031
204 1267 800003
8 1128 300008
479 912 700071
389 557 500006
490 733 600061
149 804 500006
26 1410 300008
420 518 300031
446 1008 400041
256 1047 200021
738 745 300008
125 467 500006
353 908 700004
1165 1428 900002
677 1169 400007
219 758 300031
641 1032 600005
846 885 400041
196 301 900091
380 825 800081
227 748 500006
1022 1190 300008
971 1417 400041
93 1350 400041
103 1122 400041
1059 1274 1000001
1181 1233 600005
594 1090 400041
416 1030 200009
249 419 1000101
51 1399 800003
315 655 300031
120 1038 300031
103 324 300008
81 1451 900002
1030 1091 900002
776 960 100010
1191 1333 400041
1019 1197 600061
398 756 100011
36 535 300008
40 172 600061
1378 1453 400041
227 1058 1000001
345 957 600061
317 1237 900091
95 1163 300008
1047 1188 500051
77 458 1000101
722 1224 100010
824 988 200021
694 1437 1000101
1306 1310 1000101
837 1456 200009
243 1337 1000001
515 830 100010
424 1375 700071
186 316 500051
149 425 300031
17 150 300008
595 915 200021
410 860 500006
557 1471 100011
75 970 400007
542 868 900002
556 1175 100010
1211 1436 800081
1483 1497 700004
1144 1428 1000101
484 1196 600005
900 1203 1000101
718 1408 600061
818 935 800003
10 330 800003
822 1374 400041
1131 1328 800003
437 706 400041
1030 1489 1000001
333 382 700071
653 1009 100010
146 1479 200009
131 1092 700004
421 1149 1000001
394 1359 100011
595 1136 400041
261 1368 900091
363 641 300031
1161 1341 500006
591 1497 900091
1183 1268 100011
701 1421 700004
575 1055 400007
529 933 900002
729 1294 1000001
107 295 700004
1250 1410 100010
222 234 900091
1328 1449 800081
1122 1480 600005
816 1222 800003
189 692 300008
368 771 400041
456 1110 700004
85 1369 500051
26 1065 1000101
249 1338 200021
107 1227 300031
877 1085 500006
12 1227 400007
317 545 900091
185 1341 500051
712 717 900091
1033 1192 1000001
391 1352 300008
470 657 200009
65 777 100010
131 1355 900091
405 555 100011
424 802 300031
369 949 400007
753 1009 800081
149 793 700071
1126 1426 400007
425 1442 700004
179 889 100011
414 1110 400007
1248 1271 400041
237 573 400007
166 1369 800081
139 181 300031
237 632 800003
78 801 500051
869 1181 600005
340 1150 400007
962 1309 600005
509 871 600061
271 622 800081
858 1335 600061
78 113 400007
40 973 100011
380 1200 1000101
73 368 200009
636 949 700071
514 674 800081
172 621 500006
46 968 500051
443 1431 800003
1205 1240 200009
1232 1344 400041
471 1195 700004
564 1324 100011
853 1099 700004
747 1443 300031
825 922 500051
155 1394 300008
922 1012 600061
361 738 300008
794 1146 100010
282 811 100010
1046 1056 1000001
769 1101 600005
93 290 200021
179 1256 900091
773 1204 700004
833 1087 900091
949 1303 1000001
613 706 900091
823 1373 800003
517 927 600061
141 951 800081
282 1308 1000101
130 1291 800003
766 978 200021
1248 1276 400007
647 1109 800003
555 1176 500051
907 1240 800081
1038 1482 900002
27 1173 1000101
185 580 500006
822 1025 500051
28 766 600061
205 1226 800081
506 521 700004
472 1165 200021
201 356 100011
860 1046 800081
76 1351 600061
832 975 400041
644 1160 700004
529 1345 900002
97 870 800081
1135 1192 600005
197 310 900002
1232 1298 100010
617 764 500006
982 1276 800081
1038 1422 700004
239 422 600005
559 990 700004
1331 1449 700004
659 717 900002
192 1067 400041
571 1042 200021
105 1419 500051
460 895 100010
422 720 400007
321 839 800003
642 1312 100010
1368 1459 700004
376 980 500051
528 693 200009
154 484 600005
34 1154 400007
203 883 700071
39 1471 900091
640 990 600061
285 851 800003
828 1092 500051
203 1374 500006
334 1289 100011
562 1040 400041
581 837 500051
201 1429 100010
599 1498 500051
708 1216 1000001
121 671 800003
796 1096 500006
1068 1080 700071
411 784 800081
928 1288 400007
62 71 700004
1080 1142 400007
1002 1140 800081
215 1066 900002
397 628 300008
561 1444 900002
528 795 300031
1414 1435 500006
475 1260 300031
710 874 300008
1204 1273 200021
59 190 600061
307 566 900091
313 1287 500051
736 1137 400041
196 1019 400007
1101 1238 900002
271 1434 900091
48 258 200021
479 976 500051
161 363 800003
832 1280 800003
409 1049 400007
774 825 100011
282 1016 100011
157 507 800003
779 1194 500051
409 431 800003
730 1261 800003
1089 1409 900091
337 890 200009
533 1473 200021
664 911 100011
40 245 500006
410 1104 1000001
1406 1451 600061
761 1296 300008
2 1385 100010
718 1427 300008
220 1146 900002
799 1295 600005
94 604 900002
732 1269 700071
1270 1446 700004
117 607 900091
221 547 900091
427 922 600005
511 1383 700071
58 240 600005
626 835 800003
248 793 300008
369 490 900091
130 852 600005
925 1246 1000001
1029 1297 1000101
790 1275 300031
881 999 800081
134 889 800081
213 248 700071
71 732 700071
551 646 600005
480 1363 400007
199 1179 500006
40 924 1000101
114 468 300031
260 501 800003
663 988 900091
487 868 700004
147 886 1000001
582 1359 500006
384 1276 200009
1008 1416 700071
125 185 400041
173 1230 1000001
756 1321 800003
433 1046 900091
476 680 800081
730 1227 700071
1386 1435 800081
937 1493 600005
1170 1342 400007
1 940 500051
845 893 100010
141 958 900091
1155 1498 1000001
1409 1478 1000101
695 871 300008
366 1061 900091
605 679 1000101
916 1338 800003
698 866 200021
586 1144 800003
1025 1481 800003
69 1073 300008
282 915 600005
982 1176 1000001
851 912 900091
357 1250 700004
547 1005 400041
1146 1254 500051
255 534 900002
664 832 200009
998 1177 900091
313 952 900002
134 738 900091
299 572 400041
18 1413 500006
766 1493 200009
763 855 800081
1317 1477 700004
88 954 600005
1012 1309 900091
325 1251 900091
161 1098 200021
111 525 400041
188 1240 300008
664 685 200009
560 1134 300031
562 1017 100011
151 1327 300008
1156 1225 500006
794 1218 400041
549 624 500006
157 269 1000101
461 1021 200021
51 1348 900002
257 1211 600061
685 952 900002
502 1072 800003
114 169 500006
24 241 500006
146 1222 200021
867 999 300031
49 1212 500006
209 288 700004
326 1155 200009
338 1294 800081
38 1144 600061
498 1130 200021
447 487 500051
458 1109 200021
457 846 200021
654 720 100010
248 284 200021
32 145 200009
53 973 900002
660 933 700004
659 1407 100010
332 914 700071
890 1109 900002
531 1285 300008
20 781 800003
364 1413 800003
925 1383 200009
1361 1469 300031
274 1193 1000001
159 1284 900002
413 1014 200009
615 854 900091
788 917 200021
355 412 400007
205 712 700071
48 1041 200021
689 1210 100011
607 733 500006
789 1339 1000101
799 1479 800003
1020 1288 500051
829 1347 600061
771 953 600061
26 1189 700004
396 573 300008
138 242 600005
79 160 800003
111 992 300031
537 1287 600005
36 678 1000101
269 276 500006
1229 1318 200009
399 1411 800003
927 1388 100010
555 740 600005
614 686 300031
445 1031 200021
109 585 400007
442 1215 900091
929 1366 900002
853 1401 1000101
351 1338 100010
616 822 900091
456 1147 400007
78 1414 600061
365 1057 400007
790 1003 600061
454 800 100010
897 1312 800003
1083 1442 100010
491 1314 100010
1438 1494 1000001
725 1340 600061
121 437 700004
158 702 1000101
849 870 500051
224 1021 800081
131 629 800081
203 753 300031
934 1138 800081
109 1124 100010
868 985 900002
619 1478 1000101
93 166 700004
724 1496 300008
821 1049 300031
293 349 500006
1067 1236 900091
209 763 600061
416 812 800081
545 900 1000001
183 728 400007
1269 1423 1000001
398 1058 400041
571 1406 400041
53 167 100011
412 620 500051
507 803 200009
273 1396 200009
253 317 200021
92 325 1000001
621 906 600005
551 677 900091
620 1403 100011
517 803 600005
651 1081 1000001
915 1275 400007
353 354 500051
383 1317 400007
327 1174 600005
314 588 200021
458 940 700071
510 929 1000001
44 581 200009
727 1426 400041
612 643 200009
196 967 1000101
1080 1118 100011
248 856 100011
352 598 400041
71 1061 400007
70 847 700071
23 254 400041
165 591 800081
765 862 900091
371 1385 700004
410 1102 900002
275 402 500006
1146 1402 900091
413 1298 200021
1085 1490 200021
746 1235 700071
692 1032 800003
529 970 800003
718 859 1000101
383 847 700071
679 1255 800081
312 766 500006
550 823 600061
201 1123 500051
816 1258 700004
159 213 300008
876 1157 600005
926 1219 400041
159 744 500006
174 177 900002
15 216 600061
680 1083 600061
212 1130 300008
628 937 300031
1401 1498 600061
321 1431 600005
505 1272 300031
535 543 800081
441 678 900091
135 936 1000101
842 1469 700004
636 729 500006
579 1473 600005
891 1074 100011
835 1177 900002
1276 1313 700071
1326 1390 900091
676 1199 600005
772 929 400007
266 710 300031
517 1431 800003
231 896 500006
959 1372 500006
870 1132 600005
669 1263 700004
188 716 500051
736 989 600005
1331 1430 700071
542 892 300008
206 1058 600061
217 1191 200021
1041 1159 600005
1427 1449 400007
403 794 1000101
562 883 800081
644 1395 200009
1157 1335 100011
770 1043 500051
294 848 1000101
630 1439 300031
1047 1302 900091
1321 1496 200021
196 580 700071
1056 1496 400041
723 885 200021
387 1398 700071
220 761 800081
233 1092 700071
792 1457 800081
588 1467 900091
805 1085 100011
442 542 500006
392 651 200021
492 856 300031
35 108 200021
412 565 400007
132 772 900002
70 1414 700071
616 631 800003
774 1185 100010
303 1108 800003
755 869 100010
417 641 100011
238 250 100010
111 1291 900002
372 1436 100010
564 577 100011
212 267 300008
836 1244 200021
385 1247 500051
51 1358 900002
234 852 700004
336 606 800003
816 1380 400041
985 1392 500006
109 792 1000101
62 1391 500006
73 1396 700071
1306 1351 500006
660 1024 500006
67 1481 1000101
118 989 800003
508 1059 500006
476 512 200021
199 883 400041
77 1298 400007
283 1143 800003
955 1226 1000001
69 219 900091
725 1468 300031
627 841 400007
461 1178 300031
571 1054 300008
1402 1469 300031
621 703 500051
818 989 800081
202 440 1000101
17 900 500051
233 978 600061
761 1430 1000101
270 272 300031
577 738 1000001
218 1260 600061
143 1048 1000001
775 835 700071
171 719 700071
186 1209 700004
18 670 700004
249 439 400041
63 372 600005
1112 1336 200021
2 261 1000001
599 1020 100010
125 313 600005
1253 1387 900091
209 1289 300031
255 653 400041
207 633 100011
435 748 400007
87 1305 700071
65 1477 1000001
396 858 900091
706 1198 800003
369 427 200021
1240 1337 800003
84 1448 1000101
426 1465 800003
884 895 800081
711 1253 700004
149 267 900002
422 1466 1000001
756 1181 500006
1142 1208 700004
679 732 400041
520 573 300031
1000 1394 100010
468 1432 200021
133 438 1000001
32 358 200009
207 1389 400041
750 1279 800003
725 760 100010
414 1253 700004
425 694 700004
37 978 400007
1002 1182 800081
777 1093 900002
213 349 800081
26 507 300008
952 1271 800081
1192 1471 700004
201 263 700071
270 1091 1000101
51 439 400007
190 826 300031
304 1169 800003
1299 1329 700004
76 1039 600005
392 1330 1000001
1197 1397 300008
143 663 600061
584 987 500006
180 692 800081
280 687 200021
81 1140 500006
108 1124 200009
430 554 400041
818 842 900091
425 1424 100011
98 804 400041
199 621 300008
177 646 900002
231 697 700004
62 212 100011
193 1413 800081
286 952 700004
92 596 600005
1061 1081 800081
103 873 200021
418 933 1000101
837 1101 1000101
966 1494 400041
584 1142 700004
419 912 800003
627 1278 100010
968 1301 800003
297 1239 200009
987 1067 200021
1350 1370 500051
9 421 800081
495 880 300008
587 1262 100010
574 1362 600005
1186 1225 700004
559 997 400041
931 1098 500006
592 940 900002
393 820 1000001
1204 1493 300008
1265 1283 1000101
227 451 200021
229 904 400041
437 799 1000101
843 1282 600061
80 1354 300008
80 1376 100011
373 1362 100011
930 1451 300031
894 1132 100011
614 1113 300008
923 1293 400007
299 437 200009
1414 1493 100010
1185 1202 500006
478 1440 900002
525 1411 300008
159 1464 1000101
197 479 700071
676 907 300031
667 835 400007
136 1171 600061
910 924 800081
4 535 300008
996 1347 600061
64 1219 1000001
941 1147 500051
344 1271 300031
485 1027 1000001
1087 1369 1000101
42 659 300031
446 1323 100011
276 1291 1000001
145 720 1000101
217 1189 200009
215 832 400041
568 1311 1000001
1233 1281 100011
162 404 100010
55 1148 200009
667 881 800081
1071 1469 300031
61 784 400007
31 1043 900002
8 1141 200021
290 606 200021
62 1464 700071
52 298 1000101
381 634 300008
277 318 700071
76 428 200021
549 972 100010
201 464 800081
1339 1413 300008
929 1029 100010
262 1449 900002
81 519 400007
279 759 300008
425 536 400007
135 1194 100011
449 523 500006
12 465 1000101
198 593 400007
1020 1255 200009
312 1149 900091
1001 1201 900002
42 1184 200021
88 1215 800003
802 1494 800003
760 1025 400041
361 1495 500051
847 1365 300008
961 1030 400041
4 1122 500006
417 1006 400041
571 1442 600005
1222 1320 200009
336 1339 400041
1268 1279 600005
753 1470 600005
284 1052 1000101
129 581 1000101
700 1239 600005
340 563 1000001
249 1361 200021
297 768 900002
566 766 100010
395 640 400007
457 1357 500006
726 1421 800081
332 1456 400007
676 776 300031
263 431 400041
1079 1217 200009
230 1275 600061
989 1384 700004
64 1029 900091
207 836 800081
887 1442 700071
758 1417 900002
710 1407 600061
186 868 700004
309 1222 400007
1089 1366 400041
96 1384 300031
12 653 900002
1202 1366 100011
14 1334 300008
851 1278 100011
532 1239 300031
111 909 700004
254 791 200021
102 274 800003
283 696 900002
699 1493 300031
342 820 900002
673 1019 400041
783 861 300031
181 1428 500051
96 124 200009
127 550 200009
425 1285 300008
294 1075 500051
67 969 900002
683 799 1000101
450 689 400007
178 736 500051
1055 1198 700004
278 947 800003
819 893 600005
622 665 700004
604 970 100011
31 264 700004
150 610 700004
743 796 900091
785 1298 300031
686 1158 700071
180 1311 500006
265 288 600005
64 191 400041
665 1376 1000001
352 354 700004
57 526 1000001
252 1340 800003
145 482 1000001
523 1006 1000001
192 1066 500051
893 1245 300031
35 1355 500006
128 986 800003
438 511 800003
349 415 100011
376 1286 100010
1182 1465 100010
1343 1425 500051
204 346 400041
436 933 300031
742 1405 300031
1009 1144 500051
311 1185 700004
13 1405 300008
272 1121 1000101
72 693 200009
258 401 400007
594 1405 100011
159 807 600005
1046 1462 600005
881 1362 300008
1002 1346 600005
385 1231 100010
884 935 700071
208 1411 400007
228 1066 1000101
186 822 600061
1263 1442 700071
346 589 1000101
819 880 500006
94 175 800081
191 1217 800081
949 1396 900002
689 1052 800003
1014 1066 500006
632 1121 600061
406 1334 900002
266 708 600005
361 381 800081
441 955 700071
923 1400 500006
284 1411 1000001
706 723 1000001
503 961 700004
712 1176 600005
288 1404 100011
569 708 500006
465 1149 1000001
488 1013 100011
592 627 700071
552 1006 1000101
377 772 1000001
696 901 300031
669 1288 200021
312 1101 600061
1240 1320 800081
65 380 500006
564 1130 900091
16 1122 600005
699 821 100011
375 480 1000001
728 992 200021
983 1340 700004
100 1341 200009
141 463 100011
412 915 800081
230 446 700071
1470 1494 800003
211 254 300031
64 740 1000001
560 683 500006
774 995 600061
158 275 1000001
45 582 800081
52 941 700004
143 333 500006
306 1096 500006
350 732 900002
423 664 1000001
69 676 800081
632 1070 1000001
696 1370 300031
1226 1498 400041
409 1366 700004
1131 1142 400041
619 1201 400041
190 242 900002
65 1180 700004
1408 1471 700004
221 1180 100011
520 758 400041
369 524 100011
141 440 900002
794 1346 300008
300 1422 900002
143 1078 700004
55 1133 100011
1 515 400007
616 769 600005
974 1498 700071
348 1188 400041
1163 1386 300008
1407 1488 400007
303 1419 600061
83 1238 900002
268 947 900091
681 1015 300008
389 1127 100010
507 910 900091
861 1177 700071
408 789 900002
665 1063 200021
177 993 600005
806 1212 200009
378 745 600005
635 881 100011
10 245 800081
297 573 700071
269 385 300008
572 657 200009
942 1375 500051
577 655 200009
173 406 600061
166 905 800003
333 1432 600061
245 1257 500006
127 308 500006
353 803 1000001
447 693 100010
459 1498 900091
790 981 500051
89 463 200009
790 1480 100011
1062 1127 400041
10 1476 200021
296 380 200009
731 968 900091
269 842 300008
620 1304 900002
120 996 200009
397 1289 400041
546 902 500006
252 1125 500051
45 94 200009
42 233 200021
406 1069 300008
453 1151 1000101
48 778 700071
371 550 900091
747 986 1000101
618 1391 500006
738 1163 200021
1041 1420 300031
777 1088 200021
44 88 700071
163 1138 900002
472 881 100011
263 768 200021
566 1030 300008
160 786 400041
1194 1456 100010
249 1407 700071
585 1247 300008
606 720 1000101
507 520 600005
495 1043 800081
96 359 500051
159 530 1000101
139 140 400007
959 1284 700004
24 1022 800003
838 860 200009
713 1270 300008
807 825 1000001
376 1054 100011
240 1370 400041
530 1399 200009
25 106 600005
147 415 500051
144 1368 700004
970 1432 600005
1 759 200021
805 1112 400007
135 636 500006
984 1053 700004
1005 1173 600061
397 950 100011
381 557 1000001
508 807 200021
425 1151 500006
159 805 100010
244 1045 800003
135 975 300008
401 1214 800003
424 782 900091
550 1088 600061
714 943 200009
367 1465 1000001
729 868 500006
593 1362 1000001
529 977 600005
32 222 600005
1162 1338 500006
430 968 900091
82 848 1000101
52 626 600061
121 1231 300008
701 901 500006
1079 1286 700071
35 1407 400041
1274 1406 400007
147 1003 800081
1102 1378 700004
423 1265 900002
96 635 200009
442 468 200021
243 1403 600061
705 1201 300031
243 816 400041
762 834 1000001
872 1125 100010
1028 1101 400007
858 886 500006
672 862 600061
275 1358 300008
716 1174 300031
162 1467 700071
294 669 1000101
1269 1465 500006
288 471 600005
905 1119 900091
157 1457 200021
1145 1164 100011
1299 1358 600005
218 1100 300031
1144 1482 200021
1140 1341 300031
627 1332 400007
495 1124 400041
1120 1183 500051
155 1070 800003
686 857 300031
265 546 700004
780 978 100011
182 345 1000001
323 1012 800081
384 425 500051
1322 1437 700004
1241 1430 700071
84 1127 1000101
448 1175 300031
688 1164 300031
327 1384 300031
426 1065 800081
257 1172 700004
770 1451 900091
494 934 500051
448 1352 700071
379 720 800081
2 1440 300008
663 1229 800003
681 1320 1000001
923 1209 700004
309 617 900091
768 800 400041
389 1206 800003
1386 1489 600005
140 1062 500051
244 454 500051
1181 1441 200021
70 899 300008
153 822 600061
976 1153 1000001
933 1067 100010
752 835 700071
146 708 600061
1080 1282 500006
714 884 500006
35 709 900091
834 1281 200009
1234 1374 900091
753 1250 900002
721 1418 500006
1203 1229 800081
406 1358 800003
411 1004 800081
6 166 700004
377 1164 100011
1 1034 900091
1377 1490 700071
1031 1314 700071
46 920 200021
540 860 900002
963 1250 500051
102 521 1000101
602 1138 700004
1029 1277 900091
1252 1264 300008
1336 1354 300031
635 1115 200021
296 1083 800003
157 570 400041
9 777 200009
95 691 500051
506 780 100011
491 642 800003
1077 1255 600061
661 1128 800081
339 1048 100011
602 765 100011
52 458 100011
631 1403 700004
268 590 700004
963 1053 500051
230 1044 700004
155 1431 1000101
259 1080 100011
171 554 200009
206 462 700004
197 1030 1000001
192 363 700004
546 994 600005
338 476 600005
130 1060 600005
757 1482 800081
591 1439 1000001
1126 1404 900091
460 1371 400041
511 1362 1000101
450 993 800003
880 920 400007
1124 1257 700004
625 735 200021
465 1114 700004
871 994 400041
613 806 700071
188 261 500006
104 618 200021
674 1415 100010
698 778 100010
1136 1234 900091
737 1037 1000101
48 208 200021
54 62 900091
23 1288 600061
2 872 900091
725 1332 900091
238 679 700071
746 1311 400041
200 564 900091
621 1162 100011
643 1094 200021
267 902 100011
141 850 200021
337 412 600061
228 706 300008
686 818 900002
675 1402 400041
886 1497 100010
91 96 500051
640 813 600005
881 932 600061
390 666 300008
1190 1259 1000001
348 1032 100010
460 536 400041
286 1046 500006
130 1116 900091
326 1191 100010
8 786 400007
755 956 800081
371 1085 900091
1034 1401 100011
199 1264 200021
119 977 600061
560 1418 300031
272 683 900002
153 857 100011
1254 1255 900002
1260 1343 200021
184 1028 200009
18 818 600005
447 1389 300031
438 1332 500051
1165 1307 800081
1043 1401 200021
38 1091 200009
164 993 500006
729 790 400007
813 836 900002
406 1049 900002
957 1098 600005
265 298 900091
871 1013 800081
402 744 1000101
36 463 100011
186 1245 500051
616 703 800003
1017 1084 600061
257 379 700004
906 999 800003
17 878 700004
662 1071 300008
19 1143 800003
16 475 600061
485 1432 900002
457 961 600005
153 1183 300008
392 1013 600061
1054 1094 200009
104 575 600005
1218 1419 900091
183 294 200009
636 1054 600005
112 741 100010
676 1258 200009
35 831 800081
554 880 400007
742 1492 1000101
1103 1108 200009
110 1236 1000001
520 914 1000001
379 1346 1000001
377 947 200009
672 1357 500006
244 509 300031
380 1463 200021
761 1060 200021
1301 1429 300008
1002 1047 800081
148 1253 600061
594 828 900091
171 610 200021
704 986 1000101
68 349 400007
686 994 800081
552 1314 700071
1136 1312 200009
46 1250 400007
251 648 200009
328 692 200009
129 1054 300008
1180 1241 900002
125 1406 700071
75 1497 100011
267 826 600061
1387 1484 700004
915 1268 200009
123 870 100011
619 1000 200021
69 386 400041
164 1226 500006
433 1150 800003
261 813 100011
180 280 400041
70 725 900091
361 844 600005
937 1156 100011
239 361 800081
707 1057 500051
841 1247 300008
1055 1433 700004
653 1490 100010
969 1364 400007
1232 1468 600005
1278 1367 900002
537 1377 200021
737 1239 400041
769 1424 300031
14 230 900002
267 1420 700004
151 412 300008
68 170 600005
31 521 300031
39 205 400007
76 1202 100011
821 1475 300031
753 791 100010
92 1153 600005
805 920 800003
301 1085 1000101
896 932 500006
181 890 300008
371 1444 500051
212 1238 300031
131 703 400007
607 1059 600061
920 980 1000001
324 374 200021
165 1004 200009
600 1001 200021
27 1057 600061
2 738 200021
49 152 600005
89 1097 800081
581 1388 100011
165 894 300031
223 612 1000001
997 1062 100011
87 92 500006
19 675 1000001
196 962 100011
1052 1390 200021
154 240 500006
822 1130 900002
36 197 200009
1 929 100011
184 225 200009
22 375 300008
956 1345 500006
419 813 600005
948 1240 800003
319 1208 100010
258 306 900091
169 705 1000001
764 1310 500006
1020 1253 200009
281 340 200009
406 1129 700004
840 966 100011
87 1487 300008
322 883 800081
483 1066 300031
891 1324 1000001
1337 1450 300031
0 334 400041
162 935 300008
836 1362 700004
745 1170 700004
1282 1492 200009
26 674 400041
671 1221 400041
679 1438 800003
1060 1309 100011
940 1269 200009
34 620 900091
216 1124 800081
256 592 700071
558 1063 700071
70 1021 400041
1333 1363 600061
490 906 800003
559 755 1000101
1117 1263 1000001
610 827 700004
90 458 800081
72 339 800081
932 1460 100011
242 600 1000101
1071 1478 800003
439 1183 900002
875 1204 700004
88 1225 300031
254 1190 300031
183 269 900091
391 1270 600005
825 1300 400007
210 1086 900091
1156 1440 900002
58 529 1000001
175 1331 900091
335 564 500006
846 1276 400041
698 1153 800081
101 1422 1000001
995 1314 500006
510 833 900002
229 404 700004
7 524 800081
444 588 400041
375 1074 300008
995 1055 600005
72 1174 600061
382 1326 300031
138 337 200009
95 1037 600005
1012 1278 300031
455 1423 200021
516 1393 600005
408 1408 400007
246 604 500051
56 1006 900002
522 1001 200021
573 1052 300031
138 1448 700004
36 652 200009
668 971 300031
740 860 400041
905 1319 800081
17 628 500051
336 453 1000101
537 1314 600005
147 148 200009
1101 1268 400007
624 1265 400041
291 619 700004
204 1096 800003
512 886 200009
135 165 400041
1177 1373 900091
1024 1227 300008
397 497 500051
504 672 500051
645 1254 400007
264 321 200021
1204 1252 900091
555 1392 200021
477 909 700004
402 1383 1000101
165 387 400041
540 930 800003
946 1437 600061
300 1252 500051
706 1268 800003
559 1274 400041
340 831 400041
587 1243 1000101
56 1342 800081
303 1064 800081
35 1142 900002
762 1193 900002
1293 1495 600005
342 909 700071
288 392 700071
1091 1291 100011
174 564 100011
1 607 600061
1079 1499 600005
1041 1445 300031
119 443 900091
466 1306 500006
419 631 300008
384 1121 500006
473 1354 900002
608 1426 600005
366 1451 1000101
63 392 300031
798 980 700004
620 1477 100011
881 1123 600005
1254 1379 100011
313 707 200021
20 288 400041
1211 1361 800081
659 841 500051
167 399 600005
238 635 300031
87 424 1000001
706 1188 900091
578 1337 1000001
219 1331 400007
204 1102 400007
122 908 100011
454 885 600005
338 443 200009
32 1392 1000101
605 1428 600005
650 1143 500006
362 889 400007
1004 1293 800003
18 1093 400007
1235 1246 400041
310 478 800081
988 1031 700004
555 749 700071
629 1212 700071
53 692 500006
687 803 600061
392 961 900091
335 1395 300031
771 1330 700004
606 1218 100011
274 1376 600005
698 1451 400041
525 939 600061
786 965 500051
715 1433 200021
844 1007 400007
610 1347 800003
454 628 300031
251 804 500006
16 1066 900091
295 296 100010
110 1163 300031
51 1427 800003
412 440 400007
887 1270 800081
283 991 700071
713 1480 500006
625 1237 600061
228 379 700071
991 1091 600005
1079 1119 900091
541 1256 500006
1448 1474 100011
543 679 1000101
256 668 300031
723 1129 700071
1043 1332 900091
1114 1257 600005
613 987 300008
918 1273 100011
133 1001 500006
96 1035 200009
37 1344 300008
738 1188 100010
222 1134 800081
631 1365 700004
669 879 800003
266 1278 300008
78 328 900091
899 1416 100010
412 544 600061
216 483 700071
1259 1327 100011
515 875 300008
260 1010 900002
125 466 900091
725 1241 700004
279 1252 300031
431 946 400007
865 1213 600005
414 433 800081
601 640 100010
650 1119 1000101
279 928 600005
731 898 300031
1234 1291 300008
760 819 500051
1019 1160 700071
365 1387 1000101
764 1201 1000101
583 1470 400041
399 655 500051
78 1015 400041
49 462 900002
8 758 500006
174 1013 500006
43 1383 800081
651 900 300008
231 490 300031
99 699 600061
175 1360 300008
118 1007 900002
966 1264 700004
563 1089 700004
166 483 1000001
724 968 400007
268 1432 800081
500 1498 500006
312 1148 300031
315 1291 900091
577 1025 700071
852 1104 800081
626 890 200009
1081 1496 300008
196 798 300008
306 699 600061
1102 1253 200009
112 1357 300031
552 1452 700071
353 1387 1000101
538 1221 200009
773 869 600061
318 1420 1000001
866 1479 300031
66 1313 1000001
528 1447 900091
203 1487 800081
179 744 900002
621 1486 1000101
911 972 700004
106 1323 700004
174 1373 500051
277 1163 600005
234 1008 1000101
210 708 100011
682 1493 600061
76 532 500006
185 658 400041
773 801 500051
44 691 300031
802 898 1000101
538 1402 100010
619 1150 900002
357 699 600061
392 1064 700004
145 806 400041
1182 1316 500051
60 1359 600061
921 1481 1000001
146 308 300031
5 801 900002
666 1064 100010
12 1394 400041
487 1382 700071
452 856 900091
605 616 600005
629 969 800081
199 290 100010
249 575 500006
742 972 300031
750 1477 1000101
609 1149 1000101
976 1425 200021
343 1041 100010
196 1007 300031
336 553 1000101
337 925 900091
324 732 300008
422 1061 100010
99 290 600061
275 1451 200021
21 298 700071
145 1459 700071
13 1374 200009
501 1271 100010
467 875 500006
327 996 100010
61 529 900091
530 730 100010
463 693 500006
633 1405 1000101
879 1110 500006
361 659 200021
281 1117 800003
286 785 900091
928 988 500006
141 539 900002
89 364 500051
1057 1073 1000001
704 807 700004
776 1224 1000101
138 435 600005
814 925 400041
421 1363 1000001
712 1141 400007
45 810 100011
683 910 100011
727 980 800003
490 663 200009
1124 1481 200009
66 1077 800081
893 1475 600005
1026 1247 400007
404 662 500006
358 411 400007
239 489 200009
1141 1439 1000001
415 740 800003
231 1078 400041
142 679 100011
352 563 300031
98 764 800081
793 1378 1000001
280 1182 800081
275 351 900002
1136 1175 900091
459 1147 500051
977 991 500006
609 1007 900002
1126 1166 400041
106 1382 400041
313 485 900002
19 1044 600061
546 794 400007
238 326 600061
145 1002 700004
1115 1148 200021
866 1238 300031
1058 1343 600005
637 1231 800081
562 1142 1000101
118 670 700004
475 733 500006
29 1135 600005
480 1325 800081
225 783 300031
279 895 1000101
181 247 300031
682 1425 300008
960 1328 400007
110 963 700071
418 969 200009
153 933 700071
302 437 400041
903 1482 700071
9 816 500051
189 326 600061
413 1100 1000101
611 1223 100010
1318 1355 700004
544 1288 600005
138 935 400007
981 1074 500051
5 1235 100010
585 1235 200009
62 119 800081
695 1216 600061
86 247 600005
927 1024 400007
843 1078 600061
374 699 700004
832 873 300008
783 1125 700004
572 1443 1000101
685 973 600005
7 1433 300031
1112 1496 300008
45 1326 700004
214 531 800003
59 517 100010
177 337 1000001
772 1420 200021
48 579 600061
102 403 400041
243 782 1000001
193 1158 200021
579 1133 300031
678 1309 100011
744 1421 800003
512 722 800003
699 947 1000001
29 77 600061
122 937 800003
483 652 200021
588 1273 400007
540 1035 300008
681 781 400041
738 990 700071
591 1314 1000101
471 1471 800003
11 602 300031
121 752 300031
24 1493 300008
1180 1422 1000101
252 331 500006
823 1234 400041
458 1173 300008
307 678 100011
585 717 700004
388 927 300008
794 1195 900002
655 1372 600005
97 417 400007
686 699 500006
94 1139 400041
389 1289 1000101
690 1361 700004
802 1330 400041
188 1382 700004
519 1330 800081
855 1342 100010
739 1448 900091
877 1109 100010
1027 1180 400007
638 702 500006
630 746 800081
365 1140 900091
80 1097 400041
777 1236 100010
880 1111 400041
402 445 200009
40 607 100010
759 1364 100011
250 469 500051
907 980 100010
997 1437 500006
190 253 500051
115 496 300008
1131 1256 100010
287 1375 900002
93 1069 200009
827 1118 200021
1453 1456 600005
1178 1356 500051
182 1110 500006
539 974 800003
264 1411 300031
288 935 300008
340 1397 200009
761 1253 600061
1076 1195 300008
504 1182 800081
404 796 500051
284 633 600061
0 354 500006
913 1183 400041
623 936 500051
804 1351 800081
470 1032 500006
710 1140 600005
86 126 800003
970 1189 800081
458 834 800081
68 579 600061
589 1470 900091
860 1182 400041
7 993 1000001
370 808 600005
156 223 600005
620 1180 500006
123 825 1000001
5 1084 600005
62 479 200021
94 254 400007
959 1147 400041
402 1120 800081
770 938 300031
38 471 300008
29 1295 100011
1084 1350 400007
1265 1438 600061
329 524 700071
589 1040 700004
537 1267 300008
626 946 500051
121 153 100011
408 1066 800081
1340 1352 400041
138 560 400007
316 1469 500006
1039 1228 300008
440 798 100011
472 1251 500051
397 1369 600005
20 1485 100011
1099 1389 500051
642 1005 500006
105 1207 900091
270 417 200021
135 164 500006
390 435 600061
665 1494 600061
529 1149 800003
1179 1370 600005
11 1270 800081
665 1066 700004
147 853 300031
1015 1195 700071
744 759 200009
1416 1457 600005
804 1449 100010
890 1276 800081
939 1072 600005
168 996 400041
169 802 100011
755 847 400041
241 243 1000101
810 1456 600061
572 1414 500006
429 509 800081
195 412 600061
891 943 800003
502 976 200021
590 1050 500006
820 1014 200009
429 1062 400041
544 619 300031
891 1228 400041
1104 1381 400041
955 1480 400041
353 1178 500006
575 1278 100010
168 1075 1000101
277 964 300031
517 757 800081
63 111 800081
139 1220 600061
140 520 1000101
823 1196 1000001
750 1048 1000001
189 343 100010
178 979 200021
627 647 1000101
539 571 100010
673 1449 400041
787 946 400041
580 779 400007
390 606 500051
426 532 700071
573 1321 200021
1440 1469 500051
50 1199 400007
325 673 800003
9 788 400007
60 855 700004
232 1053 200009
108 183 100010
151 500 500051
357 1211 200009
15 1458 200009
32 1026 400041
361 1484 900002
172 834 300031
502 1446 900091
767 1351 1000001
754 1496 500051
662 1113 500006
1456 1466 400041
112 775 100011
416 1290 800003
667 929 700071
560 1120 600061
6 1171 500006
305 950 800003
46 167 200009
243 538 200009
434 1442 400041
244 1397 400007
1098 1402 800081
448 1229 600061
1298 1302 200021
31 692 100010
1300 1314 500051
934 1233 600061
682 1018 800081
31 88 300008
158 933 500051
224 1022 200009
494 1103 900091
245 882 800081
796 892 700004
171 1242 700004
400 970 400041
1322 1455 400007
1248 1395 1000101
766 1264 400007
651 815 200021
400 1174 600061
1092 1460 900091
1086 1118 900002
428 1171 900002
491 494 1000101
47 671 400041
997 1199 300031
542 1023 100010
772 824 1000001
850 1356 700004
119 340 700004
714 1130 900002
1136 1143 800081
460 1349 100011
79 970 800081
360 772 200009
425 1095 500006
469 801 100011
287 595 200021
548 1135 600061
1398 1459 1000101
62 232 200021
562 1482 600005
1090 1493 900091
888 1005 600005
423 1365 1000001
566 609 1000101
403 1090 600061
83 394 700004
792 877 100011
666 1059 700004
671 916 700004
755 1008 700004
809 1397 300008
57 1221 700004
331 467 900002
510 1472 700004
501 1466 500006
127 530 700071
352 388 1000001
396 1217 800003
298 1419 200021
497 1276 500051
549 703 800081
158 1177 600005
916 1235 1000101
703 1216 100010
49 1174 300031
227 1088 600005
863 1140 600061
727 1084 700071
330 1004 700071
21 970 300008
117 1079 700004
172 872 200009
15 574 700004
355 682 400041
312 1239 100011
872 1281 400007
374 1235 900091
1410 1454 800081
2 409 300008
101 400 300008
499 1083 700004
396 1090 100010
1285 1314 600061
503 1329 300008
161 238 200009
981 1220 100010
763 913 800081
951 1029 600005
565 1321 300008
507 930 100011
911 1212 1000001
787 1227 800081
162 1488 100010
932 1039 700071
417 1452 300008
67 1024 600061
292 838 800003
200 956 800003
329 481 800003
71 781 1000101
139 1151 200021
689 1241 600005
282 1288 400041
127 697 700071
92 1037 800081
599 799 800003
198 392 900002
31 416 400007
430 1488 100010
1124 1317 900091
1107 1497 400007
1063 1064 700004
120 895 200021
226 1217 700071
154 1046 700004
1301 1380 400041
368 1407 600005
449 679 400007
81 361 500051
210 1129 200009
92 1451 100011
422 1229 1000001
589 872 100010
432 630 900091
816 1358 100011
505 695 500051
575 814 1000001
1085 1087 1000101
366 755 200021
784 795 800003
340 401 100011
658 1106 100011
126 1359 200021
64 1131 400041
902 1443 700071
386 1015 900091
1072 1389 500006
390 1465 300008
136 1428 900091
138 812 100010
219 1259 300031
863 1106 600005
373 1360 100010
91 1164 700004
457 707 700004
393 1260 600061
755 914 700071
812 1228 400007
317 1313 400041
61 279 800081
57 255 400007
113 687 700071
111 204 200009
879 1093 400041
43 588 200009
861 1161 400007
63 1205 900091
739 1365 300008
107 689 600061
181 1373 600005
95 1211 100011
493 1314 1000001
783 813 900091
87 270 200009
572 641 800003
133 1370 900002
972 1306 400007
351 1034 300031
416 997 100011
481 620 500006
546 1130 800003
165 1188 100010
854 1346 300008
190 842 800081
736 916 900091
53 655 1000001
611 914 1000001
744 1001 500006
13 213 600061
417 1370 1000101
193 492 900091
1372 1488 700071
596 945 500051
358 1242 300008
524 857 400007
1229 1494 300008
865 898 400041
25 597 600005
592 1334 900091
626 855 700004
815 1152 800003
773 891 400041
527 596 100010
233 967 300031
633 1112 700071
1047 1266 100011
390 1285 1000001
21 1359 200009
257 644 200021
1209 1414 300031
697 1011 500051
493 886 400041
728 1277 800003
360 866 800003
408 987 500051
648 1257 500051
743 1361 800081
200 210 700004
74 963 700071
427 1452 700004
289 1451 100010
178 428 700004
722 1053 800003
212 863 800081
680 985 1000001
1149 1444 400041
173 1205 600005
307 428 400041
693 901 800003
1378 1473 700004
1177 1324 400007
261 1117 500051
458 1381 700004
69 473 1000101
835 1199 100011
1343 1371 700071
911 1284 400041
453 1366 1000001
656 1341 600061
36 730 800081
435 1449 200009
99 1449 700071
705 985 1000001
803 828 300008
1144 1306 400041
280 1055 500051
76 1401 100011
957 1000 300008
204 943 200021
621 1282 500006
194 1054 300008
422 1092 800003
385 1331 700004
269 369 100011
817 851 400007
502 1066 600005
215 1381 100011
885 1288 700071
510 962 600005
130 1225 800081
296 1485 500006
938 1100 500006
1249 1415 500006
879 1369 1000001
311 736 600061
1091 1425 100010
31 1464 400007
1339 1450 700071
385 1172 400007
422 1007 600061
489 1155 500006
168 647 300031
604 684 800003
209 828 700004
603 767 700071
931 1283 300031
762 1368 100011
322 1096 500051
282 299 600005
589 607 500051
37 999 400041
463 787 700004
439 808 800081
711 876 900091
812 998 500006
338 1201 700071
1269 1466 500051
272 1242 500006
213 796 900091
309 1132 200021
497 742 100010
290 509 800081
215 841 800081
434 1394 200009
746 967 300008
402 1484 400007
878 1260 900002
1288 1353 400041
216 1153 400041
622 751 600061
1019 1463 100010
762 1004 800081
528 1072 900091
703 827 900091
302 887 100010
116 1392 400041
945 984 600005
1194 1464 500051
344 396 400007
148 1210 200009
156 1300 700071
858 1365 1000101
339 1108 1000101
1130 1159 200021
1380 1474 800003
33 536 600005
888 1213 1000001
755 1099 1000001
45 949 1000001
35 719 1000001
385 1258 500006
70 396 800081
635 1365 800081
66 1166 800081
646 734 400041
297 1095 800003
252 1137 700004
452 740 600061
535 957 200009
245 444 200009
538 1431 100011
59 252 400007
580 789 400007
156 839 100011
464 1016 800003
744 1120 900002
763 1073 600005
79 1177 600005
116 1363 1000101
22 219 500051
131 227 600005
206 1014 200009
36 1455 400007
718 1169 300031
824 976 800003
144 1161 900091
484 799 900002
1045 1423 500006
532 1475 400041
1191 1425 1000101
631 1053 500051
1237 1270 800081
690 871 100010
546 1453 400007
63 1236 900091
67 1066 500006
1169 1393 300031
82 1025 200021
1127 1201 200009
1071 1186 500051
211 891 100010
168 953 900002
123 149 800081
181 1232 400041
93 315 400007
196 1167 100011
78 1037 500051
602 1305 1000001
309 590 1000001
1063 1296 800081
133 318 600005
767 1224 200009
752 906 400041
221 500 900002
125 985 200009
951 1212 600005
567 758 1000001
122 1195 200009
111 1020 1000001
223 914 500051
481 855 100010
68 1290 100011
1069 1446 700071
271 389 800081
944 1424 800003
353 1232 500051
988 1023 800081
808 1140 900091
1047 1070 200021
699 1093 200021
99 835 1000101
268 948 700004
749 943 100011
256 700 300031
885 1487 100010
297 624 800081
599 664 1000001
625 1303 1000001
442 883 500051
35 1061 700071
1123 1255 900091
702 1407 500006
407 736 500006
793 1131 600061
203 332 1000101
961 1415 900002
193 549 1000001
194 586 700004
1063 1449 700004
569 857 700004
785 967 700071
117 1438 800081
980 1222 500006
468 641 800003
514 1416 300031
790 885 500051
920 1241 200009
302 505 400007
542 1018 200009
605 1001 200009
1096 1438 700004
209 645 500006
1160 1459 700071
542 1082 300031
162 258 800003
871 1222 900002
62 1323 500006
839 918 900002
250 414 100011
111 247 100010
96 357 700004
7 942 400007
34 447 100011
154 1132 1000001
645 745 300008
1049 1263 1000001
159 616 400007
810 966 700004
318 591 500051
86 1050 400007
522 1389 600061
393 1114 700071
250 952 700071
932 1171 900002
1054 1133 1000101
88 253 400041
1188 1412 700071
444 1375 600061
603 1178 800081
217 1236 200021
746 1243 900002
260 1110 600061
473 774 400041
377 1401 300008
305 1232 200021
262 819 500051
919 1483 300008
206 536 700071
1000 1176 500051
1184 1488 300008
1313 1453 1000101
579 1168 200009
1029 1077 800003
623 1487 300008
635 1481 300031
1238 1244 100010
1225 1326 400041
41 1486 500006
492 1184 300008
136 1047 500006
824 1026 500051
901 1426 900091
568 871 600061
1274 1381 700071
74 1423 900002
610 1489 200009
230 886 400041
45 1325 300008
31 941 1000101
354 966 300031
144 375 400007
678 1099 700004
1164 1414 600061
46 378 500051
262 402 800003
1136 1405 800081
1249 1250 900002
390 1106 700071
178 1144 300031
22 141 200009
1105 1108 600005
618 1017 300008
415 1067 900002
1060 1108 100010
130 651 500051
398 1485 400041
934 1209 100010
708 1271 900091
333 920 400041
795 1228 500006
249 1437 600061
206 464 600061
81 922 700071
724 1445 700004
338 609 1000101
681 885 1000101
408 725 500006
9 1047 800081
172 410 100011
562 1108 400007
598 1265 900002
551 1322 400007
375 821 600061
0 448 1000001
30 368 900091
909 1407 500051
774 817 300008
781 940 300008
222 1011 400007
1242 1367 100011
27 1365 1000101
