COORDS
1889 5 63307
1488 14146
1520 4180
1520 8404
1520 9262
1520 11792
5968 4620
5968 6490
5968 7040
5968 7480
5968 8448
6064 9108
6160 9108
6256 9108
6336 9108
6416 9108
6528 9108
6608 9108
6768 9108
6880 9108
6976 9108
7088 9108
7248 9108
7280 9636
7280 10956
7280 12188
7280 12628
4720 4180
4848 4400
5008 4400
5104 4400
17520 5126
17520 7392
17584 7920
17776 9526
17776 14234
17936 5016
17936 5940
17936 6710
18064 7920
18192 8690
18192 14234
18304 7920
18352 4180
18352 5852
18416 7920
18560 7920
18608 8580
18608 14234
18704 7920
18768 5962
880 4180
880 8404
880 9152
880 11968
1008 12188
1040 14036
1040 14476
5040 10472
5040 14278
5072 9504
5168 9504
5264 9504
5360 9504
5456 4290
5456 4840
5456 6600
5456 7040
5456 7480
5456 8646
10544 14476
10720 14256
10848 14256
10928 4400
10928 6050
10928 7964
10928 9328
10928 10384
10928 11110
10928 12188
10976 14036
11056 14036
11168 14036
11344 14036
11632 14036
11840 14036
11984 14036
12160 14036
12368 14036
12576 14036
12816 14036
13120 14036
13456 14036
13648 14036
13760 14036
13888 14036
16496 8888
16496 9636
16496 10406
16496 12848
16496 14036
16560 7502
7632 9416
7632 9944
7632 10956
7632 12188
7632 12628
7632 14476
7728 4840
7728 5940
7728 6490
7728 7260
7728 8448
16208 7612
16208 8360
16208 8888
16208 9328
16208 10626
16208 12848
16208 14036
16272 4180
464 4400
464 8404
464 8932
528 9152
592 9372
592 14036
592 14476
5392 10626
5520 4290
5520 4840
5520 6600
5520 7040
5520 7480
5520 8228
5680 4620
5856 4620
6160 4620
6272 4620
6368 4620
6528 4620
6608 4620
6768 4620
6880 4620
6976 4620
7088 4620
7248 4620
7344 4620
7568 4620
7664 4290
7936 4620
8032 4620
8144 4620
8224 4620
8304 4620
8400 4620
8496 4620
8624 4620
8784 4620
8944 4620
9072 4620
9296 4620
9600 4620
9712 4620
9792 4620
9920 4620
10080 4620
10192 4620
10320 4620
10496 4620
10608 4620
4176 4180
4176 4620
4176 5148
4176 8536
6608 6490
6608 7040
6608 7480
6704 10956
7248 6490
7248 7040
7248 7480
7344 5940
7568 5940
7936 5940
8032 5940
8144 5940
8240 5940
8304 5940
8400 5940
8496 5940
8624 5940
8784 5940
8880 5940
8976 5940
9072 5940
9184 5940
9376 5940
9600 5940
9712 5940
9792 5940
9920 5940
10080 5940
10192 5940
10320 5940
10496 5940
10608 5940
10672 5940
10752 5940
11008 5940
11088 5940
11184 5940
11328 5940
11472 5940
11504 4400
11504 8294
11504 10956
11504 12078
11776 12408
11984 12408
12192 12408
12368 12408
12496 12408
12672 12408
12816 12408
12976 12408
13120 12408
13440 12408
13648 12408
13760 12408
13888 12408
14048 12408
14192 12408
14320 12408
14464 12408
14544 13068
14544 14146
14672 12848
14784 12848
14992 12848
15120 12848
15344 12848
15568 12848
15696 12848
15856 12848
16016 12848
16112 12848
16272 12848
16560 12848
16720 12848
16960 12848
17072 7502
17072 8470
17072 9416
17136 5104
17200 4180
1840 4400
1840 8888
1904 11132
1936 11660
1936 14146
2032 13596
2240 13596
2352 13596
2496 13596
2640 13596
2800 13596
2912 13596
3072 13596
3200 13596
3344 13596
10832 8184
10832 11110
10832 12298
11616 5720
11760 5720
11888 5720
12064 5720
12176 5720
12240 5720
12272 4180
12272 4620
1648 8404
1728 8624
1904 9152
6256 6490
6256 7040
6256 7480
6288 10252
6288 10956
14608 14036
14672 14036
14800 14036
14992 14036
15120 14036
15344 14036
15440 14036
15568 14036
15632 14036
15696 14036
15856 14036
16016 14036
16112 14036
16272 14036
16560 14036
16720 14036
16880 14036
16976 4796
11168 10384
11312 10384
11344 4400
11344 8184
6864 6490
6864 7040
6864 7480
6992 10384
7120 10956
7168 12188
7760 12188
7936 12188
8048 12188
8176 12188
8352 12188
8432 12188
8576 12188
8656 12188
8720 12188
8928 12188
9168 12188
9312 12188
9392 12188
9504 12188
9680 12188
9808 12188
9872 12188
10000 12188
10144 12188
10224 12188
10336 12188
10480 12188
10576 12188
11168 12188
11312 12188
11408 12188
11632 4620
11632 6380
11632 7744
11632 11660
17200 8360
17232 7612
1968 4400
1968 8888
2160 9592
2352 10032
2352 10472
816 4180
816 8404
816 9152
816 9812
4496 4180
4496 4730
4496 8800
4496 10362
4496 14168
7760 12628
7936 12628
8048 12628
8176 12628
8352 12628
8432 12628
8576 12628
8656 12628
8720 12628
8864 12628
10768 5500
16336 8360
16336 8888
16336 9328
16336 10626
16400 7612
6320 7480
1168 4180
1168 8404
1168 9152
1200 11352
1296 11352
1360 11352
1424 11352
1600 13816
1808 13816
2992 14256
6416 6490
6416 7040
6416 7480
8240 5500
8304 5500
8400 5500
8496 5500
8624 5500
8784 5500
8880 5500
8976 5500
9072 5500
9184 5500
9376 5500
9600 5500
9712 5500
9792 5500
9920 5500
10080 5500
10192 5500
10320 5500
10496 5500
10608 5500
10672 5500
11056 4400
16624 10406
16688 7502
16688 8206
15280 4180
15280 5016
15280 6930
15280 8778
15312 9746
15312 10296
15312 10846
15312 14476
3472 9372
3504 10472
3504 14388
208 4400
208 9042
320 9372
656 8932
752 8932
944 8932
1024 8932
1296 8932
1360 8932
1424 8932
1616 8932
2288 8932
2384 8932
2528 8932
2640 8932
2800 8932
2864 8932
2960 8932
3056 8932
3248 8932
3344 8932
3536 9592
3696 9592
3920 9592
4080 9592
4288 9592
4400 10362
4400 14168
8240 6490
8240 7040
8304 7788
8400 7788
8496 7788
8624 7788
8816 7788
8976 7788
9104 7788
9216 7788
9392 7788
9520 7788
9616 7788
9744 8668
9744 9768
9744 11110
9744 11660
9744 14476
9200 14476
9232 7260
9296 4180
9296 6490
9296 7040
6992 6490
6992 7040
6992 7480
11760 6380
11888 6380
12064 6380
12176 6380
12240 6380
12352 6380
12432 6380
12512 6380
12592 6380
12688 6380
12800 6380
12880 6380
12960 6380
13104 6380
13168 6380
13248 6380
13376 6380
13456 6380
13536 6380
13616 6380
13744 6380
13888 6380
14032 6380
14160 6380
14352 6380
14464 6380
14544 6380
14608 6380
14640 4180
14640 5016
10160 8668
10160 11000
10160 14476
10320 7920
10448 7920
12016 7920
12096 7920
12208 7920
12352 7920
12512 7920
12656 7920
12800 7920
12880 7920
12960 7920
13088 7920
13360 7920
13456 7920
13536 7920
13616 7920
13744 7920
13888 7920
14000 7920
14064 7920
14176 7920
14416 7920
14688 7920
14736 6600
13440 9108
13808 4290
13808 4840
13808 7150
3760 4180
3760 4620
3760 5148
3760 9152
3760 10142
3760 14278
4688 8316
4752 8316
4816 4840
4816 7480
4816 8008
8848 7040
8848 10252
8848 14476
8944 6820
8976 4180
9808 4180
9808 6490
9808 7150
7120 6490
7120 7040
7120 7480
7152 10076
4016 4180
4016 4620
4016 5148
4016 9152
4080 10252
4080 14278
10032 4180
10032 6490
10032 7150
10112 7480
10192 7480
10320 7480
11856 13288
5264 10626
5552 9284
5680 9284
5744 9284
5776 6490
5776 7040
5776 7480
6512 6490
6512 7040
6512 7480
6576 9636
6576 10956
1328 14476
1392 14256
2624 14256
2800 14256
2912 14256
3184 14256
3376 10692
3568 4180
3664 4180
3920 4180
8784 4180
9072 4180
9600 4180
9712 4180
9920 4180
10192 4180
10256 4180
11200 4180
11856 4180
12064 4180
12176 4180
12384 4180
12512 4180
12592 4180
12672 4180
12800 4180
12880 4180
12960 4180
13104 4180
13168 4180
13248 4180
13376 4180
13456 4180
13536 4180
13888 4180
14032 4180
14160 4180
14368 4180
14544 4180
14880 4180
15008 4180
15440 4180
15632 4180
15744 4180
15824 4180
15920 4180
16080 4180
16160 4180
16336 4180
16560 9636
17520 9636
17616 9636
8368 9944
8368 10956
8368 13816
8368 14476
8464 6490
8464 7040
4240 14278
8048 6490
8048 7040
8048 8558
8144 9328
8176 9944
8176 10956
8176 13926
8176 14476
1616 11792
9504 10472
9584 6490
4816 10472
4816 14168
4912 9284
5232 4840
5232 6600
5232 7480
5232 8008
5232 9064
9328 14476
9376 9636
8912 9636
9008 7150
5552 10362
5552 11000
5584 8668
5648 6600
5648 7040
5648 7480
5648 8228
9968 6490
9968 7150
10000 8778
10000 11000
10000 14476
5584 6600
5584 7040
5584 7480
5680 10362
5680 11000
5856 8668
7312 8668
7424 8668
7568 8668
7792 8668
7920 8668
8624 6490
8624 7040
7424 9944
7760 9944
8048 9944
8432 9944
8528 9944
7952 6490
7952 7040
8560 10956
8560 14366
8656 8998
6992 11748
17968 9416
8656 10252
8720 10252
9104 10252
18256 4180
18256 5852
18288 14234
18064 5632
9072 6490
9072 7150
9392 14476
8976 14476
10096 8668
14208 8668
14320 8668
14864 5016
14864 6710
14864 8448
7664 7480
18144 6292
9504 11660
9808 14476
14352 5016
14464 5016
14544 5016
15008 5016
15440 5016
15680 5016
15824 6600
15824 7612
15824 8448
15824 9108
15824 9856
15824 10626
15824 14476
1040 4180
1040 8404
1040 11660
1104 11880
1168 11880
1200 14036
1200 14476
5872 10890
5936 9416
5936 10252
10480 9218
10480 9856
10480 11000
14256 9482
14256 10912
14256 11660
14256 13442
14256 14366
14320 10296
14416 10296
14496 10296
14768 10296
14944 10296
15040 10296
15120 10296
15248 10296
15568 10296
16016 10296
16112 10296
16272 10296
16560 10296
16736 10296
16848 4180
16848 7392
8400 6490
8400 7040
8432 10956
11920 4620
10352 9218
10352 9856
10352 11000
10352 14476
12624 10582
12624 11220
12624 11660
12688 4840
5008 4840
5008 7480
5008 8008
11168 11220
11360 11220
11984 11220
12176 11220
12352 11220
12496 11220
12816 11660
12816 13222
12816 14476
13136 7260
13136 10318
13136 11396
13136 13222
13168 7040
13248 7040
13376 7040
13456 7040
13536 7040
13616 7040
13888 7040
14000 7040
9712 7260
11376 12848
7568 6490
7568 7040
7568 7480
7872 14476
8048 14476
8112 14476
8720 14476
9504 14476
9872 14476
10224 14476
18768 8580
18768 14234
18912 8360
19024 6512
12496 4840
7984 10956
8784 6490
5104 4840
5168 4840
12016 4620
12464 9988
12464 10472
12464 11660
11184 12848
11056 12848
656 4180
720 9812
720 14036
720 14476
15760 6600
15760 7612
12096 7128
12240 10472
7312 6490
7312 7040
7312 7480
13888 9328
14320 9328
14416 9328
14832 11044
14832 11660
2928 9812
2928 10472
2992 9592
3120 9592
3216 9592
5136 14388
1424 8404
848 14036
848 14476
6768 6490
6768 7040
6768 7480
6832 10956
18832 6512
18928 6512
11984 13596
13456 13596
13648 13596
13760 13596
13888 13596
14032 13596
14064 11286
1808 11550
6160 6490
6160 7040
6160 7480
6192 10252
6192 10956
7760 10956
7440 7040
7440 7480
12368 10472
12368 11660
12592 4840
15920 6600
15920 7612
12240 11660
12336 4620
14416 10912
14416 11660
17584 14234
12432 4840
17776 6094
14320 13816
14320 14366
16624 7502
16624 8206
16624 9042
13264 4840
17648 8800
18416 4180
18416 5852
18416 8580
944 4180
944 8404
1104 14036
1104 14476
14320 10912
14320 11660
14320 13068
18832 5962
14800 7040
12880 4840
12880 10318
12880 11660
17392 4290
17424 5126
15120 7260
15120 8778
15120 9746
15120 10736
12176 4620
15008 6820
15440 6820
8048 10956
8144 6490
8144 7040
13264 14476
13776 10208
13776 11286
14032 14256
15184 14476
11984 11660
8304 6490
8304 7040
12784 4840
12784 10098
18704 8580
18704 14234
12960 10252
13440 10252
13616 4840
13616 9944
3920 4620
4624 4620
4752 7480
4752 10472
4752 14168
3632 14168
3920 14168
4176 14168
4624 10362
4656 14168
4368 8536
4432 8536
8720 9636
8720 10956
13680 10472
13680 11286
16080 9856
16144 8360
16144 8888
13840 10208
13840 11286
15440 8888
15440 9856
15056 8778
15056 9746
15056 10736
4176 10252
14928 11044
14928 11660
16272 8360
16272 8888
16272 9328
17328 4180
13552 4840
6352 6490
6352 7040
16464 8206
5168 10472
5744 11000
13168 4840
7792 7480
18864 14234
12976 4840
12976 11132
12976 12848
16016 8360
5376 8228
15632 7612
16016 7612
16080 7612
5840 6490
5840 7040
5840 7480
5840 10252
5936 11000
528 4180
528 8404
2256 10472
4688 7480
13456 4840
15248 9746
15248 10736
15568 10956
15696 10956
2032 4400
15376 8668
15568 8668
13360 4840
5104 8008
5168 8008
5104 6600
5168 6600
6064 6600
9712 6600
16016 9328
16016 9856
5360 7480
13104 4840
13888 4840
14000 4840
5776 10252
18608 5852
6064 10692
8656 10692
3920 10252
6064 10252
6064 7040
6064 7480
17136 7920
5104 7480
5168 7480
1296 8404
1360 8404
2544 8404
2640 9812
2640 10472
2128 4180
2448 10472
3184 10472
3664 10912
15568 9856
11536 12848
3920 5148
3920 9152
3024 10472
10224 11000
2784 9372
2832 9812
2832 10472
2000 11660
1296 4180
1392 12012
12944 14476
18128 5852
18544 5852
1488 12903
1504 12232
1520 6292
1520 10582
6688 9108
7280 13761
17520 6314
17776 11935
18192 11517
18352 5016
18352 7007
18608 11407
18768 4807
18768 7117
880 6292
880 10670
932 12188
1040 12991
5040 12430
5456 5720
10928 13343
12928 14036
13312 14036
10928 14124
16496 11682
16560 5577
7632 13552
16208 5885
16208 11902
16240 4400
464 6402
592 11704
5392 12947
5520 5720
6688 4620
7472 4620
4176 6842
6656 9328
6704 9889
6704 13057
7195 9328
7472 5940
7648 5940
12896 12408
13312 12408
13536 12408
14596 12848
15216 12848
15472 12848
14544 12650
17072 6127
17072 11363
17072 13926
17072 13002
1840 6402
1840 10373
1936 12749
3440 14300
3440 13772
10832 10164
10832 13442
1648 6083
1904 10252
1904 12738
6272 9328
6288 13057
15216 14036
16912 11242
16912 14520
16912 14190
16976 6094
10896 13332
8256 12188
7120 13596
7120 12342
12896 12188
13312 12188
13536 12188
14603 12188
17200 12265
17264 5786
1968 6402
2352 12034
816 6292
816 11011
955 11968
1008 13112
4496 6688
4496 12320
4624 14564
7216 13816
8256 12628
7216 12804
10768 10164
10864 13321
16336 11902
16400 5687
6304 7260
6320 13057
1168 6292
1168 10483
1456 13035
6400 5500
6416 9900
6416 13057
6688 5500
7472 5500
7648 5500
16624 11682
16688 5577
15280 5808
15296 9328
15312 11902
3472 6457
3488 9812
3504 12650
208 6666
368 12188
368 9548
384 8932
2720 8932
3136 8932
3440 6292
3840 9592
4000 9592
3440 8778
4400 12320
9744 13552
9200 13552
7008 9856
7039 11440
7056 13222
7056 11616
10800 10164
10800 13442
14640 5819
10160 10054
10160 13552
14592 7920
14736 5808
14736 7381
10960 13222
13328 9108
13536 9108
13808 5610
3760 7150
3760 12210
4560 12320
4816 6160
8848 13552
9648 13552
7184 13541
4016 7150
4048 9372
4080 12210
5264 12947
15216 13596
6576 13057
3216 12023
3216 14454
3536 4092
3536 6545
3840 4180
6688 4180
7472 4180
13840 4092
15136 4180
15520 4180
16368 4092
16368 5775
17936 11814
4240 6842
4240 12210
1456 4092
1616 6171
1616 10692
1616 12804
9136 13552
9408 10472
4816 12430
5232 5720
9328 13552
8912 13552
5552 12947
5648 5830
9984 7480
10000 10164
10000 13552
5584 5720
5584 12947
5680 12947
6688 8668
8224 8668
7344 13761
8256 9944
7312 13761
7520 9416
8560 13442
6992 13321
17712 6061
17968 11825
8592 13442
18256 5016
18272 6072
18288 6875
18288 11517
9232 13552
18064 6776
18064 11517
18128 4488
18128 5148
8880 13552
9168 13552
9392 13552
8976 13552
9008 13552
9296 13552
13328 8668
13536 8668
14592 8668
14864 5808
14864 7634
7664 13552
18096 6985
18096 11517
18192 5016
1200 6292
1200 10362
1584 12804
18160 7106
18160 11517
18224 5016
9808 13552
15136 5016
15520 5016
15824 5687
15824 11902
15856 5016
1040 6292
1040 10626
1200 12837
5872 12947
5904 10472
10480 13552
13328 8888
13536 8888
14608 10296
15472 10296
16784 11451
16848 5786
8416 9548
8432 13552
10352 13552
10400 8888
5008 6160
5040 8228
5072 12430
17680 6204
17904 11935
3280 6347
3296 9152
3312 12144
9904 10164
11952 10131
7584 9108
7600 13673
7600 14564
10768 14564
18768 11407
19024 5027
19024 7667
8224 9108
9552 13552
6688 4840
7472 4840
7648 4840
12411 9548
6688 4400
7472 4400
10384 13552
656 6292
720 11924
15760 5808
15760 11902
15792 4708
7200 9636
7472 13761
12443 7128
176 6666
336 12133
6688 5060
7472 5060
7648 5060
10992 13222
6688 5280
7472 5280
7648 5280
7344 9108
7376 13761
3728 7150
3728 12210
13328 9328
13536 9328
13744 5610
14592 9328
10448 13552
2928 12034
3408 6347
4976 6160
4976 12430
5168 14520
1424 6083
1424 10362
1648 12683
10112 9328
10128 10043
10128 13552
688 6292
848 10769
848 13002
15728 14564
15984 14564
9936 10164
9936 13552
6800 9548
6832 13057
10064 10043
10064 13552
5264 5720
5296 8448
5328 12947
4896 5368
4912 6303
4912 12430
9712 13552
18800 7205
18800 11407
19152 5082
19152 6336
12928 13596
13312 13596
14064 5280
1488 6292
1808 10395
1808 12738
4528 6567
4528 12320
6176 9328
6192 13057
7760 13552
8816 13552
6608 13057
9104 13552
7024 13376
7024 11924
9680 13552
7408 6820
7440 13761
10736 10164
10736 13442
15888 11902
15904 7832
15920 5390
12288 11440
12336 5390
17520 12265
17616 6204
17584 11935
17648 6204
624 6292
1776 10516
1776 12738
17840 11935
14128 5280
16656 11682
18000 6930
16560 11682
16592 9416
16624 5577
13264 5610
10032 10164
10032 13552
17616 11935
18363 8800
18416 5016
18416 6886
944 6292
1104 10505
1104 12958
12928 13288
13312 13288
17648 11935
18832 4807
18832 7447
14768 7623
14832 5808
12880 5610
7376 7260
7408 13761
17408 4708
17424 6314
17424 12265
10512 13552
15120 11792
15172 7040
15312 5808
16496 5522
16496 7216
17872 11935
7152 13541
18032 6809
18032 11517
15136 6820
15520 6820
15664 5808
17296 6193
17296 12265
16528 5577
17328 12265
8096 9636
13332 14256
13776 5610
9520 13552
9536 7260
11984 10274
8320 9328
12068 10472
12784 5610
18704 6875
18704 11407
18864 4807
13328 10252
13547 10252
13616 5610
17808 11935
3840 4620
4752 5929
4752 12430
3840 14168
4624 6314
4624 12441
4080 6963
4848 12430
1712 6083
1712 10637
1840 12738
8720 13552
13584 14564
13680 5610
15248 14564
15472 14564
16080 11902
16144 5896
14160 5280
17040 11242
17040 13871
17104 6248
15344 11902
15440 5808
15440 7634
15056 11792
15344 5808
4176 12210
4192 9812
4208 6842
18224 11517
18320 5016
18320 6886
14992 5808
14992 7634
16272 11902
16304 7832
16336 5896
9488 13552
16944 5973
16944 11242
16944 13871
17072 4092
17072 4466
17488 4092
13504 8448
13552 5610
14704 5808
15024 11825
10320 13552
10576 13442
6368 9328
6384 9889
6384 13057
13312 11660
13536 11660
14624 11660
16368 11902
16464 5687
4368 6842
5744 12947
13168 5610
16720 5577
17136 12265
18864 7425
18864 11407
19056 5027
12907 13068
12976 5610
13312 13068
15952 5390
17456 12265
5296 5720
6688 8228
8224 8228
15600 5808
16752 11572
5936 12947
528 6292
2256 12034
5968 12947
4688 6050
5488 12947
13456 5610
14928 5808
14944 7040
14960 7623
4432 6688
5520 12947
15248 5808
15472 10956
16464 11781
1776 4202
2064 6281
2064 11594
14896 5808
14896 7634
15792 11902
14560 7260
13360 5610
13392 8360
4560 6435
6688 8008
8224 8008
9968 10164
9968 13552
5040 5841
6688 6600
7472 6600
7648 6600
15136 6600
15520 6600
16016 11902
16016 14564
16032 14476
16048 14564
4928 5060
4944 6149
4944 12430
14592 8448
15856 11902
5328 5720
5344 6820
5360 12947
12368 5379
14032 5489
15216 13816
5760 9592
5776 12947
9040 13552
4848 6160
4864 8228
4880 12430
18576 6875
18576 11407
18592 6072
18608 4807
16816 5665
16816 11242
16880 4092
2864 6347
2880 9152
2896 12034
18928 7546
18928 11407
18992 4862
18992 5896
6496 10692
8256 10692
9403 10692
9456 13552
15696 5808
15696 11902
16880 5819
16880 11242
16911 4488
16944 4070
16944 4312
3216 6347
3840 10252
6352 13057
13904 5610
6116 11220
6496 11220
8256 11220
9819 11220
9872 13552
17104 12265
17168 6248
17168 12265
17232 5786
4656 6171
6688 7480
6688 8888
8224 8888
10288 13552
17744 11935
9616 13552
17232 12265
17328 6314
18896 7546
18896 11407
19088 4972
19088 6116
304 12133
372 8404
2455 8404
2512 6028
2512 8228
2640 12034
5680 5841
6688 6380
7472 6380
7648 6380
10704 10164
10704 13442
4304 6842
4304 12210
2128 6292
2448 12034
3184 12034
3568 6666
3664 12540
5424 5720
6688 7040
7648 7040
15568 11902
15600 7832
15632 5808
16112 11902
16176 5896
5392 5720
6688 8448
8224 8448
4592 6314
4656 12320
3920 7150
3920 12210
14192 5280
2384 6083
2432 9372
2480 12034
2928 6347
3024 12034
5168 5720
6496 11000
8256 11000
9824 11000
2544 6083
2832 12034
1808 6402
2000 10626
2000 12628
2000 4092
2192 6171
2192 12034
11264 9548
8656 13552
1008 6292
1008 10747
1168 12958
1296 6292
1296 10362
1392 13024
1360 6083
1360 10362
1552 12793
2032 6402
2224 12034
592 6292
752 11924
1744 6083
1744 10516
2032 12507
4336 12210
5104 5720
2096 6292
2288 12034
3056 6347
3088 9152
3120 12034
3248 6347
3840 10032
3995 10032
4048 12210
3472 14520
3840 14388
4272 6842
4272 12210
4368 14520
17552 14443
18416 14234
2544 12034
2960 6347
12896 14256
13232 14564
13360 14564
12752 14564
13008 14564
8256 13816
2992 6347
3056 12034
2640 4092
2720 4180
2800 6435
2800 12034
17136 6248
17264 12265
16784 5577
17008 11242
17008 13871
3088 12034
3344 6347
2288 6083
2715 9152
2768 12034
3344 12133
3696 7150
1936 6402
2459 8712
2512 12034
16432 5687
16976 11242
16976 13871
16080 5896
16720 11572
3376 12254
3840 9152
4048 7271
3632 7029
3632 12540
3840 5148
15728 5808
16688 11561
15376 5808
15376 7634
16432 11902
13392 5610
12816 5610
13328 10472
13552 10472
13104 5610
13312 11352
13536 11352
12800 10692
13328 10692
13547 10692
13232 5610
13316 10912
13536 10912
13328 9944
13536 9944
13520 5610
14592 8228
12944 5610
13312 11132
13536 11132
15024 5808
15024 7634
15472 10736
16400 11902
17552 6314
18992 11286
14672 5808
16144 11902
14592 9108
14880 9108
15920 11902
400 14520
485 14036
928 14036
1296 14036
400 14212
432 14564
500 14476
928 14476
2672 14564
14592 8888
14880 8888
15952 11902
13872 5610
14592 9636
15376 11902
15392 14256
12896 12848
13312 12848
10224 10153
10224 13552
17712 11935
18128 7106
18128 11517
17360 6314
17360 12265
18160 4092
18491 4180
18544 4895
18544 6886
18544 11407
13968 9108
14000 5610
18096 4543
18688 5852
18960 7546
18960 11407
13712 5610
2160 6292
3600 12540
17392 6314
