COORDS
5934 1 1108140
1488 14146
1520 4180
1520 8404
1520 9262
1520 11792
5968 4620
5968 6490
5968 7040
5968 7480
5968 8448
6064 9108
6160 9108
6256 9108
6336 9108
6416 9108
6528 9108
6608 9108
6768 9108
6880 9108
6976 9108
7088 9108
7248 9108
7280 9636
7280 10956
7280 12188
7280 12628
4720 4180
4848 4400
5008 4400
5104 4400
17520 5126
17520 7392
17584 7920
17776 9526
17776 14234
17936 5016
17936 5940
17936 6710
18064 7920
18192 8690
18192 14234
18304 7920
18352 4180
18352 5852
18416 7920
18560 7920
18608 8580
18608 14234
18704 7920
18768 5962
880 4180
880 8404
880 9152
880 11968
1008 12188
1040 14036
1040 14476
5040 10472
5040 14278
5072 9504
5168 9504
5264 9504
5360 9504
5456 4290
5456 4840
5456 6600
5456 7040
5456 7480
5456 8646
10544 14476
10720 14256
10848 14256
10928 4400
10928 6050
10928 7964
10928 9328
10928 10384
10928 11110
10928 12188
10976 14036
11056 14036
11168 14036
11344 14036
11632 14036
11840 14036
11984 14036
12160 14036
12368 14036
12576 14036
12816 14036
13120 14036
13456 14036
13648 14036
13760 14036
13888 14036
16496 8888
16496 9636
16496 10406
16496 12848
16496 14036
16560 7502
7632 9416
7632 9944
7632 10956
7632 12188
7632 12628
7632 14476
7728 4840
7728 5940
7728 6490
7728 7260
7728 8448
16208 7612
16208 8360
16208 8888
16208 9328
16208 10626
16208 12848
16208 14036
16272 4180
464 4400
464 8404
464 8932
528 9152
592 9372
592 14036
592 14476
5392 10626
5520 4290
5520 4840
5520 6600
5520 7040
5520 7480
5520 8228
5680 4620
5856 4620
6160 4620
6272 4620
6368 4620
6528 4620
6608 4620
6768 4620
6880 4620
6976 4620
7088 4620
7248 4620
7344 4620
7568 4620
7664 4290
7936 4620
8032 4620
8144 4620
8224 4620
8304 4620
8400 4620
8496 4620
8624 4620
8784 4620
8944 4620
9072 4620
9296 4620
9600 4620
9712 4620
9792 4620
9920 4620
10080 4620
10192 4620
10320 4620
10496 4620
10608 4620
4176 4180
4176 4620
4176 5148
4176 8536
6608 6490
6608 7040
6608 7480
6704 10956
7248 6490
7248 7040
7248 7480
7344 5940
7568 5940
7936 5940
8032 5940
8144 5940
8240 5940
8304 5940
8400 5940
8496 5940
8624 5940
8784 5940
8880 5940
8976 5940
9072 5940
9184 5940
9376 5940
9600 5940
9712 5940
9792 5940
9920 5940
10080 5940
10192 5940
10320 5940
10496 5940
10608 5940
10672 5940
10752 5940
11008 5940
11088 5940
11184 5940
11328 5940
11472 5940
11504 4400
11504 8294
11504 10956
11504 12078
11776 12408
11984 12408
12192 12408
12368 12408
12496 12408
12672 12408
12816 12408
12976 12408
13120 12408
13440 12408
13648 12408
13760 12408
13888 12408
14048 12408
14192 12408
14320 12408
14464 12408
14544 13068
14544 14146
14672 12848
14784 12848
14992 12848
15120 12848
15344 12848
15568 12848
15696 12848
15856 12848
16016 12848
16112 12848
16272 12848
16560 12848
16720 12848
16960 12848
17072 7502
17072 8470
17072 9416
17136 5104
17200 4180
1840 4400
1840 8888
1904 11132
1936 11660
1936 14146
2032 13596
2240 13596
2352 13596
2496 13596
2640 13596
2800 13596
2912 13596
3072 13596
3200 13596
3344 13596
10832 8184
10832 11110
10832 12298
11616 5720
11760 5720
11888 5720
12064 5720
12176 5720
12240 5720
12272 4180
12272 4620
1648 8404
1728 8624
1904 9152
6256 6490
6256 7040
6256 7480
6288 10252
6288 10956
14608 14036
14672 14036
14800 14036
14992 14036
15120 14036
15344 14036
15440 14036
15568 14036
15632 14036
15696 14036
15856 14036
16016 14036
16112 14036
16272 14036
16560 14036
16720 14036
16880 14036
16976 4796
11168 10384
11312 10384
11344 4400
11344 8184
6864 6490
6864 7040
6864 7480
6992 10384
7120 10956
7168 12188
7760 12188
7936 12188
8048 12188
8176 12188
8352 12188
8432 12188
8576 12188
8656 12188
8720 12188
8928 12188
9168 12188
9312 12188
9392 12188
9504 12188
9680 12188
9808 12188
9872 12188
10000 12188
10144 12188
10224 12188
10336 12188
10480 12188
10576 12188
11168 12188
11312 12188
11408 12188
11632 4620
11632 6380
11632 7744
11632 11660
17200 8360
17232 7612
1968 4400
1968 8888
2160 9592
2352 10032
2352 10472
816 4180
816 8404
816 9152
816 9812
4496 4180
4496 4730
4496 8800
4496 10362
4496 14168
7760 12628
7936 12628
8048 12628
8176 12628
8352 12628
8432 12628
8576 12628
8656 12628
8720 12628
8864 12628
10768 5500
16336 8360
16336 8888
16336 9328
16336 10626
16400 7612
6320 7480
1168 4180
1168 8404
1168 9152
1200 11352
1296 11352
1360 11352
1424 11352
1600 13816
1808 13816
2992 14256
6416 6490
6416 7040
6416 7480
8240 5500
8304 5500
8400 5500
8496 5500
8624 5500
8784 5500
8880 5500
8976 5500
9072 5500
9184 5500
9376 5500
9600 5500
9712 5500
9792 5500
9920 5500
10080 5500
10192 5500
10320 5500
10496 5500
10608 5500
10672 5500
11056 4400
16624 10406
16688 7502
16688 8206
15280 4180
15280 5016
15280 6930
15280 8778
15312 9746
15312 10296
15312 10846
15312 14476
3472 9372
3504 10472
3504 14388
208 4400
208 9042
320 9372
656 8932
752 8932
944 8932
1024 8932
1296 8932
1360 8932
1424 8932
1616 8932
2288 8932
2384 8932
2528 8932
2640 8932
2800 8932
2864 8932
2960 8932
3056 8932
3248 8932
3344 8932
3536 9592
3696 9592
3920 9592
4080 9592
4288 9592
4400 10362
4400 14168
8240 6490
8240 7040
8304 7788
8400 7788
8496 7788
8624 7788
8816 7788
8976 7788
9104 7788
9216 7788
9392 7788
9520 7788
9616 7788
9744 8668
9744 9768
9744 11110
9744 11660
9744 14476
9200 14476
9232 7260
9296 4180
9296 6490
9296 7040
6992 6490
6992 7040
6992 7480
11760 6380
11888 6380
12064 6380
12176 6380
12240 6380
12352 6380
12432 6380
12512 6380
12592 6380
12688 6380
12800 6380
12880 6380
12960 6380
13104 6380
13168 6380
13248 6380
13376 6380
13456 6380
13536 6380
13616 6380
13744 6380
13888 6380
14032 6380
14160 6380
14352 6380
14464 6380
14544 6380
14608 6380
14640 4180
14640 5016
10160 8668
10160 11000
10160 14476
10320 7920
10448 7920
12016 7920
12096 7920
12208 7920
12352 7920
12512 7920
12656 7920
12800 7920
12880 7920
12960 7920
13088 7920
13360 7920
13456 7920
13536 7920
13616 7920
13744 7920
13888 7920
14000 7920
14064 7920
14176 7920
14416 7920
14688 7920
14736 6600
13440 9108
13808 4290
13808 4840
13808 7150
3760 4180
3760 4620
3760 5148
3760 9152
3760 10142
3760 14278
4688 8316
4752 8316
4816 4840
4816 7480
4816 8008
8848 7040
8848 10252
8848 14476
8944 6820
8976 4180
9808 4180
9808 6490
9808 7150
7120 6490
7120 7040
7120 7480
7152 10076
4016 4180
4016 4620
4016 5148
4016 9152
4080 10252
4080 14278
10032 4180
10032 6490
10032 7150
10112 7480
10192 7480
10320 7480
11856 13288
5264 10626
5552 9284
5680 9284
5744 9284
5776 6490
5776 7040
5776 7480
6512 6490
6512 7040
6512 7480
6576 9636
6576 10956
1328 14476
1392 14256
2624 14256
2800 14256
2912 14256
3184 14256
3376 10692
3568 4180
3664 4180
3920 4180
8784 4180
9072 4180
9600 4180
9712 4180
9920 4180
10192 4180
10256 4180
11200 4180
11856 4180
12064 4180
12176 4180
12384 4180
12512 4180
12592 4180
12672 4180
12800 4180
12880 4180
12960 4180
13104 4180
13168 4180
13248 4180
13376 4180
13456 4180
13536 4180
13888 4180
14032 4180
14160 4180
14368 4180
14544 4180
14880 4180
15008 4180
15440 4180
15632 4180
15744 4180
15824 4180
15920 4180
16080 4180
16160 4180
16336 4180
16560 9636
17520 9636
17616 9636
8368 9944
8368 10956
8368 13816
8368 14476
8464 6490
8464 7040
4240 14278
8048 6490
8048 7040
8048 8558
8144 9328
8176 9944
8176 10956
8176 13926
8176 14476
1616 11792
9504 10472
9584 6490
4816 10472
4816 14168
4912 9284
5232 4840
5232 6600
5232 7480
5232 8008
5232 9064
9328 14476
9376 9636
8912 9636
9008 7150
5552 10362
5552 11000
5584 8668
5648 6600
5648 7040
5648 7480
5648 8228
9968 6490
9968 7150
10000 8778
10000 11000
10000 14476
5584 6600
5584 7040
5584 7480
5680 10362
5680 11000
5856 8668
7312 8668
7424 8668
7568 8668
7792 8668
7920 8668
8624 6490
8624 7040
7424 9944
7760 9944
8048 9944
8432 9944
8528 9944
7952 6490
7952 7040
8560 10956
8560 14366
8656 8998
6992 11748
17968 9416
8656 10252
8720 10252
9104 10252
18256 4180
18256 5852
18288 14234
18064 5632
9072 6490
9072 7150
9392 14476
8976 14476
10096 8668
14208 8668
14320 8668
14864 5016
14864 6710
14864 8448
7664 7480
18144 6292
9504 11660
9808 14476
14352 5016
14464 5016
14544 5016
15008 5016
15440 5016
15680 5016
15824 6600
15824 7612
15824 8448
15824 9108
15824 9856
15824 10626
15824 14476
1040 4180
1040 8404
1040 11660
1104 11880
1168 11880
1200 14036
1200 14476
5872 10890
5936 9416
5936 10252
10480 9218
10480 9856
10480 11000
14256 9482
14256 10912
14256 11660
14256 13442
14256 14366
14320 10296
14416 10296
14496 10296
14768 10296
14944 10296
15040 10296
15120 10296
15248 10296
15568 10296
16016 10296
16112 10296
16272 10296
16560 10296
16736 10296
16848 4180
16848 7392
8400 6490
8400 7040
8432 10956
11920 4620
10352 9218
10352 9856
10352 11000
10352 14476
12624 10582
12624 11220
12624 11660
12688 4840
5008 4840
5008 7480
5008 8008
11168 11220
11360 11220
11984 11220
12176 11220
12352 11220
12496 11220
12816 11660
12816 13222
12816 14476
13136 7260
13136 10318
13136 11396
13136 13222
13168 7040
13248 7040
13376 7040
13456 7040
13536 7040
13616 7040
13888 7040
14000 7040
9712 7260
11376 12848
7568 6490
7568 7040
7568 7480
7872 14476
8048 14476
8112 14476
8720 14476
9504 14476
9872 14476
10224 14476
18768 8580
18768 14234
18912 8360
19024 6512
12496 4840
7984 10956
8784 6490
5104 4840
5168 4840
12016 4620
12464 9988
12464 10472
12464 11660
11184 12848
11056 12848
656 4180
720 9812
720 14036
720 14476
15760 6600
15760 7612
12096 7128
12240 10472
7312 6490
7312 7040
7312 7480
13888 9328
14320 9328
14416 9328
14832 11044
14832 11660
2928 9812
2928 10472
2992 9592
3120 9592
3216 9592
5136 14388
1424 8404
848 14036
848 14476
6768 6490
6768 7040
6768 7480
6832 10956
18832 6512
18928 6512
11984 13596
13456 13596
13648 13596
13760 13596
13888 13596
14032 13596
14064 11286
1808 11550
6160 6490
6160 7040
6160 7480
6192 10252
6192 10956
7760 10956
7440 7040
7440 7480
12368 10472
12368 11660
12592 4840
15920 6600
15920 7612
12240 11660
12336 4620
14416 10912
14416 11660
17584 14234
12432 4840
17776 6094
14320 13816
14320 14366
16624 7502
16624 8206
16624 9042
13264 4840
17648 8800
18416 4180
18416 5852
18416 8580
944 4180
944 8404
1104 14036
1104 14476
14320 10912
14320 11660
14320 13068
18832 5962
14800 7040
12880 4840
12880 10318
12880 11660
17392 4290
17424 5126
15120 7260
15120 8778
15120 9746
15120 10736
12176 4620
15008 6820
15440 6820
8048 10956
8144 6490
8144 7040
13264 14476
13776 10208
13776 11286
14032 14256
15184 14476
11984 11660
8304 6490
8304 7040
12784 4840
12784 10098
18704 8580
18704 14234
12960 10252
13440 10252
13616 4840
13616 9944
3920 4620
4624 4620
4752 7480
4752 10472
4752 14168
3632 14168
3920 14168
4176 14168
4624 10362
4656 14168
4368 8536
4432 8536
8720 9636
8720 10956
13680 10472
13680 11286
16080 9856
16144 8360
16144 8888
13840 10208
13840 11286
15440 8888
15440 9856
15056 8778
15056 9746
15056 10736
4176 10252
14928 11044
14928 11660
16272 8360
16272 8888
16272 9328
17328 4180
13552 4840
6352 6490
6352 7040
16464 8206
5168 10472
5744 11000
13168 4840
7792 7480
18864 14234
12976 4840
12976 11132
12976 12848
16016 8360
5376 8228
15632 7612
16016 7612
16080 7612
5840 6490
5840 7040
5840 7480
5840 10252
5936 11000
528 4180
528 8404
2256 10472
4688 7480
13456 4840
15248 9746
15248 10736
15568 10956
15696 10956
2032 4400
15376 8668
15568 8668
13360 4840
5104 8008
5168 8008
5104 6600
5168 6600
6064 6600
9712 6600
16016 9328
16016 9856
5360 7480
13104 4840
13888 4840
14000 4840
5776 10252
18608 5852
6064 10692
8656 10692
3920 10252
6064 10252
6064 7040
6064 7480
17136 7920
5104 7480
5168 7480
1296 8404
1360 8404
2544 8404
2640 9812
2640 10472
2128 4180
2448 10472
3184 10472
3664 10912
15568 9856
11536 12848
3920 5148
3920 9152
3024 10472
10224 11000
2784 9372
2832 9812
2832 10472
2000 11660
1296 4180
1392 12012
12944 14476
18128 5852
18544 5852
1488 12903
1504 12232
1520 6292
1520 8668
1520 10582
5968 5720
5968 7744
5972 9108
6032 9108
6112 9108
6208 9108
6288 9108
6384 9108
6464 9108
6576 9108
6688 9108
6816 9108
6928 9108
7024 9108
7184 9108
7275 9108
7280 9251
7280 10164
7280 11704
7280 13761
4740 4400
4944 4400
5072 4400
5131 4400
17520 4389
17520 6314
17520 7777
17524 7920
17648 7920
17771 7920
17776 9108
17776 11935
17776 14564
17780 7920
17915 7920
17936 4389
17936 5478
17936 6248
17936 7513
17940 7920
18187 7920
18192 11517
18192 14564
18228 7920
18347 7920
18352 5016
18352 7007
18372 7920
18480 7920
18603 7920
18608 11407
18608 14564
18644 7920
18747 7920
18768 4807
18768 7117
880 6292
880 8668
880 10670
932 12188
1035 12188
1040 12991
5040 9757
5040 12430
5040 14641
5044 9504
5120 9504
5216 9504
5296 9504
5435 9504
5456 5720
5456 7744
10548 14256
10640 14256
10768 14256
10923 14256
10928 5060
10928 9856
10928 10692
10928 11594
10928 13343
10932 14036
11024 14036
11088 14036
11248 14036
11472 14036
11760 14036
11920 14036
12048 14036
12304 14036
12400 14036
12768 14036
12928 14036
13312 14036
13552 14036
13712 14036
13808 14036
13963 14036
10928 14124
16496 8613
16496 9262
16496 9966
16496 11682
16496 13442
16496 14465
16500 8580
16555 8580
16560 5577
7632 9141
7632 9680
7632 10318
7632 11704
7632 13552
7636 9108
7707 9108
7728 7744
16208 5885
16208 7986
16208 8624
16208 9812
16208 11902
16208 13442
16208 14465
16240 4400
464 4081
464 6402
464 8668
484 9152
571 9152
592 11704
5392 8789
5392 9878
5392 12947
5412 8756
5499 8756
5520 5720
5520 7744
5520 8723
5540 4620
5808 4620
5904 4620
6112 4620
6208 4620
6320 4620
6448 4620
6576 4620
6688 4620
6816 4620
6928 4620
7024 4620
7184 4620
7280 4620
7472 4620
7627 4620
7684 4620
7856 4620
7984 4620
8096 4620
8176 4620
8272 4620
8352 4620
8432 4620
8560 4620
8704 4620
8848 4620
9040 4620
9104 4620
9504 4620
9680 4620
9744 4620
9840 4620
10000 4620
10160 4620
10256 4620
10384 4620
10576 4620
10635 4620
4176 4884
4176 6842
4180 8756
6608 5940
6608 7744
6656 9328
6704 9889
6704 13057
6724 9328
6816 9328
6928 9328
7024 9328
7195 9328
7248 5841
7248 6039
7248 7744
7268 5940
7472 5940
7648 5940
7856 5940
7984 5940
8096 5940
8192 5940
8272 5940
8352 5940
8432 5940
8560 5940
8704 5940
8848 5940
8912 5940
9040 5940
9104 5940
9264 5940
9504 5940
9680 5940
9744 5940
9840 5940
10000 5940
10160 5940
10256 5940
10384 5940
10576 5940
10640 5940
10704 5940
10800 5940
10864 5940
10960 5940
11056 5940
11120 5940
11248 5940
11424 5940
11499 5940
11504 5170
11504 6930
11504 10010
11504 11594
11508 12408
11632 12408
11920 12408
12080 12408
12304 12408
12400 12408
12592 12408
12768 12408
12896 12408
13008 12408
13312 12408
13536 12408
13712 12408
13808 12408
13984 12408
14096 12408
14288 12408
14368 12408
14539 12408
14544 13442
14596 12848
14704 12848
14880 12848
15088 12848
15216 12848
15472 12848
15632 12848
15728 12848
15984 12848
16048 12848
16176 12848
16240 12848
16304 12848
16528 12848
16592 12848
16848 12848
17067 12848
14544 12650
17072 6127
17072 7986
17072 8888
17072 11363
17076 5104
17195 5104
17072 13926
17072 13002
17200 4763
1840 4081
1840 6402
1840 10373
1860 11132
1931 11132
1936 11275
1936 12749
1956 13596
2128 13596
2320 13596
2400 13596
2592 13596
2704 13596
2864 13596
2976 13596
3152 13596
3264 13596
3419 13596
3440 14300
3440 13772
10832 10164
10832 11594
10832 13442
10832 14575
10852 5720
10960 5720
11056 5720
11120 5720
11248 5720
11424 5720
11536 5720
11712 5720
11792 5720
11984 5720
12144 5720
12208 5720
12267 5720
12272 5291
1648 6083
1668 8624
1776 8624
1883 8624
1904 8657
1904 10252
1904 11396
1904 12738
6256 5830
6256 7744
6272 9328
6288 9669
6288 13057
14388 14036
14576 14036
14640 14036
14704 14036
14896 14036
15088 14036
15216 14036
15408 14036
15504 14036
15600 14036
15664 14036
15728 14036
15984 14036
16048 14036
16176 14036
16240 14036
16304 14036
16528 14036
16592 14036
16848 14036
16907 14036
16912 8888
16912 11242
16912 13563
16916 7612
16971 7612
16912 14520
16912 14190
16976 4279
16976 6094
10896 10571
10896 11594
10896 13332
10896 14575
10900 10384
11088 10384
11264 10384
11339 10384
11344 5170
11344 6930
11344 9592
11344 10351
6864 5940
6864 7744
6864 9977
6900 10384
7083 10384
7120 10417
7120 11825
7124 12188
7232 12188
7536 12188
7712 12188
7824 12188
8016 12188
8112 12188
8256 12188
8400 12188
8496 12188
8624 12188
8688 12188
8768 12188
9072 12188
9264 12188
9360 12188
9424 12188
9584 12188
9776 12188
9840 12188
9904 12188
10096 12188
10192 12188
10256 12188
10416 12188
10544 12188
10640 12188
10864 12188
11088 12188
11248 12188
11376 12188
11456 12188
11627 12188
7120 13596
7120 12342
11632 5170
11632 6930
11632 10010
11632 12045
11636 12188
11920 12188
12080 12188
12304 12188
12400 12188
12592 12188
12768 12188
12896 12188
13008 12188
13312 12188
13536 12188
13712 12188
13808 12188
13984 12188
14096 12188
14288 12188
14368 12188
14603 12188
14672 12397
14672 13332
17200 7755
17200 8888
17200 12265
17204 7612
17259 7612
17264 5786
1968 4081
1968 6402
1972 9592
2032 9592
2315 9592
2352 9691
2352 12034
816 6292
816 8668
816 11011
820 11968
955 11968
1008 13112
4496 6688
4496 9658
4496 12320
4496 14443
4500 14476
4603 14476
4624 14564
7216 13816
7237 12628
7536 12628
7712 12628
7824 12628
8016 12628
8112 12628
8256 12628
8400 12628
8496 12628
8624 12628
8688 12628
8768 12628
8944 12628
9072 12628
9264 12628
9360 12628
9424 12628
9584 12628
9776 12628
9840 12628
9904 12628
10096 12628
10192 12628
10256 12628
10416 12628
10544 12628
10640 12628
10763 12628
7216 12804
10768 5060
10768 10164
10768 11594
10772 12628
10859 12628
10864 13321
10864 14575
16336 8624
16336 9812
16336 11902
16336 13442
16336 14465
16340 8140
16395 8140
16400 5687
16400 7997
6288 5830
6304 7260
6320 7744
6320 9680
6320 13057
1168 6292
1168 8668
1168 10483
1172 11352
1248 11352
1328 11352
1392 11352
1451 11352
1456 13035
1460 13816
1520 13816
1712 13816
1872 13816
1968 13816
2128 13816
2320 13816
2400 13816
2592 13816
2704 13816
2864 13816
2971 13816
2992 13915
2992 14575
6400 5500
6416 5819
6416 7744
6416 9900
6416 13057
6452 5500
6576 5500
6688 5500
6816 5500
6928 5500
7024 5500
7184 5500
7280 5500
7472 5500
7648 5500
7856 5500
7984 5500
8096 5500
8192 5500
8272 5500
8352 5500
8432 5500
8560 5500
8704 5500
8848 5500
8912 5500
9040 5500
9104 5500
9264 5500
9504 5500
9680 5500
9744 5500
9840 5500
10000 5500
10160 5500
10256 5500
10384 5500
10576 5500
10640 5500
10704 5500
10832 5500
10960 5500
11051 5500
11056 5181
16624 9955
16624 11682
16624 13442
16624 14465
16628 9856
16683 9856
16688 5577
16688 8624
15280 4598
15280 5808
15280 7854
15296 9328
15312 9361
15312 11902
15312 13222
3472 6457
3488 9812
3504 12650
3504 14641
208 4081
208 6666
244 9372
363 9372
368 12188
368 9548
256 8932
384 8932
496 8932
576 8932
720 8932
784 8932
848 8932
912 8932
976 8932
1104 8932
1248 8932
1328 8932
1392 8932
1456 8932
1568 8932
1664 8932
1776 8932
1872 8932
1936 8932
2000 8932
2240 8932
2336 8932
2448 8932
2592 8932
2720 8932
2832 8932
2896 8932
3024 8932
3136 8932
3312 8932
3376 8932
3435 8932
3440 6292
3444 9592
3504 9592
3584 9592
3840 9592
4000 9592
4144 9592
4395 9592
3440 8778
4400 9801
4400 12320
4400 14531
8240 7535
8260 7788
8352 7788
8432 7788
8560 7788
8704 7788
8912 7788
9040 7788
9168 7788
9280 7788
9488 7788
9552 7788
9707 7788
9744 10384
9744 11924
9744 13552
9200 7403
9200 9482
9200 13552
9204 7260
9275 7260
9296 5060
6992 5940
6992 7744
7008 9856
7024 9889
7039 11440
7056 13222
7056 11616
10800 10164
10800 11594
10800 13442
10800 14575
10804 6380
10864 6380
10960 6380
11056 6380
11120 6380
11248 6380
11424 6380
11536 6380
11712 6380
11792 6380
11984 6380
12144 6380
12208 6380
12288 6380
12400 6380
12464 6380
12560 6380
12624 6380
12752 6380
12848 6380
12912 6380
13040 6380
13136 6380
13200 6380
13312 6380
13424 6380
13488 6380
13584 6380
13648 6380
13840 6380
13952 6380
14096 6380
14256 6380
14416 6380
14512 6380
14576 6380
14635 6380
14640 4598
14640 5819
10160 7953
10160 10054
10160 11484
10160 13552
10164 7920
10256 7920
10384 7920
10480 7920
10640 7920
10736 7920
10864 7920
10960 7920
11056 7920
11248 7920
11424 7920
11536 7920
11728 7920
11984 7920
12048 7920
12144 7920
12288 7920
12432 7920
12560 7920
12752 7920
12848 7920
12912 7920
13008 7920
13184 7920
13312 7920
13408 7920
13488 7920
13584 7920
13648 7920
13840 7920
13952 7920
14032 7920
14096 7920
14272 7920
14592 7920
14731 7920
14736 4598
14736 5808
14736 7381
10960 9856
10960 10692
10960 11594
10960 13222
10960 14465
10964 9108
11056 9108
11232 9108
11424 9108
11824 9108
12064 9108
12288 9108
12432 9108
12560 9108
12752 9108
12848 9108
12912 9108
13008 9108
13328 9108
13536 9108
13712 9108
13803 9108
13808 5610
13808 7590
3760 4884
3760 7150
3760 12210
3760 14641
4560 9658
4560 12320
4564 8316
4656 8316
4720 8316
4795 8316
4816 6160
4816 7744
4816 8283
8848 7414
8848 9790
8848 13552
8852 6820
8912 6820
8971 6820
8976 4950
9648 10263
9648 11924
9648 13552
9652 9768
9787 9768
9808 5060
9808 7634
9808 9559
7120 5940
7120 7744
7124 10076
7179 10076
7184 10263
7184 11704
7184 13541
4016 4884
4016 7150
4048 9372
4080 9922
4080 12210
4080 14641
10032 5060
10052 7480
10160 7480
10256 7480
10384 7480
10640 7480
10736 7480
10864 7480
10960 7480
11056 7480
11248 7480
11424 7480
11536 7480
11728 7480
11851 7480
11856 10120
11856 11924
11856 13662
11856 14465
5264 9878
5264 12947
5284 9284
5424 9284
5488 9284
5632 9284
5712 9284
5771 9284
5776 5720
5776 7744
5776 9207
14884 13596
15088 13596
15216 13596
15419 13596
6512 5940
6512 7744
6516 9328
6571 9328
6576 9361
6576 10164
6576 13057
1348 14256
1424 14256
1520 14256
1712 14256
1872 14256
1968 14256
2128 14256
2320 14256
2416 14256
2576 14256
2704 14256
2864 14256
2960 14256
3152 14256
3211 14256
3216 12023
3216 14047
3252 10692
3344 10692
3440 10692
3531 10692
3216 14454
3536 4092
3536 6545
3540 4180
3600 4180
3728 4180
3840 4180
3968 4180
4128 4180
4464 4180
4528 4180
4752 4180
4944 4180
5072 4180
5360 4180
5488 4180
5552 4180
5808 4180
5904 4180
6112 4180
6208 4180
6320 4180
6448 4180
6576 4180
6688 4180
6816 4180
6928 4180
7024 4180
7184 4180
7280 4180
7472 4180
7616 4180
7696 4180
7856 4180
7984 4180
8096 4180
8176 4180
8272 4180
8352 4180
8432 4180
8704 4180
8848 4180
9040 4180
9104 4180
9504 4180
9680 4180
9744 4180
9840 4180
10000 4180
10160 4180
10224 4180
10288 4180
10384 4180
10576 4180
10832 4180
10960 4180
11136 4180
11248 4180
11424 4180
11728 4180
11984 4180
12144 4180
12208 4180
12304 4180
12464 4180
12560 4180
12624 4180
12736 4180
12848 4180
12912 4180
13040 4180
13136 4180
13200 4180
13312 4180
13424 4180
13488 4180
13584 4180
13835 4180
13840 4092
13844 4180
13952 4180
14096 4180
14224 4180
14512 4180
14576 4180
14784 4180
14960 4180
15136 4180
15408 4180
15520 4180
15696 4180
15792 4180
15856 4180
16016 4180
16112 4180
16224 4180
16304 4180
16363 4180
16368 4092
16368 5775
16368 7876
16368 8624
16368 9603
16388 9636
16528 9636
16608 9636
16848 9636
17488 9636
17552 9636
17680 9636
17931 9636
17936 11814
17936 14564
8368 9515
8368 10318
8368 11704
8368 13222
8368 14146
8372 9328
8443 9328
8464 7414
4240 4884
4240 6842
4240 9064
4240 9922
4240 12210
4240 14641
8048 7524
8084 9328
8171 9328
8176 9515
8176 10318
8176 11704
8176 13222
1456 4092
1460 4180
1579 4180
1616 6171
1616 8668
1616 10692
1616 12804
9136 13552
9140 10472
9264 10472
9408 10472
9563 10472
9584 5060
9584 7414
9584 10131
4816 9647
4816 12430
4816 14531
4820 9284
5024 9284
5120 9284
5211 9284
5232 5720
5232 7040
5232 7744
5232 8536
9328 13552
9332 9636
9419 9636
9424 5060
9424 7414
9424 9493
8912 9372
8912 9944
8912 13552
8916 8668
9003 8668
9008 4950
9008 7524
5552 8855
5552 9768
5552 10736
5552 12947
5556 8668
5627 8668
5648 5830
5648 7744
9968 5060
9984 7480
10000 7733
10000 10164
10000 11484
10000 13552
5584 5720
5584 7744
5584 8976
5584 9768
5584 10736
5584 12947
5680 8855
5680 9768
5680 10736
5680 12947
5684 8668
5808 8668
5904 8668
6032 8668
6112 8668
6208 8668
6288 8668
6384 8668
6464 8668
6576 8668
6688 8668
6816 8668
6928 8668
7024 8668
7184 8668
7280 8668
7360 8668
7504 8668
7616 8668
7696 8668
7760 8668
7840 8668
7984 8668
8096 8668
8224 8668
8352 8668
8432 8668
8560 8668
8619 8668
8624 7414
7344 10197
7344 11704
7344 13761
7348 9944
7536 9944
7712 9944
7824 9944
8016 9944
8112 9944
8256 9944
8400 9944
8464 9944
8587 9944
8592 7414
8592 9757
7312 10164
7312 11704
7312 13761
7332 9416
7520 9416
7712 9416
7840 9416
7931 9416
7952 7524
7952 9273
8560 9515
8560 10318
8560 13442
8564 9328
8635 9328
8656 7414
6992 11484
6992 13321
6996 10164
7051 10164
7056 5940
7056 7744
7056 10021
17712 4389
17712 6061
17716 6864
17888 6864
17963 6864
17968 7271
17968 9108
17968 11825
17968 14564
8592 10351
8592 13442
8612 10252
8688 10252
8752 10252
9072 10252
9136 10252
9264 10252
9371 10252
9392 5060
9392 7414
9392 9372
9392 10065
18256 5016
18272 6072
18288 6875
18288 11517
18288 14564
9232 9471
9232 13552
9252 9328
9323 9328
9328 5060
9328 7414
18064 5357
18064 6776
18064 11517
18064 14564
18068 5324
18123 5324
18128 4488
18128 5148
8880 9823
8880 13552
8884 9636
9008 9636
9067 9636
9072 4950
9072 7524
9072 9493
9168 9482
9168 13552
9172 8668
9227 8668
9232 4950
9232 7524
8528 7414
8528 9526
8528 10318
8532 11880
8624 11880
8688 11880
8768 11880
9072 11880
9264 11880
9371 11880
9392 11913
9392 13552
8976 7403
8976 9372
8976 9944
8976 13552
8980 7260
9040 7260
9163 7260
9168 4950
9008 9933
9008 13552
9012 9856
9072 9856
9136 9856
9264 9856
9355 9856
9360 5060
9360 7414
9360 9372
9296 9592
9296 13552
9300 8668
9488 8668
9552 8668
9696 8668
9840 8668
10064 8668
10128 8668
10256 8668
10384 8668
10480 8668
10640 8668
10736 8668
10864 8668
10960 8668
11056 8668
11248 8668
11424 8668
11824 8668
12064 8668
12288 8668
12432 8668
12560 8668
12752 8668
12848 8668
12912 8668
13008 8668
13328 8668
13536 8668
13712 8668
13952 8668
14032 8668
14096 8668
14160 8668
14272 8668
14352 8668
14592 8668
14843 8668
14864 4598
14864 5808
14864 7634
7664 7744
7664 9680
7664 10318
7664 11704
7664 13552
7684 7260
7755 7260
18096 6985
18096 11517
18096 14564
18100 6292
18187 6292
18192 5016
1200 6292
1200 8668
1200 10362
1236 11572
1328 11572
1392 11572
1488 11572
1563 11572
1584 12804
18160 7106
18160 11517
18160 14564
18164 6072
18219 6072
18224 5016
8496 7414
8496 9526
8496 10318
8496 11561
8500 11660
8624 11660
8688 11660
8768 11660
9072 11660
9264 11660
9392 11660
9584 11660
9787 11660
9808 11803
9808 13552
14256 4719
14276 5016
14416 5016
14512 5016
14576 5016
14784 5016
14960 5016
15136 5016
15408 5016
15520 5016
15803 5016
15824 5687
15824 7106
15824 8030
15824 9592
15824 11902
15824 13442
15856 5016
15888 4719
1040 6292
1040 8668
1040 10626
1060 11880
1136 11880
1195 11880
1200 12837
5872 10505
5872 12947
5904 10472
5936 5720
5936 7744
5936 9152
5936 9834
10480 9592
10480 10428
10480 11484
10480 13552
10484 8888
10640 8888
10736 8888
10864 8888
10960 8888
11056 8888
11211 8888
11216 5170
11216 6930
11236 8888
11424 8888
11824 8888
12064 8888
12288 8888
12432 8888
12560 8888
12752 8888
12848 8888
12912 8888
13008 8888
13328 8888
13536 8888
13712 8888
13952 8888
14032 8888
14096 8888
14160 8888
14251 8888
14256 8987
14256 10087
14256 10483
14256 11286
14256 11924
14256 12738
14276 10296
14368 10296
14448 10296
14608 10296
14880 10296
14992 10296
15088 10296
15184 10296
15280 10296
15472 10296
15632 10296
15984 10296
16048 10296
16176 10296
16240 10296
16304 10296
16400 10296
16464 10296
16528 10296
16592 10296
16688 10296
16779 10296
16784 8877
16784 10087
16788 8800
16843 8800
16784 11451
16784 13442
16784 14465
16848 5786
8400 7414
8416 9548
8432 9625
8432 10318
8432 11704
8432 13552
11824 9999
11824 11924
11824 13662
11824 14465
11828 9548
11915 9548
11920 5170
11920 7150
10352 9592
10352 10428
10352 11484
10352 13552
10400 8888
10448 5060
11792 7029
11792 10010
11792 11924
11792 13662
11792 14465
11796 6820
11851 6820
11856 5170
12624 7249
12624 9900
12624 10956
12624 11924
12624 14465
12628 7040
12683 7040
12688 4510
12688 5500
5008 6160
5008 7744
5040 8228
5072 8371
5072 9878
5072 12430
5072 14641
17680 4389
17680 6204
17680 7656
17684 8360
17899 8360
17904 9108
17904 11935
17904 14564
3280 6347
3296 9152
3312 12144
3312 14245
10544 5060
10544 10428
10548 11220
10640 11220
10864 11220
11088 11220
11264 11220
11456 11220
11920 11220
12080 11220
12272 11220
12400 11220
12592 11220
12779 11220
12816 11319
12816 11924
13136 7590
13136 9636
13136 11924
13136 14465
13140 7040
13200 7040
13312 7040
13424 7040
13488 7040
13584 7040
13648 7040
13840 7040
13952 7040
14032 7040
14096 7040
14272 7040
14507 7040
14544 4598
14544 5698
14544 6941
11728 10010
11728 11924
11728 13772
11728 14465
11732 8448
11819 8448
11824 5170
11824 7150
9616 5060
9620 7260
9680 7260
9744 7260
9840 7260
10000 7260
10064 7260
10160 7260
10256 7260
10384 7260
10640 7260
10736 7260
10864 7260
10960 7260
11056 7260
11248 7260
11424 7260
11536 7260
11691 7260
11696 10010
11696 11924
11696 13772
11696 14465
8944 4950
8944 7414
8944 9372
8944 9944
8948 12408
9072 12408
9264 12408
9360 12408
9424 12408
9584 12408
9776 12408
9840 12408
9904 12408
10096 12408
10192 12408
10256 12408
10416 12408
10544 12408
10640 12408
10864 12408
11088 12408
11248 12408
11371 12408
11376 12507
11376 13442
11376 14465
9904 5060
9904 7634
9904 10164
9904 11605
9908 11968
10096 11968
10192 11968
10256 11968
10416 11968
10544 11968
10640 11968
10864 11968
11088 11968
11248 11968
11376 11968
11456 11968
11595 11968
11600 13552
11600 14465
11344 10725
11344 11704
11344 13442
11344 14465
11348 10692
11456 10692
11931 10692
11952 5170
11952 7150
11952 10131
7568 7744
7584 9108
7600 9141
7600 9680
7600 10318
7600 11704
7600 13673
7600 14564
7604 14476
7712 14476
8016 14476
8080 14476
8144 14476
8272 14476
8512 14476
8688 14476
8768 14476
8944 14476
9072 14476
9264 14476
9360 14476
9424 14476
9584 14476
9776 14476
9840 14476
9904 14476
10096 14476
10192 14476
10256 14476
10416 14476
10640 14476
10763 14476
10768 14564
11664 13651
11664 14465
11668 13508
11755 13508
11760 5170
11760 7040
11760 10010
11760 11924
18768 11407
18768 14564
18772 8360
18832 8360
19003 8360
19024 5027
19024 7667
12496 4510
12496 5500
12500 6820
12560 6820
12624 6820
12752 6820
12848 6820
12912 6820
13035 6820
13072 6919
13072 7590
13072 9636
13072 11396
13072 14465
7984 9295
7984 10318
7984 11704
7984 13222
7988 9108
8096 9108
8224 9108
8352 9108
8432 9108
8560 9108
8624 9108
8688 9108
8816 9108
9008 9108
9136 9108
9248 9108
9488 9108
9552 9108
9696 9108
9840 9108
10064 9108
10128 9108
10240 9108
10416 9108
10507 9108
10512 5060
8784 7414
8784 9680
8788 11440
9072 11440
9264 11440
9392 11440
9547 11440
9552 11924
9552 13552
10992 5060
10992 9713
10996 9856
11184 9856
11275 9856
11312 10692
11312 11704
11312 13442
11312 14465
4784 4741
4788 4840
4944 4840
5072 4840
5136 4840
5200 4840
5360 4840
5488 4840
5552 4840
5808 4840
5904 4840
6112 4840
6208 4840
6320 4840
6448 4840
6576 4840
6688 4840
6816 4840
6928 4840
7024 4840
7184 4840
7280 4840
7472 4840
7648 4840
7856 4840
7984 4840
8096 4840
8187 4840
12016 5170
12016 7150
12052 9548
12288 9548
12411 9548
12464 9647
12464 10736
12464 11924
12464 14465
10480 5060
10484 7700
10640 7700
10736 7700
10864 7700
10960 7700
11056 7700
11248 7700
11424 7700
11536 7700
11728 7700
11984 7700
12048 7700
12144 7700
12288 7700
12432 7700
12560 7700
12683 7700
12688 9636
12688 10956
12688 11924
12688 14465
5204 4400
5360 4400
5488 4400
5552 4400
5808 4400
5904 4400
6112 4400
6208 4400
6320 4400
6448 4400
6576 4400
6688 4400
6816 4400
6928 4400
7024 4400
7184 4400
7280 4400
7472 4400
7616 4400
7696 4400
7856 4400
7984 4400
8096 4400
8176 4400
8272 4400
8352 4400
8432 4400
8555 4400
11280 11583
11280 13442
11280 14465
11284 11440
11371 11440
11376 5170
11376 6930
11376 9592
11376 10384
10192 5060
10228 9328
10379 9328
10384 9471
10384 10428
10384 11484
10384 13552
11184 10109
11184 10692
11184 11594
11184 13442
11184 14465
11188 10076
11264 10076
11451 10076
11472 5170
11472 6930
11472 9823
11056 9581
11056 10692
11056 11594
11056 13442
11056 14465
11060 9548
11179 9548
11184 5170
11184 6930
656 6292
660 9592
715 9592
720 11924
15760 4741
15760 5808
15760 7106
15760 8030
15760 9592
15760 11902
15760 13442
15792 4708
15824 4565
6896 5940
6896 7744
6896 9603
6916 9636
7024 9636
7200 9636
7344 9636
7467 9636
7472 9669
7472 10318
7472 11704
7472 13761
12048 5170
12048 6985
12052 7128
12144 7128
12288 7128
12443 7128
12496 7293
12496 9548
12496 10736
12496 11924
12496 14465
176 4081
176 6666
180 9152
256 9152
331 9152
336 12133
5620 5060
5808 5060
5904 5060
6112 5060
6208 5060
6320 5060
6448 5060
6576 5060
6688 5060
6816 5060
6928 5060
7024 5060
7184 5060
7280 5060
7472 5060
7648 5060
7856 5060
7984 5060
8096 5060
8192 5060
8272 5060
8352 5060
8432 5060
8560 5060
8704 5060
8848 5060
8907 5060
8912 4961
10992 10692
10992 11594
10992 13222
10992 14465
10996 10164
11083 10164
11088 5170
11088 10131
6036 5280
6112 5280
6208 5280
6320 5280
6448 5280
6576 5280
6688 5280
6816 5280
6928 5280
7024 5280
7184 5280
7280 5280
7472 5280
7648 5280
7856 5280
7984 5280
8096 5280
8192 5280
8272 5280
8352 5280
8432 5280
8560 5280
8704 5280
8848 5280
8912 5280
9040 5280
9104 5280
9259 5280
9264 5071
12240 5170
12240 7414
12240 10120
12240 10857
12276 11000
12400 11000
12523 11000
12528 11924
12528 14465
7312 7744
7344 9108
7376 9141
7376 10318
7376 11704
7376 13761
3632 4631
3652 4840
3723 4840
3728 4873
3728 7150
3728 12210
3728 14641
12560 9537
12560 10956
12560 11924
12560 14465
12564 9328
12752 9328
12848 9328
12912 9328
13008 9328
13328 9328
13536 9328
13723 9328
13744 5610
13744 7590
13748 9328
13808 9328
13984 9328
14096 9328
14176 9328
14288 9328
14368 9328
14448 9328
14592 9328
14827 9328
14832 9361
14832 10670
14832 11352
14832 12254
14832 13332
11568 5170
11568 6930
11568 10010
11568 11594
11572 12628
11632 12628
11920 12628
12080 12628
12304 12628
12400 12628
12587 12628
12592 14465
10448 9471
10448 10428
10448 11484
10448 13552
10452 9328
10512 9328
10640 9328
10880 9328
11056 9328
11243 9328
11280 5170
11280 6930
2928 10142
2928 12034
2928 14575
2932 9592
3072 9592
3152 9592
3280 9592
3403 9592
3408 6347
4976 6160
4976 7744
4976 8382
4976 9768
4976 12430
4996 14388
5104 14388
5163 14388
5168 14520
1424 6083
1424 8668
1424 10362
1428 11792
1488 11792
1552 11792
1643 11792
1648 12683
10096 5060
10112 9328
10128 10043
10128 11484
10128 13552
688 6292
692 9812
784 9812
843 9812
848 10769
848 13002
15728 14564
15732 14476
15979 14476
15984 14564
9936 5060
9936 7634
9936 10164
9936 11484
9936 13552
6768 5940
6768 7744
6800 9548
6832 9999
6832 13057
9872 5060
9872 7634
9876 9328
10059 9328
10064 10043
10064 11484
10064 13552
5264 5720
5264 7040
5264 7744
5264 8349
5296 8448
5328 8635
5328 9878
5328 12947
4880 5225
4896 5368
4912 6303
4912 7744
4912 8382
4912 9768
4912 12430
4912 14531
9456 5060
9456 7414
9456 9449
9460 9548
9552 9548
9648 9548
9707 9548
9712 10384
9712 11924
9712 13552
18800 7205
18800 11407
18800 14564
18804 6512
18864 6512
18992 6512
19115 6512
19152 5082
19152 6336
11888 13695
11888 14465
11908 13596
12048 13596
12304 13596
12400 13596
12768 13596
12928 13596
13312 13596
13552 13596
13712 13596
13808 13596
13984 13596
14059 13596
14064 5280
14064 7590
14064 10274
14064 11924
14064 12738
14064 13563
1488 6292
1488 8668
1492 9592
1568 9592
1664 9592
1803 9592
1808 10395
1808 12738
4340 4840
4464 4840
4523 4840
4528 6567
4528 9658
4528 12320
6160 5830
6160 7744
6176 9328
6192 9669
6192 13057
7760 9141
7760 9680
7760 10318
7760 11704
7760 13552
7764 9108
7840 9108
7915 9108
7920 7524
8816 9669
8816 13552
8820 9328
8875 9328
8880 7414
6544 5940
6544 7744
6544 9603
6548 9636
6603 9636
6608 10043
6608 13057
9104 7524
9104 9482
9104 13552
9108 6820
9195 6820
9200 4950
6960 5940
6960 7744
6960 10010
6960 11605
6964 11748
7019 11748
7024 13376
7024 11924
9680 10384
9680 11924
9680 13552
9700 9328
9771 9328
9776 5060
9776 7634
7408 6820
7440 7744
7440 9152
7440 10318
7440 11704
7440 13761
10736 10164
10736 11594
10736 13442
10740 9108
10875 9108
10896 5060
12368 10109
12368 10736
12368 11924
12368 14465
12388 9988
12587 9988
12592 4510
12592 5500
12592 7260
12592 9779
15888 8239
15888 9592
15888 11902
15888 13442
15904 7832
15920 5390
15920 7106
12240 11924
12240 14465
12288 11440
12336 5390
12336 7414
12336 10120
12336 10736
17520 8701
17520 12265
17524 8228
17611 8228
17616 4389
17616 6204
17616 8195
11568 13431
11568 14465
11572 13068
11643 13068
11664 5170
11664 6930
11664 10010
11664 11924
14416 7590
14416 9966
14416 10604
14416 11286
14416 11924
14416 12738
14416 13442
14420 6820
14475 6820
14480 4598
14480 5698
17584 7645
17584 8998
17584 11935
17584 14564
17588 7612
17643 7612
17648 4389
17648 6204
624 6292
628 9152
720 9152
784 9152
848 9152
912 9152
976 9152
1104 9152
1248 9152
1328 9152
1392 9152
1456 9152
1568 9152
1664 9152
1771 9152
1776 10516
1776 12738
12208 6853
12208 7414
12208 10120
12208 10846
12208 11924
12208 14465
12212 6820
12288 6820
12411 6820
12432 4510
12432 5500
17776 4389
17776 5478
17776 6556
17780 7612
17835 7612
17840 7645
17840 9108
17840 11935
17840 14564
12112 5170
12112 6864
12112 7414
12112 9933
12116 10076
12171 10076
12176 10153
12176 10846
12176 11924
12176 14465
14128 5280
14128 7590
14128 10274
14128 11924
14128 12738
14128 13563
14132 13596
14299 13596
16656 11682
16656 13442
16656 14465
16660 9416
16848 9416
17488 9416
17552 9416
17680 9416
17936 9416
17995 9416
18000 4389
18000 5478
18000 6930
18000 9229
16560 9966
16560 11682
16560 13442
16560 14465
16592 9416
16624 5577
16624 8624
12144 9812
12144 10846
12144 11924
12144 14465
12148 8448
12288 8448
12432 8448
12560 8448
12752 8448
12848 8448
12912 8448
13008 8448
13259 8448
13264 4510
13264 5610
13264 7480
13264 8415
10032 7887
10032 10164
10032 11484
10032 13552
10052 7788
10123 7788
10128 5060
10128 7755
17616 8987
17616 11935
17616 14564
17620 8800
17680 8800
17936 8800
18256 8800
18363 8800
18416 5016
18416 6886
944 6292
944 8668
964 9592
1083 9592
1104 10505
1104 12958
12112 13321
12112 14465
12116 13288
12304 13288
12400 13288
12768 13288
12928 13288
13312 13288
13552 13288
13712 13288
13808 13288
13984 13288
14096 13288
14299 13288
14320 4708
14320 5698
14320 7590
14320 8998
14320 9966
14320 10604
14320 11286
14320 11924
14320 12738
7952 10318
7952 11704
7952 13222
7956 9724
8011 9724
8016 7524
8016 9537
17648 8239
17648 9108
17648 11935
17648 14564
17652 8140
17920 8140
18240 8140
18368 8140
18480 8140
18656 8140
18752 8140
18827 8140
18832 4807
18832 7447
14768 7623
14768 10670
14768 11352
14768 12254
14768 13332
14772 7040
14827 7040
14832 4598
14832 5808
12880 4510
12880 5610
12880 7370
12880 9636
12880 11176
12916 11880
13008 11880
13099 11880
13104 11913
13104 14465
7376 7260
7408 7744
7408 9152
7408 10318
7408 11704
7408 13761
17392 4675
17408 4708
17424 4741
17424 6314
17424 7876
17424 8888
17424 12265
10512 9581
10512 10428
10512 11484
10512 13552
10516 9548
10603 9548
10608 5060
15120 7854
15120 9372
15120 11792
15120 13222
15172 7040
15307 7040
15312 4598
15312 5808
10708 4620
10832 4620
10960 4620
11131 4620
11152 5049
11152 6930
11152 10120
11152 10692
11152 11594
11152 13442
11152 14465
11156 4620
11248 4620
11424 4620
11536 4620
11712 4620
11792 4620
11984 4620
12144 4620
12208 4620
12304 4620
12395 4620
12400 4521
16496 5522
16496 7216
16501 7392
16592 7392
16656 7392
16752 7392
16912 7392
17024 7392
17200 7392
17472 7392
17584 7392
17851 7392
17872 7535
17872 9108
17872 11935
17872 14564
7088 5940
7088 7744
7092 9856
7147 9856
7152 10384
7152 11704
7152 13541
17744 4389
17744 5599
17748 5940
17888 5940
18027 5940
18032 6809
18032 11517
18032 14564
14800 7744
14800 10670
14800 11352
14800 12254
14800 13332
14804 6820
14960 6820
15136 6820
15408 6820
15520 6820
15659 6820
15664 4598
15664 5808
17296 6193
17296 7876
17296 8624
17296 12265
17300 5236
17472 5236
17579 5236
17584 4389
16528 5577
16528 9163
16564 9196
16656 9196
16848 9196
17323 9196
17328 12265
8048 9669
8048 10318
8048 11704
8048 13222
8096 9636
8144 7524
8144 9603
13332 14256
13552 14256
13712 14256
13771 14256
13776 5610
13776 7590
13776 9636
13776 11924
13776 12738
13796 14256
14000 14256
14096 14256
14288 14256
14352 14256
14576 14256
14640 14256
14704 14256
14896 14256
15088 14256
15163 14256
9520 7403
9520 10010
9520 10736
9520 11924
9520 13552
9536 7260
9552 5060
11984 10274
11984 11924
11984 13222
11984 14465
11988 8448
12059 8448
12080 5170
12080 6864
12080 7414
8304 7414
8320 9328
8336 9515
8336 10318
8336 11704
8336 13222
8336 14146
12016 10725
12016 11924
12016 13222
12016 14465
12068 10472
12288 10472
12400 10472
12592 10472
12763 10472
12784 4510
12784 5610
12784 7370
12784 9636
18704 6875
18704 11407
18704 14564
18724 6072
18800 6072
18859 6072
18864 4807
12656 10956
12656 11924
12656 14465
12660 10252
12752 10252
12848 10252
12912 10252
13008 10252
13328 10252
13547 10252
13616 4510
13616 5610
13616 7590
13616 9636
13616 10219
17808 6589
17808 9108
17808 11935
17808 14564
17812 6556
17888 6556
17963 6556
17968 4389
17968 5478
17968 6369
3664 4521
3668 4620
3728 4620
3840 4620
3968 4620
4128 4620
4464 4620
4528 4620
4731 4620
4752 5929
4752 7744
4752 9658
4752 12430
4752 14531
3536 14641
3556 14168
3696 14168
3840 14168
3984 14168
4128 14168
4208 14168
4368 14168
4448 14168
4603 14168
4624 6314
4624 9768
4624 12441
4628 14168
4704 14168
4784 14168
5008 14168
5115 14168
5136 14641
4080 4884
4080 6963
4116 8536
4336 8536
4400 8536
4464 8536
4656 8536
4720 8536
4811 8536
4848 9768
4848 12430
4848 14531
1712 6083
1712 10637
1716 11440
1835 11440
1840 12738
8720 9372
8720 9944
8720 13552
8724 8668
8811 8668
8816 7414
13584 14564
13588 14476
13675 14476
13680 5610
13680 7590
13680 9636
13680 10208
13680 11924
13680 12738
13700 14476
13792 14476
14000 14476
14096 14476
14288 14476
14352 14476
14576 14476
14640 14476
14704 14476
14896 14476
15088 14476
15152 14476
15227 14476
15248 14564
15268 14476
15467 14476
15472 14564
16080 9581
16080 11902
16080 13442
16080 14465
16084 9548
16139 9548
16144 5896
16144 8096
16144 8624
13840 9636
13840 11924
13840 12738
13844 8448
13952 8448
14032 8448
14096 8448
14155 8448
14160 5280
14160 7590
17040 7865
17040 8888
17040 11242
17040 13871
17044 7612
17099 7612
17104 4642
17104 6248
15344 11902
15344 13222
15348 10076
15419 10076
15440 4598
15440 5808
15440 7634
15440 9592
15056 7733
15056 9372
15056 11792
15056 13222
15076 7260
15184 7260
15323 7260
15344 4598
15344 5808
15344 7161
4176 9911
4176 12210
4176 14641
4192 9812
4208 4884
4208 6842
4208 9174
18224 11517
18224 14564
18244 8360
18315 8360
18320 5016
18320 6886
12176 5170
12176 6864
12176 7414
12180 9768
12288 9768
12395 9768
12432 10736
12432 11924
12432 14465
14928 9361
14928 10670
14928 11352
14928 12254
14928 13222
14932 9328
14987 9328
14992 4598
14992 5808
14992 7634
16272 7975
16272 8624
16272 9812
16272 11902
16272 13442
16272 14465
16304 7832
16336 5896
9488 10010
9488 10736
9488 11924
9488 13552
9492 9328
9552 9328
9643 9328
9648 5060
16944 5973
16944 8888
16944 11242
16944 13871
16948 4796
17035 4796
17072 4092
17076 4180
17296 4180
17360 4180
17467 4180
17072 4466
17488 4092
13456 9636
13456 11924
13456 14575
13504 8448
13552 4510
13552 5610
13552 7590
14704 4598
14704 5808
14704 7260
14704 10791
14708 11044
14880 11044
15003 11044
15024 11825
15024 13222
10320 10307
10320 11484
10320 13552
10324 9856
10416 9856
10635 9856
10672 4950
10672 9713
10576 10428
10576 11594
10576 13442
10580 6820
10640 6820
10731 6820
10736 5060
6352 5830
6352 7744
6368 9328
6384 9889
6384 13057
11600 5170
11600 6930
11600 10010
11600 11561
11604 11660
11920 11660
12080 11660
12304 11660
12400 11660
12592 11660
12768 11660
12848 11660
12928 11660
13008 11660
13104 11660
13312 11660
13536 11660
13712 11660
13808 11660
13984 11660
14096 11660
14288 11660
14368 11660
14624 11660
14880 11660
14987 11660
14992 12133
14992 13222
16368 9999
16368 11902
16368 13442
16368 14465
16388 9944
16459 9944
16464 5687
16464 8624
16464 9262
16464 9911
4368 6842
4368 9174
4368 9922
4372 10472
4448 10472
4592 10472
4720 10472
4784 10472
5008 10472
5120 10472
5216 10472
5296 10472
5456 10472
5632 10472
5723 10472
5744 10615
5744 12947
13040 7469
13040 9636
13040 11396
13040 14465
13044 7260
13163 7260
13168 4510
13168 5610
7792 7744
7828 9636
7915 9636
7920 9669
7920 10318
7920 11704
7920 13222
16720 5577
16724 8580
16784 8580
17131 8580
17136 8767
17136 12265
18864 7425
18864 11407
18864 14564
18868 6732
18992 6732
19051 6732
19056 5027
12080 13211
12080 14465
12100 13068
12304 13068
12400 13068
12768 13068
12907 13068
12976 4510
12976 5610
12976 7370
12976 9636
12976 11396
12996 13068
13312 13068
13552 13068
13712 13068
13808 13068
13984 13068
14096 13068
14288 13068
14368 13068
14587 13068
14608 13321
15952 5390
15952 7106
15952 8107
15972 8360
16048 8360
16176 8360
16240 8360
16304 8360
16416 8360
16496 8360
16592 8360
16656 8360
16784 8360
17152 8360
17451 8360
17456 8767
17456 12265
5296 5720
5296 7040
5296 7744
5316 8228
5424 8228
5488 8228
5552 8228
5616 8228
5680 8228
5808 8228
5904 8228
6032 8228
6112 8228
6208 8228
6288 8228
6384 8228
6464 8228
6576 8228
6688 8228
6816 8228
6928 8228
7024 8228
7184 8228
7280 8228
7360 8228
7504 8228
7616 8228
7696 8228
7760 8228
7840 8228
7984 8228
8096 8228
8224 8228
8352 8228
8432 8228
8560 8228
8704 8228
8912 8228
9040 8228
9168 8228
9280 8228
9488 8228
9552 8228
9696 8228
9840 8228
10064 8228
10128 8228
10256 8228
10384 8228
10480 8228
10640 8228
10736 8228
10864 8228
10960 8228
11056 8228
11248 8228
11424 8228
11536 8228
11728 8228
11984 8228
12048 8228
12144 8228
12288 8228
12432 8228
12560 8228
12752 8228
12848 8228
12912 8228
13008 8228
13163 8228
13168 9636
13168 11924
13168 14465
11632 13541
11632 14465
11652 13288
11883 13288
11888 5170
11888 7150
11888 10120
11888 11924
11888 13189
15600 4598
15600 5808
15600 7337
15604 7612
15664 7612
15792 7612
15872 7612
15984 7612
16048 7612
16112 7612
16272 7612
16496 7612
16592 7612
16656 7612
16747 7612
16752 7711
16752 8888
16752 9966
16752 11572
16752 13442
16752 14465
5840 5720
5840 7744
5840 9570
5840 10637
5844 10780
5915 10780
5936 12947
528 6292
528 8668
548 9372
624 9372
720 9372
784 9372
848 9372
912 9372
976 9372
1104 9372
1248 9372
1328 9372
1392 9372
1456 9372
1568 9372
1664 9372
1808 9372
1872 9372
1936 9372
2032 9372
2251 9372
2256 12034
5872 5720
5872 7744
5872 9273
5892 9416
5963 9416
5968 9713
5968 10626
5968 12947
4688 6050
4688 7744
4688 9658
4708 10692
4784 10692
5008 10692
5120 10692
5216 10692
5296 10692
5451 10692
5488 10725
5488 12947
13200 8173
13200 9636
13200 11924
13200 14465
13204 8140
13312 8140
13419 8140
13456 4510
13456 5610
13456 7590
14928 4598
14928 5808
14944 7040
14960 7623
14960 10670
14960 11352
14960 12254
14960 13222
4432 6688
4432 9031
4452 9064
4656 9064
4720 9064
4800 9064
5024 9064
5120 9064
5200 9064
5280 9064
5424 9064
5499 9064
5520 9768
5520 10736
5520 12947
15248 4598
15248 5808
15248 7854
15248 9372
15268 10956
15472 10956
15632 10956
15728 10956
15984 10956
16048 10956
16176 10956
16240 10956
16304 10956
16459 10956
16464 11781
16464 13442
16464 14465
1776 4202
1780 4400
1888 4400
2000 4400
2059 4400
2064 6281
2064 11594
14896 4598
14896 5808
14896 7634
14916 8668
15088 8668
15184 8668
15328 8668
15408 8668
15504 8668
15632 8668
15787 8668
15792 9592
15792 11902
15792 13442
14512 7469
14512 9966
14512 10978
14512 11924
14512 12738
14512 13442
14560 7260
14608 4598
14608 5698
14608 7051
13360 4510
13360 5610
13360 7480
13392 8360
13424 8393
13424 9636
13424 11924
13424 14575
4560 6435
4564 8008
4656 8008
4720 8008
4784 8008
4880 8008
5056 8008
5136 8008
5200 8008
5328 8008
5424 8008
5488 8008
5552 8008
5616 8008
5680 8008
5808 8008
5904 8008
6032 8008
6112 8008
6208 8008
6288 8008
6384 8008
6464 8008
6576 8008
6688 8008
6816 8008
6928 8008
7024 8008
7184 8008
7280 8008
7360 8008
7504 8008
7616 8008
7696 8008
7760 8008
7840 8008
7984 8008
8096 8008
8224 8008
8352 8008
8432 8008
8560 8008
8704 8008
8912 8008
9040 8008
9168 8008
9280 8008
9488 8008
9552 8008
9696 8008
9840 8008
9963 8008
9968 10164
9968 11484
9968 13552
5040 5841
5060 6600
5136 6600
5200 6600
5360 6600
5488 6600
5552 6600
5616 6600
5680 6600
5808 6600
5904 6600
6032 6600
6112 6600
6208 6600
6320 6600
6384 6600
6464 6600
6576 6600
6688 6600
6816 6600
6928 6600
7024 6600
7184 6600
7280 6600
7472 6600
7648 6600
7856 6600
7984 6600
8096 6600
8192 6600
8272 6600
8352 6600
8432 6600
8560 6600
8704 6600
8848 6600
8912 6600
9040 6600
9104 6600
9264 6600
9504 6600
9680 6600
9744 6600
9840 6600
10000 6600
10064 6600
10160 6600
10256 6600
10384 6600
10576 6600
10640 6600
10864 6600
10960 6600
11056 6600
11120 6600
11248 6600
11424 6600
11536 6600
11712 6600
11792 6600
11984 6600
12144 6600
12208 6600
12288 6600
12400 6600
12464 6600
12560 6600
12624 6600
12752 6600
12848 6600
12912 6600
13040 6600
13136 6600
13200 6600
13312 6600
13424 6600
13488 6600
13584 6600
13648 6600
13840 6600
13952 6600
14096 6600
14256 6600
14416 6600
14512 6600
14576 6600
14640 6600
14784 6600
14960 6600
15136 6600
15408 6600
15520 6600
15792 6600
15872 6600
15995 6600
16016 6985
16016 7986
16016 8844
16016 9592
16016 11902
16016 13442
16016 14377
16016 14564
16032 14476
16048 14564
4928 5060
4944 6149
4944 7744
4944 8382
4944 9768
4944 12430
4944 14531
14352 4708
14352 5698
14352 7590
14356 8448
14592 8448
14832 8448
14928 8448
15088 8448
15184 8448
15328 8448
15408 8448
15504 8448
15632 8448
15792 8448
15851 8448
15856 8547
15856 9592
15856 11902
15856 13442
5328 5720
5344 6820
5360 7029
5360 7744
5360 8646
5360 9878
5360 12947
11408 9581
11408 10384
11408 11594
11408 12518
11408 13442
11408 14465
11428 9328
11824 9328
12064 9328
12288 9328
12363 9328
12368 5379
12368 7414
12388 4840
12464 4840
12560 4840
12624 4840
12736 4840
12848 4840
12912 4840
13040 4840
13136 4840
13200 4840
13312 4840
13424 4840
13488 4840
13584 4840
13648 4840
13840 4840
13952 4840
14027 4840
14032 4631
14032 5489
14036 6820
14096 6820
14219 6820
14224 7590
14224 10274
14224 11286
14224 11924
14224 12738
14224 13915
14228 13816
14288 13816
14368 13816
14576 13816
14640 13816
14704 13816
14896 13816
15088 13816
15216 13816
15408 13816
15504 13816
15611 13816
15632 14465
5744 5720
5744 7744
5744 9559
5760 9592
5776 9801
5776 10626
5776 12947
9040 9372
9040 13552
9044 8668
9131 8668
9136 4950
9136 7524
4848 6160
4848 7744
4864 8228
4880 8371
4880 9768
4880 12430
4880 14531
18576 6875
18576 11407
18576 14564
18592 6072
18608 4807
14292 4400
14411 4400
16816 5665
16816 11242
16816 13442
16816 14465
16820 4180
16875 4180
16880 4092
2864 6347
2880 9152
2896 9361
2896 10142
2896 12034
2896 14575
18928 7546
18928 11407
18928 14564
18932 6072
18987 6072
18992 4862
18992 5896
6000 5720
6000 7744
6000 9680
6000 10593
6020 10692
6128 10692
6240 10692
6496 10692
6656 10692
6768 10692
6896 10692
7072 10692
7232 10692
7536 10692
7712 10692
7824 10692
8016 10692
8112 10692
8256 10692
8400 10692
8464 10692
8624 10692
8688 10692
8752 10692
9072 10692
9264 10692
9403 10692
9456 10725
9456 11924
9456 13552
15696 4587
15696 5808
15696 7106
15696 8030
15696 9592
15696 11902
15696 13442
15696 14465
15700 4400
15755 4400
16880 5819
16880 8888
16880 11242
16880 13442
16880 14465
16911 4488
16944 4070
16944 4312
3216 6347
3216 10153
3252 10252
3344 10252
3440 10252
3584 10252
3840 10252
3984 10252
4128 10252
4208 10252
4448 10252
4592 10252
4720 10252
4784 10252
5008 10252
5120 10252
5216 10252
5296 10252
5456 10252
5632 10252
5728 10252
5808 10252
5888 10252
6032 10252
6128 10252
6240 10252
6347 10252
6352 10351
6352 13057
13744 10197
13744 11924
13744 12738
13748 10164
13808 10164
13899 10164
13904 4510
13904 5610
13904 7590
13904 10021
6064 5830
6064 7744
6064 9680
6116 11220
6240 11220
6496 11220
6656 11220
6768 11220
6896 11220
7072 11220
7232 11220
7536 11220
7712 11220
7824 11220
8016 11220
8112 11220
8256 11220
8400 11220
8464 11220
8624 11220
8688 11220
8752 11220
9072 11220
9264 11220
9392 11220
9568 11220
9819 11220
9872 11583
9872 13552
17104 8019
17104 8888
17104 12265
17108 7920
17163 7920
17168 4642
17168 6248
17168 7777
17168 8767
17168 12265
17172 8580
17227 8580
17232 5786
17232 7876
10064 5060
10068 6160
10160 6160
10256 6160
10384 6160
10576 6160
10640 6160
10704 6160
10800 6160
10864 6160
10960 6160
11056 6160
11120 6160
11248 6160
11424 6160
11536 6160
11712 6160
11792 6160
11984 6160
12144 6160
12208 6160
12288 6160
12400 6160
12464 6160
12560 6160
12624 6160
12715 6160
12720 7370
12720 9636
12720 10956
12720 11924
12720 14465
4656 6171
4660 7480
4720 7480
4784 7480
4880 7480
5056 7480
5136 7480
5200 7480
5328 7480
5424 7480
5488 7480
5552 7480
5616 7480
5680 7480
5808 7480
5904 7480
6032 7480
6112 7480
6208 7480
6288 7480
6384 7480
6464 7480
6576 7480
6688 7480
6816 7480
6928 7480
7024 7480
7184 7480
7280 7480
7360 7480
7504 7480
7616 7480
7696 7480
7760 7480
7851 7480
7888 7623
7888 10318
7888 11704
7888 13222
5712 5720
5712 7744
5716 8888
5808 8888
5904 8888
6032 8888
6112 8888
6208 8888
6288 8888
6384 8888
6464 8888
6576 8888
6688 8888
6816 8888
6928 8888
7024 8888
7184 8888
7280 8888
7360 8888
7504 8888
7616 8888
7696 8888
7760 8888
7840 8888
7984 8888
8096 8888
8224 8888
8352 8888
8432 8888
8560 8888
8624 8888
8688 8888
8816 8888
9008 8888
9136 8888
9248 8888
9488 8888
9552 8888
9696 8888
9840 8888
10064 8888
10128 8888
10251 8888
10288 10274
10288 11484
10288 13552
17744 6435
17744 7656
17744 9108
17744 11935
17744 14564
17748 6248
17803 6248
17808 4389
17808 5478
17808 6215
9616 10274
9616 11924
9616 13552
9620 7568
9691 7568
9712 5060
9712 7535
17232 8921
17232 12265
17236 8888
17323 8888
17328 4708
17328 6314
17328 7876
17328 8745
18896 7546
18896 11407
18896 14564
18900 6292
18992 6292
19083 6292
19088 4972
19088 6116
304 8547
304 12133
372 8404
496 8404
560 8404
752 8404
848 8404
912 8404
976 8404
1104 8404
1248 8404
1328 8404
1392 8404
1456 8404
1568 8404
1680 8404
1776 8404
1888 8404
2000 8404
2240 8404
2336 8404
2455 8404
2512 6028
2512 8228
2517 8404
2603 8404
2640 8547
2640 10142
2640 12034
5680 5841
5684 6380
5808 6380
5904 6380
6032 6380
6112 6380
6208 6380
6320 6380
6384 6380
6464 6380
6576 6380
6688 6380
6816 6380
6928 6380
7024 6380
7184 6380
7280 6380
7472 6380
7648 6380
7856 6380
7984 6380
8096 6380
8192 6380
8272 6380
8352 6380
8432 6380
8560 6380
8704 6380
8848 6380
8912 6380
9040 6380
9104 6380
9264 6380
9504 6380
9680 6380
9744 6380
9840 6380
10000 6380
10064 6380
10160 6380
10256 6380
10384 6380
10576 6380
10640 6380
10699 6380
10704 10164
10704 11594
10704 13442
4304 4884
4304 6842
4304 9064
4304 9922
4304 12210
4304 14641
2128 6292
2132 10032
2320 10032
2411 10032
2448 10131
2448 12034
3184 10142
3184 12034
3184 13926
3184 14575
3188 9372
3280 9372
3504 9372
3563 9372
3568 6666
3588 9372
3659 9372
3664 10582
3664 12540
3664 14641
5424 5720
5424 6941
5428 7040
5488 7040
5552 7040
5616 7040
5680 7040
5808 7040
5904 7040
6032 7040
6112 7040
6208 7040
6320 7040
6384 7040
6464 7040
6576 7040
6688 7040
6816 7040
6928 7040
7024 7040
7184 7040
7280 7040
7392 7040
7504 7040
7648 7040
7856 7040
7984 7040
8096 7040
8192 7040
8272 7040
8352 7040
8432 7040
8560 7040
8704 7040
8912 7040
8976 7040
9040 7040
9200 7040
9264 7040
9504 7040
9680 7040
9744 7040
9840 7040
10000 7040
10064 7040
10160 7040
10256 7040
10384 7040
10640 7040
10736 7040
10864 7040
10960 7040
11056 7040
11115 7040
11120 10120
11120 10692
11120 11594
11120 13442
11120 14465
15568 8019
15568 9592
15568 11902
15568 13332
15568 14465
15600 7832
15632 4598
15632 5808
15632 7216
16112 7975
16112 8624
16112 11902
16112 13442
16112 14465
16116 7832
16171 7832
16176 5896
5392 5720
5392 7040
5392 7744
5412 8448
5488 8448
5552 8448
5616 8448
5680 8448
5808 8448
5904 8448
6032 8448
6112 8448
6208 8448
6288 8448
6384 8448
6464 8448
6576 8448
6688 8448
6816 8448
6928 8448
7024 8448
7184 8448
7280 8448
7360 8448
7504 8448
7616 8448
7696 8448
7760 8448
7840 8448
7984 8448
8096 8448
8224 8448
8352 8448
8432 8448
8560 8448
8704 8448
8912 8448
9040 8448
9168 8448
9280 8448
9488 8448
9552 8448
9696 8448
9840 8448
10064 8448
10128 8448
10256 8448
10384 8448
10480 8448
10640 8448
10736 8448
10864 8448
10960 8448
11056 8448
11248 8448
11424 8448
11531 8448
11536 10010
11536 11594
11536 13442
11536 14465
4592 6314
4596 9284
4651 9284
4656 9647
4656 12320
4656 14531
3920 4884
3920 7150
3920 12210
3920 14641
14032 10274
14032 11924
14032 12738
14032 13926
14036 9108
14096 9108
14171 9108
14192 5280
14192 7590
2384 6083
2432 9372
2480 9801
2480 12034
2928 6347
2932 9152
3019 9152
3024 9251
3024 10142
3024 12034
3024 13926
3024 14575
5168 4510
5168 5720
5168 7040
5168 7744
5168 8536
5168 9878
5168 10967
5204 11000
5296 11000
5440 11000
5632 11000
5712 11000
5824 11000
5904 11000
6016 11000
6128 11000
6240 11000
6496 11000
6656 11000
6768 11000
6896 11000
7072 11000
7232 11000
7536 11000
7712 11000
7824 11000
8016 11000
8112 11000
8256 11000
8400 11000
8464 11000
8624 11000
8688 11000
8752 11000
9072 11000
9264 11000
9392 11000
9568 11000
9824 11000
10096 11000
10192 11000
10256 11000
10416 11000
10640 11000
10864 11000
11088 11000
11264 11000
11456 11000
11931 11000
11952 11924
11952 13222
11952 14465
2544 6083
2544 8668
2580 9372
2704 9372
2827 9372
2832 9471
2832 10142
2832 12034
2832 14575
1808 4081
1808 6402
1812 9152
1872 9152
1936 9152
1995 9152
2000 10626
2000 12628
2000 4092
2004 4180
2064 4180
2187 4180
2192 6171
2192 12034
11216 9581
11216 10692
11216 11594
11216 13442
11216 14465
11264 9548
11312 5170
11312 6930
11312 9449
8656 9823
8656 13552
8676 9636
8747 9636
8752 7414
8752 9493
1008 6292
1008 8668
1008 10747
1012 11660
1072 11660
1147 11660
1168 12958
1296 6292
1296 8668
1296 10362
1316 11792
1387 11792
1392 13024
1360 6083
1360 8668
1360 10362
1364 12012
1424 12012
1488 12012
1547 12012
1552 12793
2032 6402
2036 9152
2219 9152
2224 12034
592 6292
596 8624
731 8624
752 8657
752 11924
1744 6083
1744 10516
1748 11660
1872 11660
1968 11660
2027 11660
2032 12507
4336 9053
4336 9922
4336 12210
4336 14641
4340 8756
4400 8756
4464 8756
4656 8756
4720 8756
4800 8756
5024 8756
5099 8756
5104 5720
5104 7040
5104 7744
5104 8503
2096 6292
2100 9812
2283 9812
2288 12034
3056 6347
3088 9152
3120 9251
3120 10142
3120 12034
3120 13926
3120 14575
3248 6347
3268 10032
3344 10032
3440 10032
3584 10032
3840 10032
3995 10032
4048 12210
4048 14641
3472 14520
3476 14388
3568 14388
3696 14388
3840 14388
3984 14388
4128 14388
4208 14388
4267 14388
4272 4884
4272 6842
4272 9064
4272 9922
4272 12210
4276 14388
4363 14388
4368 14520
17552 14443
17556 14234
17680 14234
18000 14234
18256 14234
18416 14234
18656 14234
18736 14234
18832 14234
2544 10021
2544 12034
2580 9812
2704 9812
2864 9812
2955 9812
2960 6347
12896 14256
11716 4400
11787 4400
13232 14564
13236 14476
13323 14476
13360 14564
8500 14256
8619 14256
12752 14564
12772 14476
12896 14476
12987 14476
13008 14564
7796 14256
8016 14256
8091 14256
7828 14036
8016 14036
8112 14036
8203 14036
8208 14135
7860 13816
8016 13816
8112 13816
8256 13816
8395 13816
8400 14025
2992 6347
2996 9812
3051 9812
3056 10021
3056 12034
3056 13926
3056 14575
2640 4092
2720 4180
2800 6435
2800 10142
2800 12034
2800 14575
17136 4642
17136 6248
17136 7656
17156 8140
17259 8140
17264 8624
17264 12265
16784 5577
16784 7733
16788 7832
16987 7832
17008 7975
17008 8888
17008 11242
17008 13871
3088 10021
3088 12034
3088 13926
3088 14575
3092 9812
3152 9812
3280 9812
3339 9812
3344 6347
2288 6083
2324 9152
2448 9152
2592 9152
2715 9152
2768 10142
2768 12034
2768 14575
3344 12133
3344 14245
3348 10912
3440 10912
3552 10912
3691 10912
3696 7150
3696 10703
10276 4400
10384 4400
10576 4400
10832 4400
10960 4400
11136 4400
11248 4400
11424 4400
11531 4400
1936 4081
1936 6402
1936 8679
1940 8712
2000 8712
2240 8712
2336 8712
2459 8712
2512 9812
2512 12034
16432 5687
16432 7953
16436 8052
16496 8052
16592 8052
16656 8052
16784 8052
16971 8052
16976 8085
16976 8888
16976 11242
16976 13871
16080 5896
16080 7986
16080 8745
16084 8888
16176 8888
16240 8888
16304 8888
16416 8888
16576 8888
16656 8888
16715 8888
16720 8921
16720 9966
16720 11572
16720 13442
16720 14465
3376 12254
3376 14245
3380 9152
3504 9152
3600 9152
3664 9152
3840 9152
3968 9152
4043 9152
4048 4884
4048 7271
3632 7029
3632 10582
3632 12540
3632 14641
3652 5148
3840 5148
3968 5148
4128 5148
4336 5148
4395 5148
4400 5115
15728 4708
15728 5808
15728 7106
15728 8030
15728 9592
15732 10516
15984 10516
16048 10516
16176 10516
16240 10516
16304 10516
16400 10516
16464 10516
16528 10516
16592 10516
16683 10516
16688 11561
16688 13442
16688 14465
15376 4598
15376 5808
15376 7634
15396 9328
15504 9328
15632 9328
15984 9328
16064 9328
16176 9328
16240 9328
16304 9328
16411 9328
16432 9361
16432 11902
16432 13442
16432 14465
13392 4510
13392 5610
13412 7260
13488 7260
13584 7260
13648 7260
13840 7260
13952 7260
14032 7260
14096 7260
14272 7260
14475 7260
14480 7469
14480 9966
14480 10978
14480 11924
14480 12738
14480 13442
12816 4510
12816 5610
12816 7370
12816 9636
12836 10472
12912 10472
13008 10472
13328 10472
13552 10472
13712 10472
13808 10472
13899 10472
13904 10571
13904 11924
13904 12738
13104 4510
13104 5610
13104 6930
13104 7590
13104 9636
13108 11352
13312 11352
13536 11352
13712 11352
13808 11352
13984 11352
14096 11352
14187 11352
14192 11385
14192 11924
14192 12738
14192 13926
12528 4510
12528 5500
12528 7260
12528 9548
12532 10692
12592 10692
12800 10692
12912 10692
13008 10692
13328 10692
13547 10692
13616 11924
13616 12738
13232 4510
13232 5610
13232 7480
13232 9636
13316 10912
13536 10912
13712 10912
13808 10912
13984 10912
14096 10912
14176 10912
14288 10912
14368 10912
14443 10912
14448 11165
14448 11924
14448 12738
14448 13442
12656 4510
12656 5500
12656 7370
12656 9757
12660 9944
12752 9944
12848 9944
12912 9944
13008 9944
13328 9944
13536 9944
13728 9944
13808 9944
13867 9944
13872 11924
13872 12738
13520 4510
13520 5610
13520 7590
13520 8195
13524 8228
13584 8228
13648 8228
13840 8228
13952 8228
14032 8228
14096 8228
14272 8228
14592 8228
14731 8228
14736 10670
14736 11352
14736 12254
14736 13332
12944 4510
12944 5610
12944 7370
12944 9636
12944 11033
12948 11132
13008 11132
13312 11132
13536 11132
13712 11132
13808 11132
13984 11132
14096 11132
14155 11132
14160 11924
14160 12738
14160 13926
15024 4598
15024 5808
15024 7634
15024 9372
15024 10637
15028 10736
15088 10736
15184 10736
15280 10736
15472 10736
15632 10736
15728 10736
15984 10736
16048 10736
16176 10736
16240 10736
16304 10736
16395 10736
16400 11902
16400 13442
16400 14465
17552 4389
17552 6314
17552 7656
17552 8525
17556 8580
17616 8580
17680 8580
17936 8580
18256 8580
18352 8580
18480 8580
18656 8580
18736 8580
18832 8580
18987 8580
18992 11286
18992 14564
14672 4598
14672 5808
14672 7260
14676 9856
14880 9856
14992 9856
15088 9856
15184 9856
15280 9856
15344 9856
15408 9856
15504 9856
15632 9856
15984 9856
16048 9856
16139 9856
16144 9955
16144 11902
16144 13442
16144 14465
14448 4598
14448 5698
14448 7590
14452 9108
14592 9108
14880 9108
15088 9108
15184 9108
15328 9108
15408 9108
15504 9108
15632 9108
15915 9108
15920 9592
15920 11902
15920 13442
400 14520
485 14036
656 14036
800 14036
928 14036
1072 14036
1136 14036
1296 14036
1424 14036
1520 14036
1712 14036
1872 14036
1968 14036
2128 14036
2320 14036
2379 14036
400 14212
2404 14036
2587 14036
432 14564
500 14476
656 14476
800 14476
928 14476
1072 14476
1136 14476
1264 14476
1360 14476
1424 14476
1520 14476
1712 14476
1872 14476
1968 14476
2128 14476
2320 14476
2416 14476
2576 14476
2667 14476
2672 14564
14384 4708
14384 5698
14384 7590
14388 8888
14592 8888
14880 8888
15088 8888
15184 8888
15328 8888
15408 8888
15504 8888
15632 8888
15931 8888
15952 8987
15952 9592
15952 11902
15952 13442
13652 4400
13851 4400
13872 4499
13872 5610
13872 7590
13872 9603
13876 9636
13984 9636
14096 9636
14176 9636
14288 9636
14368 9636
14448 9636
14592 9636
14880 9636
14992 9636
15088 9636
15184 9636
15280 9636
15355 9636
15376 11902
15376 13222
15392 14256
11024 5060
11024 9592
11024 10692
11024 11594
11024 12749
11028 12848
11088 12848
11248 12848
11472 12848
11568 12848
11632 12848
11920 12848
12080 12848
12304 12848
12400 12848
12768 12848
12896 12848
13008 12848
13312 12848
13483 12848
13488 14575
10224 10153
10224 11484
10224 13552
10244 9548
10315 9548
10320 5060
17712 7656
17712 9108
17712 11935
17712 14564
17716 7172
17835 7172
17840 4389
17840 5478
17840 6248
17840 7139
18032 4389
18032 5445
18036 5632
18123 5632
18128 7106
18128 11517
18128 14564
17360 4697
17360 6314
17360 7876
17360 8888
17360 12265
17364 4400
17419 4400
18160 4092
18164 4180
18288 4180
18384 4180
18491 4180
18544 4895
18544 6886
18544 11407
18544 14564
13936 10274
13936 11924
13936 12738
13968 9108
14000 4510
14000 5610
14000 7590
18096 4543
18100 5852
18160 5852
18288 5852
18384 5852
18480 5852
18576 5852
18688 5852
18800 5852
18923 5852
18960 7546
18960 11407
18960 14564
13648 9636
13648 10208
13648 11924
13648 12738
13652 8448
13707 8448
13712 5610
13712 7590
2160 6292
2160 10373
2164 10472
2320 10472
2400 10472
2592 10472
2704 10472
2864 10472
2976 10472
3152 10472
3248 10472
3344 10472
3440 10472
3579 10472
3600 10571
3600 12540
3600 14641
17392 6314
17392 7876
17392 8888
17392 12265
17396 5016
17472 5016
17888 5016
18059 5016
18064 4334
18064 4840
