COORDS
1748 2 336556
15440 11286
16688 8228
17936 6116
6320 12144
6400 9680
6480 6842
1232 10098
1376 5588
1520 4796
4272 12452
4400 10296
4528 7150
5088 10296
5648 8624
5968 6952
5648 12452
6288 5478
6288 7986
6320 9020
6352 11814
6736 9020
7120 6820
18224 4213
18642 4422
14128 7084
14704 9548
15280 11946
3504 11814
4656 9020
5808 6512
784 5390
880 6776
976 7150
1040 7524
1104 11066
9104 12078
10464 9548
11824 6776
10768 11770
11264 8932
11760 6468
10064 13046
10576 11484
11088 8052
9072 11550
10592 8492
12112 6248
8688 12782
10368 10956
12048 7480
8656 12672
10528 10736
12400 7370
8528 12298
10432 9988
12336 6996
8464 12408
8512 10208
8560 7414
7216 11770
7488 8932
7760 6776
12560 12056
13360 9768
14160 7194
13680 10912
16016 7480
18352 5742
17712 11528
17936 8448
18160 6226
12784 12166
13840 9988
14896 7304
13712 9482
4208 7634
6304 11264
8400 12936
10480 4862
11392 5104
12304 9724
12592 12166
12624 9988
12656 7304
14864 12276
14944 10208
15024 7414
4432 5808
6112 7612
7792 11110
16496 7678
17456 10736
18416 12672
1200 10318
1232 6028
1264 5016
16400 7568
17152 10516
17904 12562
3984 7524
6128 11044
8272 12826
16336 11946
16656 9548
16976 6776
1008 4906
1024 5808
1040 10208
5808 11968
5872 9328
5936 6666
4432 11550
4544 8492
4656 6248
16848 12914
17616 11484
18384 7744
8240 12034
8336 9460
8432 7040
1584 10582
1632 6556
1680 5280
2576 4906
2624 5808
2672 10208
16944 5852
16976 7700
17008 11022
880 9834
1136 5060
1392 4532
5520 13200
5600 11792
5680 7898
3888 6248
4016 8492
4144 11550
16592 12650
17344 10956
18096 7480
8016 12034
8080 9460
8144 7040
16784 9680
17296 5016
17808 4510
784 10846
944 7084
1104 5544
7728 12298
7824 9988
7920 7304
5232 13046
5376 11484
5520 7744
3856 9306
4720 11924
4848 9240
4976 6622
17616 11154
18144 7700
18672 5852
7376 12034
7440 9460
7504 7040
1808 12452
1888 10296
1968 7150
12528 6446
12688 8888
12848 11616
14608 8888
16368 6754
16368 9438
17088 9988
17808 12298
1680 10736
1744 6864
1808 5434
5936 12408
6048 10208
6160 7106
17680 12892
18096 11176
18512 7590
10320 5236
10960 5852
11600 10230
18800 5093
18930 6182
4848 14520
5536 14432
6224 11946
6304 9460
6224 14520
6384 6732
1936 10164
2016 5720
2096 4862
816 9944
1024 5280
1232 4642
18448 4389
18754 4774
6672 6886
6736 9768
6800 11154
9392 12540
6800 13750
6800 12694
11984 8272
12128 12540
12272 13442
10736 12408
11600 10208
12464 7106
8784 12034
8880 9460
8976 7040
3280 6028
5424 8052
7568 11330
10544 13156
10592 11704
10640 8162
7824 7458
7872 10296
7920 12452
10608 14168
11296 13728
11984 13288
12016 12848
11984 14036
12048 12166
12160 11484
12272 7744
9360 14520
10400 14432
11440 11022
12288 7612
11440 14520
13136 6116
5776 4202
5888 4400
6000 4202
6000 8052
8176 11704
10352 11440
10448 11176
10352 13156
10544 7898
11568 11660
11616 8712
11664 6358
656 9306
16304 11396
16976 8448
17648 6226
6608 12144
6624 9680
6640 6842
6032 4202
6048 4400
6064 4202
11632 6666
11920 9328
12208 11836
253 4422
304 4213
10864 10890
12272 7172
13680 5896
9520 13838
10880 13068
12240 12496
13024 11924
12240 13706
13808 8272
7536 12034
7744 9460
7952 7040
3120 6248
3200 8492
3280 11550
11376 9306
3152 11660
3200 8712
3248 6358
1392 10472
1472 6336
1552 5170
464 9108
576 14212
688 14410
7600 12144
7632 9680
7664 7150
5360 8052
5520 12100
5680 13354
10032 10560
10112 6512
10192 5566
3056 5522
4272 7040
5488 10824
9936 12892
10016 11176
10096 7898
560 4092
656 4180
752 4092
752 8096
2976 12012
5200 13310
4944 11660
5168 8712
5392 5698
5392 8052
5824 7392
6256 5698
6256 8800
6624 10208
6992 12320
6992 14520
7200 14432
7408 14520
9232 11330
9280 8052
9328 6336
4880 7370
5888 10736
6896 10252
6992 9768
6896 12672
7088 7194
3760 12672
3904 10736
4048 7370
8304 12144
8352 9680
8400 7150
9776 11440
11280 8272
12784 6446
7056 9614
14320 7194
14416 9768
14512 12056
14704 12276
14720 10208
14736 7414
2928 5918
3296 7832
3664 11220
4128 7832
4592 5918
13072 9482
10480 10560
11552 6512
12624 5566
6896 7040
7008 9460
7120 12034
3408 7150
3568 10296
3728 12452
7248 12188
7328 9768
7408 7194
3568 6886
3744 9768
3920 12188
2896 7040
3216 10076
3536 12342
4144 10076
4752 7040
12720 12166
12736 9988
12752 7304
2800 12034
2816 9460
2832 6732
8112 12144
8160 9680
8208 7150
1328 10362
1392 6116
1456 5060
12176 7524
12336 11044
12496 12694
9136 12188
10336 9768
11536 6886
11312 11880
11392 9152
11472 6578
9296 11110
10096 7612
10896 6116
5072 5918
5792 7832
6512 11220
9904 11220
10336 7832
10768 6226
5040 6248
5984 8492
6928 11550
11280 13200
11312 11792
11344 7898
5456 6996
6448 9988
7440 12298
12592 6248
12608 8492
12624 11418
12368 11836
14704 9328
17040 6666
11632 12056
11664 9768
11696 6886
14480 11726
14496 9108
14512 6864
17520 6380
17584 8756
17648 11682
592 4356
608 4708
624 9658
11408 7854
11904 11704
12400 13024
13296 11704
14192 8162
11600 4774
11840 5544
12080 9944
17552 6490
17664 8976
17776 11792
12464 12540
12480 10736
12496 7370
17744 11638
17808 8668
17872 6336
16624 11022
16640 7700
16656 6160
13232 11946
13344 9548
13456 7084
10192 12408
10272 10208
10352 7414
18736 4741
18898 5478
912 9658
992 4708
1072 4356
14320 12276
14384 10208
14448 7414
7696 12144
7712 9680
7728 7150
18640 4565
18850 5126
14768 12276
14784 10208
14800 7414
9872 6336
10000 8052
10128 11330
16496 12694
16512 11044
16528 7832
15376 11946
15392 9548
15408 7084
5712 4092
5776 4180
5840 4092
5968 4180
6096 4092
6096 8052
6384 11924
6672 13266
6688 11924
6704 7964
6784 11924
6864 13266
7152 12034
7200 9460
7248 7040
7312 14388
11632 14168
15952 14256
15664 11946
15904 9548
16144 7084
17584 11264
17824 7920
18064 5962
14608 7194
15520 9768
16432 12056
4560 4092
4672 4180
4784 4092
4784 8250
6464 12320
8144 13464
9616 12408
9648 10208
9680 7414
12112 12056
12176 9768
12240 6886
8368 12254
8416 9900
8464 7260
18896 5269
18978 6534
11952 11682
12080 9020
12208 6512
10320 10560
10368 6512
10416 5566
4336 4774
7808 5544
11280 4774
11280 8514
11552 11484
11824 12914
12656 12320
12848 10296
13040 7458
11888 6776
12528 9548
13168 11946
3344 12188
3440 9768
3536 6886
6128 4092
6352 4180
6576 4092
6576 6006
6656 7832
6736 11220
11792 11528
11872 8712
11952 6358
7216 6556
7968 8492
8720 11550
4816 6886
5440 9768
6064 12188
8944 12408
9200 10208
9456 7414
9968 12408
10016 10208
10064 7414
3632 6776
4800 9548
5968 12078
15536 12166
15568 9988
15600 7304
11728 12056
11824 9768
11920 6886
6448 11000
6688 7392
6928 6006
4304 11660
4512 8712
4720 6358
944 14520
1552 14432
2160 12518
2208 10604
2160 14520
2256 7304
7824 14278
11904 13948
15984 14146
5488 5368
8320 6732
11152 10670
13424 5038
13824 5456
14224 4708
14224 5126
14528 4796
14832 4708
14912 4796
14992 4708
15184 4796
15376 4708
15376 5500
15504 6204
15632 10274
15903 6204
16176 4708
16368 4796
16176 5478
16560 4708
16640 4796
16720 4708
16784 4796
16848 4708
12880 4928
12944 5236
13008 4928
13152 5236
13296 4928
13823 5236
14352 4818
14496 5016
14352 5104
14640 4818
14704 5016
14768 4818
14864 5016
14960 4818
15104 5016
15248 4818
15248 5764
15712 6512
16176 10428
16239 6512
16304 4818
16448 5016
16304 5742
16592 4818
4464 6886
4528 9768
4592 12188
11024 12936
14064 11264
17104 7634
2384 10054
2448 5500
2512 4752
1648 14190
2304 13772
2960 11616
3024 9460
2960 14190
3088 6732
1296 14300
1920 13992
2544 9746
2608 5500
2544 14300
2672 4752
9648 11220
9696 7832
9744 6226
9488 12408
9536 10208
9584 7414
8816 12144
8832 9680
8848 7150
5136 13574
5232 12540
5328 8272
3088 12562
3584 10516
4080 7260
3248 12034
3296 9460
3344 6732
10960 11880
10992 9152
11024 6886
2992 12144
3088 9680
3184 6842
10896 11264
11040 7920
11184 6270
10832 11880
10880 9152
10928 6886
2000 14410
2688 14212
3376 11462
3440 8712
3376 14410
3504 6358
2224 10054
2288 5500
2352 4752
6544 7744
7712 11484
8880 13046
13296 12276
13312 10208
13328 7414
17136 14256
17890 14168
4208 13156
4704 11704
5200 7854
11760 13816
14512 13288
17264 8646
17264 13596
17792 13948
18320 14278
15824 12320
16448 10296
17072 7150
9712 12408
9776 10208
9840 7414
17072 13024
17200 11704
17328 7854
16464 12056
17696 9768
18928 6886
2736 6138
5296 8272
7856 11440
13136 11132
13184 7920
13232 6270
16720 11022
16736 7700
16752 6160
15920 12166
15968 9988
16016 7304
15504 11946
15520 9548
15536 7084
205 13992
208 8998
368 13992
528 14300
16016 12430
16032 10516
16048 7568
16048 12584
16064 10824
16080 7722
14032 11946
14048 9548
14064 7084
13584 9482
14608 12276
14640 10208
14672 7414
13392 9482
16688 9790
17232 5236
17776 4620
16208 9482
5104 11924
5168 9240
5232 4224
5232 7018
6112 4796
5232 4642
6992 4708
4400 7260
9376 10516
14352 12430
5392 11924
5488 9240
5584 6622
5776 11660
5840 8712
5904 6358
944 5654
1216 7304
1488 10956
3664 5632
3840 7260
4016 10934
7984 11770
9360 8932
10736 6776
5616 7744
5888 11484
6160 13046
17232 4202
17600 4400
17968 9504
1616 4752
1872 5500
2128 10054
1872 5082
2176 6160
2480 10384
12304 4224
12304 4620
13104 4796
13904 4708
9968 5456
10768 6292
11568 5148
1200 4422
2080 4840
2960 4422
1904 6886
2368 9768
2832 12188
1424 4532
2400 5060
3376 4532
2160 7150
2672 10296
3184 12452
912 4202
1552 4400
2192 4202
2608 4400
3024 4202
269 4774
336 4213
336 4598
1488 4642
2639 5280
3792 4466
3792 5104
880 4092
1552 4180
2224 4092
2416 4180
2608 4092
3024 4180
3440 4092
18352 12518
18528 10428
18704 7216
1904 12342
1984 10076
2064 7040
18768 4917
18914 5830
18256 12408
18368 10208
18480 7106
1840 10274
1920 5940
2000 4972
18224 12298
18320 9988
18416 6996
1616 10208
1696 5808
1776 4906
17840 6446
17888 8888
17936 11748
17904 6336
17952 8668
18000 11638
12144 4994
13920 5984
15696 5302
17680 7106
17760 10208
17840 12408
1520 10318
1616 6028
1712 5016
11216 6578
11232 9152
11248 11880
8176 6006
9952 7392
11728 5698
18128 6996
18144 9988
18160 12298
12016 4884
13935 5764
15856 5016
15856 5588
8016 4972
9936 5324
11856 4664
6832 4510
6991 5016
7152 4708
7216 4796
7152 4884
7280 4708
7296 4796
7312 4708
7440 4796
7568 4708
8096 4796
8624 4708
8768 4796
8912 4708
9072 4796
9232 4708
9376 4796
9520 4708
10048 4796
10576 4708
10720 4796
10864 4708
18096 13156
18144 11704
18192 7854
6864 4620
7279 5236
7696 4818
8096 5016
7696 5104
8496 4818
8688 5016
8880 4818
8960 5016
9040 4818
9072 5016
9104 4818
9184 5016
9264 4818
9456 5016
9648 4818
10048 5016
10448 4818
10448 5544
10640 6072
10832 5346
10912 6072
10992 4708
10992 5434
11056 4796
11120 4708
4112 6886
4176 9768
4240 12188
3920 6358
4048 8712
4176 11660
4400 12716
4448 10824
4496 7414
3760 7150
3856 10296
3952 12452
18064 11638
18560 8668
19056 6336
9200 10186
9248 5764
9296 5192
3728 6402
3808 8800
3888 11704
4880 13046
5008 11484
5136 7744
8496 14058
10256 13508
12016 13926
16880 11022
16896 7700
16912 6160
15760 12166
15792 9988
15824 7304
3440 11550
3632 8492
3824 6248
16944 11176
17056 8008
17168 6006
17232 11506
17264 8668
17296 6336
2704 6622
3696 9240
4688 11924
17296 11660
17360 8976
17424 6490
6224 5588
8320 7172
10416 10890
5968 6622
8208 9240
10448 11924
17424 12276
17440 10208
17456 7106
6768 5918
8160 7832
9552 11220
17328 13178
17344 12012
17360 8008
6352 6358
8768 8712
11184 11660
18960 4092
18976 4180
18992 4092
4240 4312
4303 4620
4368 4136
4368 4444
4176 4202
4240 4400
4304 4202
624 4202
736 4400
848 4202
3952 4092
3984 4180
4016 4092
4144 4180
4272 4092
6384 14520
6576 14432
6768 14520
17200 4092
17408 4180
17616 4092
1072 10208
1184 5808
1296 4906
720 10230
880 5500
720 5676
1040 4752
1328 4906
1376 5808
1424 10208
5040 14410
5584 14212
6128 14410
6160 14212
6192 14410
6416 12034
6608 9460
6800 6732
1584 5126
1680 6248
1776 10428
18640 12298
18832 9988
19024 6996
12432 4510
13088 5016
13744 4818
1136 4312
1840 4620
2544 4312
10128 5786
10784 6952
11440 5478
15440 14388
17936 3960
6320 14652
6480 3960
1232 14652
1520 3960
4272 14652
4528 3960
5648 14652
6288 3960
6352 14652
7120 4576
18224 3960
19066 4422
14128 4576
15280 14388
3504 14652
5808 3960
784 3960
1104 14652
9104 14652
11824 3960
10768 14652
11760 3960
10064 14652
11088 4576
9072 14652
12112 3960
8688 14652
12048 3960
8656 14652
12400 3960
8528 14652
12336 3960
8464 14652
8560 4576
7216 14652
7760 4576
12560 14388
14160 4576
13680 14388
18352 3960
17712 14652
18160 3960
12784 14388
14896 4576
13712 4576
13712 14388
4208 3960
8400 14652
10480 4576
12304 14388
12592 14388
12656 4576
14864 14388
15024 4576
4432 3960
7792 14652
16496 4576
18416 14652
1200 14652
1264 3960
16400 4576
17904 14652
3984 3960
8272 14652
16336 14388
16976 3960
1008 3960
1040 14652
5808 14652
5936 3960
4432 14652
4656 3960
16848 14388
18384 3960
8240 14652
8432 4576
1584 14652
1680 3960
2576 3960
2672 14652
16944 3960
17008 14388
880 14652
1392 3960
5520 14652
5680 3960
3888 3960
4144 14652
16592 14388
18096 3960
8016 14652
8144 4576
16784 14388
17808 3960
784 14652
1104 3960
7728 14652
7920 4576
5232 14652
5520 3960
3856 3960
3856 14652
4720 14652
4976 3960
17616 14652
18672 3960
7376 14652
7504 4576
1808 14652
1968 3960
12528 3960
12848 14388
16368 4576
17808 14652
1680 14652
1808 3960
5936 14652
6160 3960
17680 14652
18512 3960
10320 4576
11600 14652
18800 3960
19066 6182
4848 14652
6224 14652
6384 3960
1936 14652
2096 3960
816 14652
1232 3960
18448 3960
19066 4774
6672 3960
6800 14652
11984 3960
12272 14388
10736 14652
12464 3960
8784 14652
8976 4576
3280 3960
7568 14652
10544 14652
10640 4576
7824 4576
7920 14652
10608 14652
11984 14388
12272 3960
9360 14652
11440 14652
13136 4576
5776 3960
6000 3960
10352 14652
10544 4576
11568 14652
11664 3960
656 3960
656 14652
16304 14388
17648 3960
6608 14652
6640 3960
6032 3960
6064 3960
11632 3960
12208 14388
198 4422
304 3960
10864 14652
13680 4576
9520 14652
12240 14388
13808 4576
7536 14652
7952 4576
3120 3960
3280 14652
11376 3960
11376 14652
3152 14652
3248 3960
1392 14652
1552 3960
464 3960
688 14652
7600 14652
7664 4576
5360 3960
5680 14652
10032 14652
10192 4576
3056 3960
5488 14652
9936 14652
10096 4576
560 3960
752 3960
5200 14652
4944 14652
5392 3960
6256 3960
6992 14652
7408 14652
9232 14652
9328 4576
4880 3960
6896 14652
7088 4576
3760 14652
4048 3960
8304 14652
8400 4576
9776 14652
12784 4576
7056 4576
7056 14652
14320 4576
14512 14388
14704 14388
14736 4576
2928 3960
3664 14652
4592 3960
13072 4576
13072 14388
10480 14652
12624 4576
6896 4576
7120 14652
3408 3960
3728 14652
7248 14652
7408 4576
3568 3960
3920 14652
2896 3960
3536 14652
4752 3960
12720 14388
12752 4576
2800 14652
2832 3960
8112 14652
8208 4576
1328 14652
1456 3960
12176 3960
12496 14388
9136 14652
11536 3960
11312 14652
11472 3960
9296 14652
10896 4576
5072 3960
6512 14652
9904 14652
10768 4576
5040 3960
6928 14652
11280 14652
11344 3960
5456 3960
7440 14652
12592 3960
12624 14388
12368 14388
17040 3960
11632 14388
11696 3960
14480 14388
14512 4576
17520 3960
17648 14652
592 3960
624 14652
11408 3960
12400 14388
14192 4576
11600 3960
12080 14388
17552 3960
17776 14652
12464 14388
12496 3960
17744 14652
17872 3960
16624 14388
16656 4576
13232 14388
13456 4576
10192 14652
10352 4576
18736 3960
19066 5478
912 14652
1072 3960
14320 14388
14448 4576
7696 14652
7728 4576
18640 3960
19066 5126
14768 14388
14800 4576
9872 4576
10128 14652
16496 14388
16528 4576
15376 14388
15408 4576
5712 3960
5840 3960
6096 3960
6672 14652
6704 3960
6864 14652
7152 14652
7248 4576
7312 14652
15952 14388
15664 14388
16144 4576
17584 14652
18064 3960
14608 4576
16432 14388
4560 3960
4784 3960
8144 14652
9616 14652
9680 4576
12112 14388
12240 3960
8368 14652
8464 4576
18896 3960
19066 6534
11952 14388
12208 3960
10320 14652
10416 4576
4336 3960
11280 3960
11824 14388
12656 14388
13040 4576
11888 3960
13168 14388
3344 14652
3536 3960
6128 3960
6576 3960
6736 14652
11792 14388
11952 3960
7216 4576
8720 14652
4816 3960
6064 14652
8944 14652
9456 4576
9968 14652
10064 4576
3632 3960
5968 14652
15536 14388
15600 4576
11728 14388
11920 3960
6448 14652
6928 4576
4304 14652
4720 3960
944 14652
2160 14652
2256 3960
7824 14652
15984 14388
5488 3960
11152 14652
13424 4576
14224 4576
14832 4576
14992 4576
15376 4576
15632 14388
16176 4576
16560 4576
16720 4576
16848 4576
12880 4576
13008 4576
13296 4576
14352 4576
14640 4576
14768 4576
14960 4576
15248 4576
16176 14388
16304 4576
16592 4576
4464 3960
4592 14652
11024 14652
17104 3960
2384 14652
2512 3960
1648 14652
2960 14652
3088 3960
1296 14652
2544 14652
2672 3960
9648 14652
9744 4576
9488 14652
9584 4576
8816 14652
8848 4576
5136 14652
5328 3960
3088 14652
4080 3960
3248 14652
3344 3960
10960 14652
11024 4576
2992 14652
3184 3960
10896 14652
11184 4576
10832 14652
10928 4576
2000 14652
3376 14652
3504 3960
2224 14652
2352 3960
6544 3960
8880 14652
13296 14388
13328 4576
17136 14388
18650 14168
4208 14652
5200 3960
11760 14388
17264 3960
18320 14652
15824 14388
17072 3960
9712 14652
9840 4576
17072 14388
17328 3960
16464 14388
18928 3960
2736 3960
7856 14652
13136 14388
13232 4576
16720 14388
16752 4576
15920 14388
16016 4576
15504 14388
15536 4576
208 3960
528 14652
16016 14388
16048 4576
16048 14388
16080 4576
14032 14388
14064 4576
13584 4576
13584 14388
14608 14388
14672 4576
13392 4576
13392 14388
16688 14388
17776 3960
16208 4576
16208 14388
5104 14652
5232 3960
6992 4576
4400 3960
14352 14388
5392 14652
5584 3960
5776 14652
5904 3960
944 3960
1488 14652
3664 3960
4016 14652
7984 14652
10736 4576
5616 3960
6160 14652
17232 3960
17968 14652
1616 3960
2128 14652
1872 3960
2480 14652
12304 3960
13904 4576
9968 4576
11568 3960
1200 3960
2960 3960
1904 3960
2832 14652
1424 3960
3376 3960
2160 3960
3184 14652
912 3960
2192 3960
3024 3960
198 4774
336 3960
1488 3960
3792 3960
880 3960
2224 3960
2608 3960
3440 3960
18352 14652
18704 3960
1904 14652
2064 3960
18768 3960
19066 5830
18256 14652
18480 3960
1840 14652
2000 3960
18224 14652
18416 3960
1616 14652
1776 3960
17840 3960
17936 14652
17904 3960
18000 14652
12144 3960
15696 4576
17680 3960
17840 14652
1520 14652
1712 3960
11216 3960
11248 14652
8176 4576
11728 3960
18128 3960
18160 14652
12016 3960
15856 4576
8016 4576
11856 3960
6832 3960
7152 4576
7280 4576
7312 4576
7568 4576
8624 4576
8912 4576
9232 4576
9520 4576
10576 4576
10864 4576
18096 14652
18192 3960
6864 3960
7696 4576
8496 4576
8880 4576
9040 4576
9104 4576
9264 4576
9648 4576
10448 4576
10832 4576
10992 4576
11120 4576
4112 3960
4240 14652
3920 3960
4176 14652
4400 14652
4496 3960
3760 3960
3952 14652
18064 14652
19056 3960
9200 14652
9296 4576
3728 3960
3888 14652
4880 14652
5136 3960
8496 14652
12016 14388
16880 14388
16912 4576
15760 14388
15824 4576
3440 14652
3824 3960
16944 14388
17168 3960
17232 14388
17296 3960
2704 3960
4688 14652
17296 14388
17424 3960
6224 3960
10416 14652
5968 3960
10448 14652
17424 14388
17456 3960
6768 3960
9552 14652
17328 14388
17360 3960
6352 3960
11184 14652
18960 3960
18992 3960
4240 3960
4368 3960
4176 3960
4304 3960
624 3960
848 3960
3952 3960
4016 3960
4272 3960
6384 14652
6768 14652
17200 3960
17616 3960
1072 14652
1296 3960
720 14652
1040 3960
1328 3960
1424 14652
5040 14652
6128 14652
6192 14652
6416 14652
6800 3960
1584 3960
1776 14652
18640 14652
19024 3960
12432 3960
13744 4576
1136 3960
2544 3960
10128 4576
11440 3960
