EDGELIST
15 60 2 1700097
6 13 900091
11 14 600005
1 12 1000101
2 4 1000101
3 9 400007
7 11 100011
10 12 400007
2 12 700071
0 5 600005
8 13 800003
1 11 800081
6 12 500006
4 9 600061
4 10 900002
12 14 900002
2 6 1000001
8 12 900002
0 3 400007
3 11 100011
5 7 100011
5 11 200009
5 14 900002
11 13 300008
7 8 400007
10 13 600005
5 13 600061
2 5 400041
2 11 300031
5 8 100011
1 5 400007
9 11 400007
1 10 500006
9 12 400007
4 13 200021
2 9 900002
2 7 800081
0 1 200009
3 7 800003
6 14 900002
4 5 600005
0 4 700004
2 3 800081
5 6 400041
1 2 200021
6 11 300008
5 10 800081
4 7 600005
0 13 1000001
1 3 900091
8 10 400041
0 2 800003
1 7 800003
5 12 200021
7 14 800081
4 11 400007
3 8 900091
9 10 500006
6 7 800081
1 8 300008
12 13 600005
