EDGELIST
20 80 1 20000040
2 16 2000103
4 6 1100013
2 11 1300033
3 11 199999
1 18 799993
15 18 1300033
6 16 1500053
0 18 1600063
12 13 100000
15 17 100000
5 13 2000103
11 13 699994
15 16 299998
1 7 2000103
3 16 1300033
3 19 199999
10 14 100000
11 15 799993
18 19 1200023
10 13 1100013
4 7 1800083
8 10 499996
1 17 1200023
17 18 100000
8 17 899992
10 15 1200023
5 12 1200023
9 12 599995
2 12 1100013
5 18 1300033
16 18 100000
13 16 699994
0 3 1800083
6 7 599995
10 19 399997
0 6 1400043
10 16 399997
2 18 1900093
1 9 1400043
2 4 399997
0 5 100000
4 15 1700073
12 16 1400043
4 18 1
9 13 399997
0 13 1600063
8 9 1400043
13 15 1100013
6 18 699994
0 8 1
5 10 1800083
1 15 599995
0 9 1800083
3 14 1300033
1 6 1200023
8 18 1100013
4 5 399997
4 17 199999
2 19 1500053
7 14 1800083
14 16 100000
2 8 1200023
3 17 1800083
10 12 1300033
14 19 1300033
16 17 299998
3 13 699994
7 9 1600063
14 15 299998
6 12 399997
10 17 1600063
6 19 599995
1 2 1
10 18 1900093
11 18 1200023
5 8 2000103
3 9 699994
2 5 399997
2 14 2000103
3 12 199999
