EDGELIST
1500 6000 1 1500003000
195 1469 1400043
34 863 199999
883 1349 1400043
1070 1383 1200023
395 1248 2000103
359 1384 1700073
971 1403 1200023
665 684 499996
69 769 1200023
767 908 1600063
36 285 899992
520 600 1800083
343 793 1900093
121 379 199999
1143 1152 599995
721 926 599995
192 541 1400043
262 291 1800083
485 903 499996
12 690 199999
289 1208 799993
1052 1156 100000
1040 1227 1400043
295 820 100000
921 1238 1800083
851 946 1100013
375 1124 899992
573 841 1200023
1044 1472 299998
251 788 100000
453 859 1800083
107 377 1400043
507 832 499996
573 727 1700073
539 541 1600063
479 1217 2000103
174 990 1400043
419 1329 1100013
223 1093 1200023
152 302 199999
229 1431 1300033
1047 1315 1900093
1207 1269 1500053
290 1338 299998
653 1021 2000103
246 564 499996
1177 1191 399997
203 296 1100013
1241 1286 1700073
264 993 599995
66 1039 1100013
744 1256 899992
673 1346 299998
1029 1092 2000103
208 1220 399997
1024 1029 1800083
44 1123 1900093
1018 1179 1100013
1118 1398 599995
554 1125 2000103
185 1441 499996
97 1044 1200023
655 1114 2000103
963 1367 699994
524 560 1700073
194 1185 1800083
121 288 100000
482 800 1900093
500 551 1
515 1430 199999
534 541 1300033
1312 1353 1200023
148 1184 1400043
1110 1347 1800083
266 977 799993
7 584 799993
149 509 1
388 1160 399997
880 1291 1500053
310 1022 599995
191 1046 1
389 1239 1600063
755 1437 1500053
9 1042 1300033
697 875 2000103
265 1179 399997
3 674 1600063
752 836 1700073
564 940 100000
677 1269 1500053
136 660 199999
471 588 1400043
296 1490 699994
716 1191 299998
68 267 1300033
113 606 399997
695 697 1200023
137 775 199999
514 1029 1500053
742 1060 199999
721 805 499996
125 263 1
40 1066 499996
420 841 2000103
928 1475 1600063
1419 1477 199999
18 746 1400043
168 438 199999
983 1487 699994
332 762 1100013
45 1008 1700073
61 772 1700073
175 217 1200023
52 1168 799993
849 1183 1400043
976 1127 1700073
149 906 899992
972 1196 1300033
731 1175 1900093
835 1386 399997
926 1313 399997
276 1451 1800083
561 951 899992
1222 1348 1200023
769 1363 1
60 994 1200023
1203 1212 299998
419 597 1
449 1074 2000103
11 1351 1400043
235 1483 1100013
631 1413 199999
92 786 1600063
827 1162 699994
1463 1483 899992
14 1000 199999
618 1400 1600063
36 347 2000103
907 1109 299998
868 927 2000103
586 1106 699994
543 1452 1100013
164 1209 1200023
732 885 1300033
510 642 799993
502 1368 1800083
323 816 799993
57 389 1100013
311 519 2000103
227 631 299998
69 1093 1400043
749 1178 1500053
1107 1315 1900093
46 687 1200023
321 782 1800083
909 1019 2000103
157 1096 1
610 1366 599995
56 202 899992
888 1171 399997
525 1425 1300033
968 1184 299998
730 824 2000103
476 1406 1800083
887 1395 399997
99 166 699994
509 699 699994
761 1193 199999
85 1231 799993
543 1485 699994
379 1027 100000
117 1311 1700073
440 1257 599995
602 1263 699994
113 1318 1
476 1489 1400043
1021 1407 1500053
121 581 1400043
899 991 1200023
140 1424 1900093
171 808 699994
31 136 1600063
39 309 799993
658 785 100000
1030 1334 2000103
327 763 899992
577 903 299998
223 1133 1300033
263 1374 1700073
633 659 499996
473 1162 299998
352 1264 399997
1005 1281 1700073
594 596 599995
694 1068 1200023
223 358 1500053
387 849 799993
300 333 1700073
1005 1099 1300033
274 1141 2000103
146 570 699994
211 1005 2000103
1161 1475 899992
43 1428 599995
726 919 799993
743 833 1800083
25 297 399997
228 1273 1700073
984 1386 1300033
211 939 1600063
335 747 799993
1161 1228 1
529 969 299998
1087 1342 1400043
799 1183 1600063
346 628 799993
372 1117 1200023
112 1055 399997
666 1422 899992
787 1353 1200023
1292 1311 1100013
94 978 1600063
162 383 1300033
169 1270 699994
509 769 1500053
195 615 100000
1279 1303 1900093
131 601 1
853 1422 1200023
126 1016 1100013
708 757 1300033
253 1141 1800083
85 783 100000
252 1145 2000103
572 1440 799993
142 221 799993
896 1466 699994
416 1129 1600063
709 1410 1500053
38 1057 1700073
615 1067 1100013
208 783 599995
737 741 1400043
324 577 1
1047 1419 1600063
404 550 399997
122 393 499996
925 1491 199999
536 1112 399997
1172 1296 699994
699 1030 1300033
902 1072 2000103
13 595 499996
578 1445 899992
548 562 100000
327 614 1900093
656 973 1300033
432 566 799993
530 585 499996
253 799 499996
19 235 1600063
985 1120 499996
554 668 599995
979 1163 899992
451 683 2000103
228 287 1
442 1166 2000103
518 950 399997
93 879 1300033
1 1392 1500053
336 1484 1900093
440 1429 1100013
258 639 1500053
339 1266 100000
1076 1487 299998
370 1156 100000
244 674 1900093
65 299 1900093
3 1139 1400043
700 1242 1400043
62 80 299998
397 668 1100013
350 536 599995
304 793 1
1157 1487 1
355 811 899992
579 914 1600063
580 1214 1900093
1011 1056 1700073
27 1294 1700073
1224 1492 2000103
80 814 1600063
612 914 299998
540 1078 100000
148 1412 199999
28 1152 2000103
702 1238 1200023
758 1304 1100013
581 1349 100000
684 686 799993
1 1292 2000103
1038 1284 1800083
439 779 899992
106 815 199999
313 985 1900093
266 886 1800083
568 1397 1300033
242 1006 1200023
507 794 1200023
1202 1411 399997
97 1380 1400043
731 1234 1
271 564 599995
65 951 1
170 286 1700073
488 768 1400043
1317 1440 2000103
220 552 1800083
494 1434 1300033
277 1122 1800083
887 1047 1100013
308 1048 1700073
17 100 399997
624 1053 1900093
50 1184 799993
459 485 1200023
385 849 499996
904 1477 2000103
364 382 899992
41 169 899992
410 1088 1500053
506 1138 1300033
337 926 1500053
31 1366 1700073
520 1189 499996
206 1033 1800083
485 1273 399997
850 1488 199999
115 130 1700073
571 626 199999
103 938 599995
22 1364 899992
583 1226 199999
1136 1304 199999
120 853 1100013
290 839 1200023
654 1343 1300033
1255 1375 1500053
580 1124 1600063
615 845 1400043
927 1234 199999
482 1153 1400043
485 580 1400043
613 1116 399997
925 1010 1900093
165 743 399997
1306 1479 299998
465 878 1200023
72 639 1200023
428 828 499996
119 1230 100000
226 239 299998
511 814 1700073
884 1121 799993
173 630 599995
244 863 1500053
222 1015 799993
460 1071 1700073
335 1298 799993
69 169 1500053
636 1365 699994
840 1465 1600063
417 420 299998
189 348 399997
407 414 1500053
766 1476 1300033
409 830 1600063
242 364 100000
363 1024 599995
623 1434 1900093
1223 1470 1100013
471 1204 1300033
754 775 599995
1015 1450 299998
114 164 699994
236 666 299998
546 1274 499996
128 555 1800083
438 1186 1700073
504 1038 1
1254 1313 399997
232 657 1600063
249 1231 499996
773 1310 899992
474 981 2000103
837 1390 899992
796 888 1
997 1038 1500053
816 943 899992
273 390 1300033
166 1055 1
113 656 199999
972 1145 1400043
557 756 1800083
399 1002 1200023
85 692 100000
376 1316 1600063
459 860 1500053
213 1359 299998
368 862 799993
1066 1246 1800083
918 1435 1900093
926 1109 1700073
431 687 1300033
117 488 1900093
298 1397 1900093
3 1083 1900093
371 440 299998
347 1059 1600063
943 1208 2000103
758 1142 2000103
527 669 1100013
990 1175 1400043
1370 1468 299998
1305 1422 1400043
102 973 1600063
765 1386 299998
955 1161 499996
319 935 1800083
141 906 799993
666 1289 1200023
115 373 1
419 875 100000
176 250 1400043
444 974 1100013
872 1470 599995
606 1145 1200023
311 1488 2000103
197 493 899992
140 1083 1200023
259 1228 1600063
324 1252 1600063
371 1152 1300033
798 1011 1700073
1310 1354 100000
935 1473 1300033
612 954 399997
1090 1166 499996
853 1031 399997
147 1001 1200023
620 680 1900093
38 829 1
47 349 1900093
522 1277 1700073
280 795 1
856 910 699994
1229 1232 1300033
608 1444 1100013
488 922 699994
614 645 2000103
112 310 100000
283 978 599995
156 1115 899992
484 1108 299998
1018 1324 1200023
316 776 2000103
1181 1329 199999
679 939 1900093
481 790 399997
281 445 1200023
106 202 399997
615 677 499996
274 1470 599995
831 1134 1200023
594 618 1800083
18 616 100000
1239 1400 1200023
435 1284 1500053
225 1200 1100013
383 1221 1800083
335 663 399997
299 997 599995
291 999 2000103
390 581 100000
460 726 1700073
540 670 199999
99 1442 899992
1171 1478 1800083
750 963 299998
714 1421 1700073
552 972 100000
741 797 1300033
620 674 1100013
520 1401 1100013
423 1258 1400043
708 1404 1200023
965 1017 1700073
56 901 1
181 329 1100013
319 1444 1200023
231 941 799993
448 1152 1100013
403 430 2000103
559 693 1700073
724 1390 1400043
94 658 1600063
84 299 499996
64 532 1500053
247 376 299998
600 1156 1800083
998 1195 1500053
245 787 299998
914 1013 1200023
1078 1132 199999
843 1224 1300033
115 852 1600063
973 1490 599995
164 370 299998
55 308 299998
938 1095 299998
121 1405 1700073
385 1294 1800083
125 794 100000
453 1391 499996
720 1056 1900093
615 1166 899992
66 989 199999
957 1105 1400043
7 126 799993
568 1213 799993
257 1390 1200023
800 1358 1400043
742 849 100000
353 828 699994
199 891 399997
1080 1408 1500053
209 1401 1400043
331 1303 1100013
1414 1486 1600063
405 447 499996
1166 1272 299998
365 933 699994
171 1172 1600063
93 1381 2000103
798 1366 699994
225 588 599995
521 684 199999
121 189 199999
348 1469 1200023
367 617 1200023
117 678 299998
131 942 1100013
761 1142 799993
27 1249 299998
829 1423 2000103
498 1105 1600063
826 1065 100000
253 285 299998
54 65 1700073
871 1267 100000
937 1084 299998
466 1408 1900093
315 839 799993
47 617 499996
179 232 1700073
109 1366 1200023
1243 1247 799993
856 971 1900093
127 673 499996
121 670 1700073
1149 1156 499996
1007 1056 499996
582 1458 299998
1258 1382 799993
601 1164 899992
56 891 1500053
676 760 1700073
858 1399 2000103
927 982 1600063
285 1043 499996
859 889 1900093
403 556 399997
316 368 1
102 593 1900093
446 1310 1300033
1035 1217 499996
692 984 699994
595 1069 1300033
421 1472 299998
791 894 899992
536 1440 1700073
648 751 299998
16 99 1300033
369 956 699994
1314 1485 1100013
996 1115 100000
1113 1450 1400043
1131 1357 1900093
860 1403 1500053
65 1309 799993
623 764 899992
653 798 1600063
439 663 1700073
11 1491 1600063
647 794 799993
262 1222 399997
247 332 1400043
518 1425 1100013
234 1078 399997
327 1036 599995
317 1170 399997
754 1183 199999
896 900 299998
14 498 1200023
72 958 2000103
772 1087 1800083
380 1339 299998
170 1096 1400043
7 486 2000103
641 693 799993
124 1254 1600063
951 1279 1600063
92 1317 2000103
761 1326 1200023
1005 1479 1500053
243 456 1
780 1498 1200023
316 1003 799993
182 340 1800083
714 932 1300033
525 765 499996
1189 1291 1400043
291 1005 399997
351 878 1200023
262 290 1700073
28 755 499996
1171 1283 1100013
661 989 1300033
4 262 399997
390 413 1600063
466 666 699994
701 1163 399997
565 1027 1
261 1058 1200023
47 722 399997
1287 1397 599995
283 915 1700073
301 319 899992
1012 1427 1800083
489 1162 1600063
642 874 1300033
554 1427 2000103
1261 1305 199999
525 1262 799993
830 973 599995
266 1093 799993
531 1023 599995
362 387 1200023
548 726 1800083
379 1045 199999
164 657 599995
740 1335 1700073
122 798 1800083
21 758 499996
771 891 799993
1057 1432 1200023
118 534 1
763 902 1900093
678 1074 1100013
352 1314 599995
975 1496 2000103
549 556 1900093
527 879 699994
622 1429 1100013
135 323 1500053
262 419 1800083
609 971 299998
129 940 499996
650 1011 699994
57 1326 399997
15 492 1300033
1481 1488 1500053
1018 1244 799993
706 1398 399997
1002 1460 299998
120 217 1100013
142 1367 1300033
608 883 399997
794 881 199999
1020 1156 1200023
74 1299 2000103
1175 1374 1800083
557 864 1700073
564 777 599995
992 1037 299998
663 990 1800083
98 601 499996
292 318 499996
295 1356 499996
758 1278 1300033
724 1133 399997
11 1080 2000103
528 864 799993
670 705 1700073
50 1093 1400043
834 1397 1600063
750 1095 599995
628 1218 1800083
474 628 1
1252 1403 2000103
363 1090 899992
995 1156 1600063
4 632 799993
97 1377 899992
1 689 1200023
277 658 599995
103 420 1800083
857 915 799993
63 653 1400043
444 1291 1700073
176 487 699994
1345 1425 399997
81 950 1
15 943 1100013
720 1455 899992
400 943 1800083
388 1229 1300033
994 1172 499996
528 1263 499996
256 1316 1600063
414 746 2000103
697 1058 1100013
1019 1170 1100013
764 1374 1200023
649 749 599995
86 637 1
227 648 899992
1408 1489 2000103
951 1061 1400043
626 1304 2000103
241 686 699994
455 1307 1700073
202 1318 199999
214 270 199999
248 707 1600063
282 390 899992
18 42 599995
568 976 1
480 1149 1800083
590 809 2000103
25 582 499996
772 806 1500053
89 511 1500053
262 1037 1300033
362 996 799993
381 1238 399997
91 721 1100013
57 140 799993
907 1156 199999
321 1210 1200023
392 468 1800083
167 855 1
20 1442 1900093
1162 1256 799993
282 830 2000103
692 979 1200023
367 1115 1800083
654 909 1600063
892 1431 1700073
840 1388 899992
1063 1125 1800083
510 1205 1100013
1331 1392 399997
463 610 899992
1138 1497 1400043
308 1308 1200023
906 998 1
729 750 1800083
909 1189 1200023
87 1418 499996
161 1081 899992
516 701 599995
1110 1208 599995
494 956 1400043
350 625 799993
141 1269 399997
301 1110 399997
386 979 899992
26 1471 1600063
390 1072 599995
357 1259 599995
219 1102 799993
34 517 799993
216 1339 399997
49 335 799993
50 1424 100000
400 1455 299998
457 537 1
490 1232 1700073
4 1051 199999
295 1003 799993
837 1046 1800083
450 472 1900093
648 1111 1
1042 1189 499996
1035 1262 1300033
589 1452 1400043
979 1388 1900093
281 1251 499996
38 294 199999
559 635 1500053
541 980 1
331 1061 1300033
502 642 1900093
522 617 799993
1042 1424 1800083
820 1140 1100013
278 638 499996
71 242 599995
349 465 799993
1066 1406 1900093
84 1420 1700073
511 1238 599995
541 877 100000
40 1034 899992
157 643 1400043
284 1034 1300033
298 1256 1700073
25 1199 1300033
452 915 1800083
136 316 1700073
21 390 1300033
815 888 1200023
470 898 499996
215 232 699994
1111 1212 899992
198 1417 899992
291 814 799993
717 1083 100000
1250 1259 1300033
212 531 1
491 734 499996
50 456 1300033
762 1144 100000
333 1459 1700073
185 343 1500053
260 1447 1900093
481 1188 1600063
193 1329 1200023
1273 1452 100000
1245 1398 199999
735 1096 899992
486 597 1800083
1268 1402 1200023
261 266 899992
684 1024 1500053
753 804 2000103
542 930 1900093
18 199 1400043
474 1040 1100013
949 1004 499996
523 577 1
356 798 1500053
79 996 1400043
1191 1444 199999
274 1449 100000
1380 1416 1900093
103 502 799993
721 1460 1700073
740 1000 199999
506 536 1900093
1097 1224 1800083
1327 1449 1500053
378 1315 799993
1294 1389 100000
1040 1469 1200023
618 724 1800083
308 540 1200023
1110 1461 2000103
592 950 199999
122 766 699994
26 588 1600063
634 789 1100013
132 1266 199999
251 1267 1500053
821 1075 699994
407 771 1500053
858 1342 599995
208 554 1700073
1369 1475 1200023
150 228 1500053
55 1160 299998
1229 1245 1300033
855 867 1100013
0 1010 1300033
231 1407 1500053
436 1288 1700073
70 494 699994
329 738 1600063
729 1352 499996
1109 1377 599995
191 941 399997
82 857 1100013
95 525 399997
556 1331 899992
859 1056 1200023
80 602 399997
249 1268 1900093
254 282 699994
57 578 1200023
101 944 199999
505 966 2000103
171 445 1500053
271 854 1400043
13 1370 1400043
921 1016 899992
79 977 899992
593 665 399997
419 477 2000103
1038 1329 599995
15 270 1400043
332 1448 599995
1094 1489 1100013
245 1086 299998
224 379 1200023
709 849 1200023
232 259 1300033
1049 1137 699994
298 1341 699994
373 586 599995
9 1430 1300033
646 1136 1500053
260 887 299998
308 345 1
342 1474 1400043
795 1127 499996
77 403 1100013
248 1435 1800083
17 974 1800083
1225 1492 399997
334 627 399997
84 519 399997
99 528 1800083
353 1163 399997
371 573 1400043
625 662 1900093
638 745 1500053
25 951 1300033
230 1463 399997
959 1150 1300033
244 1076 1800083
330 1453 1200023
810 942 2000103
174 1368 1500053
477 1234 1100013
1046 1280 1
178 1434 499996
779 1196 1900093
148 843 199999
736 1195 699994
295 907 1700073
493 1014 1500053
792 956 1400043
565 908 1800083
861 1184 399997
410 1366 399997
33 1114 1
296 642 899992
174 620 1200023
391 683 1400043
579 1404 1300033
45 188 299998
76 1025 599995
233 1123 1900093
316 760 199999
579 1385 1500053
103 894 1800083
530 946 1800083
60 1398 1700073
1169 1450 2000103
211 268 199999
61 1375 699994
213 295 799993
239 1133 1900093
714 895 1400043
617 624 1
356 558 1
17 248 199999
100 797 1700073
673 1053 399997
97 877 100000
852 950 299998
534 989 599995
259 396 1600063
1216 1498 1100013
105 337 299998
92 957 1400043
435 670 100000
1113 1407 1100013
511 876 1500053
547 1116 1400043
97 1417 799993
596 1293 499996
474 972 1700073
843 1431 599995
114 1242 2000103
838 1023 199999
45 442 1300033
33 1276 1700073
8 760 1400043
676 1289 100000
722 1220 299998
12 1253 499996
196 763 699994
1375 1481 1600063
201 498 1300033
652 672 1400043
52 684 1200023
55 551 100000
1330 1430 199999
126 404 299998
27 1485 1700073
436 1308 1400043
683 1323 399997
44 245 799993
525 1440 1900093
967 1433 299998
357 1456 799993
488 629 1400043
784 826 799993
170 509 1
811 864 499996
685 921 1800083
305 307 1400043
311 1162 1700073
20 826 1300033
282 1030 1800083
311 1487 1
39 1286 499996
622 1462 899992
951 981 799993
269 411 399997
812 1188 1800083
59 702 799993
256 864 1700073
135 944 699994
346 1393 2000103
159 423 2000103
633 1045 1500053
506 1271 199999
299 341 1800083
287 489 1
246 767 1900093
226 1358 1900093
54 267 100000
233 309 599995
1 191 799993
27 117 1
158 449 1600063
1014 1264 1
806 1077 799993
0 1283 100000
174 949 1700073
988 1279 1900093
246 746 1
76 548 1700073
912 1149 599995
445 466 1600063
199 1070 1500053
1386 1395 599995
484 1449 1900093
249 348 100000
405 1283 2000103
215 1436 2000103
141 308 100000
294 1268 1700073
1114 1249 299998
735 1475 499996
56 1055 1500053
566 580 1100013
1354 1448 299998
377 428 399997
103 1170 1900093
730 1054 1100013
949 1173 799993
91 523 2000103
116 1193 1300033
618 659 1900093
1125 1430 2000103
711 1276 599995
100 1217 799993
791 794 1800083
664 1244 1600063
458 730 499996
243 823 399997
750 1209 1300033
570 1481 599995
537 1259 1700073
84 1332 1900093
107 905 1100013
239 1328 799993
220 1155 1
175 1377 299998
115 1380 299998
389 599 299998
66 192 1900093
754 1326 1
67 680 2000103
34 378 100000
1362 1430 100000
526 730 1
30 1191 399997
432 1473 399997
1004 1126 499996
230 1174 199999
1022 1251 1600063
355 1143 1200023
99 823 1300033
49 595 399997
203 431 100000
451 1174 1100013
704 874 1800083
142 1226 299998
574 764 1500053
510 1231 299998
911 1050 2000103
472 1124 1300033
838 1049 599995
15 1258 2000103
498 1107 399997
782 878 1
1058 1296 899992
432 547 1300033
521 1403 1600063
306 627 1500053
614 618 1700073
514 596 699994
160 505 199999
277 599 100000
1 1388 100000
159 1190 100000
273 1344 799993
1282 1291 599995
179 466 1500053
508 1227 1600063
511 1318 299998
360 1038 1300033
313 1474 1100013
824 1058 1300033
153 1331 1400043
288 574 1400043
76 1051 1600063
356 1253 1100013
154 272 299998
967 1256 100000
645 878 1300033
1069 1272 699994
425 1191 1300033
1228 1488 1200023
418 1301 699994
1173 1313 799993
1168 1382 1600063
336 1171 1200023
413 1159 899992
81 503 399997
74 850 699994
177 1458 499996
648 774 1800083
560 1491 1200023
12 1314 2000103
341 944 899992
838 1013 1600063
789 1403 1600063
520 605 1600063
264 347 499996
546 1264 299998
75 232 199999
326 729 1600063
251 1386 599995
553 1381 1100013
661 1305 100000
369 1093 1
245 1233 1700073
835 1446 199999
245 390 399997
505 1333 1400043
992 1434 499996
133 1153 1300033
239 832 399997
779 915 1200023
427 686 1800083
1230 1299 299998
181 1214 699994
339 787 899992
187 1400 1300033
384 1413 1500053
593 747 499996
361 1420 1900093
1371 1449 1800083
67 656 2000103
766 998 499996
413 1122 899992
157 1423 1100013
297 450 1500053
316 701 899992
407 749 100000
926 1399 1200023
919 1330 799993
62 1014 1300033
316 1158 1900093
597 1309 1100013
60 981 100000
638 933 299998
348 989 100000
386 1008 1300033
63 807 899992
749 821 1200023
281 430 1200023
1302 1396 399997
675 1442 599995
1282 1471 1100013
477 580 1700073
527 1187 399997
71 1089 1300033
87 579 1800083
11 26 499996
483 684 1200023
277 1115 1900093
325 1205 699994
147 1433 199999
754 1123 1500053
570 674 1700073
145 513 499996
833 1282 1900093
152 610 1800083
116 523 2000103
6 320 1400043
624 689 299998
426 1269 1300033
1111 1165 100000
986 1229 2000103
740 867 1300033
1194 1345 1200023
273 840 1700073
771 802 199999
1338 1481 299998
1258 1288 199999
210 335 1500053
133 1168 899992
563 1202 100000
21 394 299998
440 985 1600063
0 444 1600063
653 942 1500053
95 700 899992
102 715 1300033
209 481 799993
483 719 1
374 1296 799993
600 1265 1300033
211 1170 1900093
137 1472 499996
260 331 199999
110 474 199999
110 310 1700073
989 1145 899992
218 1259 1200023
429 678 699994
1013 1179 399997
262 1246 1100013
342 637 1100013
237 423 1500053
1031 1422 1800083
758 761 1800083
873 1348 1100013
48 760 299998
636 787 299998
54 1161 1500053
1149 1388 2000103
15 186 799993
489 1349 899992
509 824 1100013
342 406 1400043
472 767 1500053
1081 1292 399997
929 1147 1200023
404 1026 899992
956 1408 1700073
288 825 199999
990 1220 2000103
364 910 599995
266 910 699994
108 1125 1500053
765 1277 2000103
387 1337 100000
1004 1289 499996
264 582 1300033
268 563 1700073
1348 1351 499996
311 834 799993
696 1270 1300033
236 450 1400043
193 333 299998
655 953 2000103
774 1155 599995
311 933 1500053
1043 1390 399997
934 1483 1800083
637 690 1400043
478 892 799993
936 963 1500053
230 1116 1100013
1028 1309 1500053
302 603 1500053
653 827 899992
379 1475 1900093
222 918 399997
862 906 1300033
427 672 100000
1139 1245 1800083
1097 1444 1
669 675 1100013
1087 1244 299998
847 1490 299998
1238 1472 1700073
7 86 1300033
314 370 599995
156 1447 1500053
85 303 599995
663 1105 299998
654 804 1100013
94 1080 199999
484 1226 1600063
907 1340 100000
225 1179 599995
1034 1125 1300033
223 593 1400043
925 1334 399997
1266 1489 1400043
214 273 599995
171 335 899992
583 668 899992
317 687 199999
350 1136 399997
508 785 1400043
991 1168 1400043
44 1472 2000103
63 360 100000
289 931 100000
1275 1446 1300033
52 62 1200023
1099 1119 699994
477 1414 1300033
1103 1120 399997
508 1209 1600063
383 802 1
1074 1478 399997
146 578 1800083
942 1248 1100013
584 852 100000
145 329 799993
53 1034 1500053
96 1293 2000103
517 709 1200023
81 705 1700073
851 992 1200023
602 1013 1100013
40 269 299998
316 635 1
551 981 1
543 847 899992
169 1236 1100013
646 1265 299998
434 553 1100013
17 489 1
244 1330 1200023
845 1453 499996
0 750 1700073
71 447 1700073
259 1305 699994
263 1019 1
657 738 1900093
273 1210 1500053
126 638 1100013
1192 1402 799993
1014 1115 899992
127 994 1800083
968 1379 1100013
968 1148 1900093
326 1469 499996
12 1231 399997
821 1237 2000103
578 1159 699994
942 1411 2000103
435 1401 1
545 1194 199999
482 1382 100000
443 1221 499996
532 1211 599995
489 1350 199999
158 223 1600063
98 168 599995
352 1051 1
411 447 1400043
598 836 1300033
316 1334 299998
478 1134 1800083
236 487 1300033
1145 1308 1400043
894 1374 1400043
911 1339 1800083
269 1486 1200023
57 116 499996
118 757 1
228 1325 1400043
383 400 499996
519 844 1100013
29 1401 799993
554 786 1100013
18 1028 499996
224 1319 799993
771 956 899992
88 737 1800083
452 641 699994
126 1029 1500053
280 911 699994
1141 1398 1200023
177 970 1
226 1328 2000103
624 1433 1900093
8 1047 1200023
701 1150 1400043
519 1067 1100013
713 803 1
793 1418 1100013
550 599 599995
947 1245 899992
677 1208 1
148 507 399997
236 890 499996
488 499 1
277 481 399997
486 1311 2000103
746 1332 499996
534 1468 1800083
330 851 1200023
1400 1401 1300033
656 1443 199999
1044 1323 1800083
78 854 199999
90 644 1600063
72 1066 1300033
739 1214 1200023
30 880 1900093
624 776 1
570 1299 899992
229 1327 1500053
329 830 1
1454 1491 1700073
1156 1409 499996
367 1296 1500053
982 1451 1200023
46 613 199999
519 673 1200023
561 1042 899992
1336 1352 699994
388 825 699994
971 1387 1100013
664 1075 1300033
595 1104 2000103
37 298 799993
361 1158 1800083
595 883 399997
16 627 199999
14 609 1400043
256 944 599995
929 1390 1900093
14 1369 899992
403 806 1400043
344 1273 1700073
264 581 699994
603 1263 1400043
176 530 1700073
217 272 499996
352 831 1900093
627 1354 299998
867 1115 1700073
1022 1409 499996
1004 1076 1200023
46 1359 1800083
519 520 799993
475 1041 1100013
289 576 799993
611 941 1300033
1064 1235 1800083
292 1397 199999
1110 1339 799993
770 1106 599995
223 405 100000
127 1309 1500053
1046 1389 1900093
120 456 799993
290 859 1800083
560 1318 1700073
200 1066 100000
148 1368 1800083
423 733 199999
269 1010 799993
1043 1068 199999
629 1017 1400043
2 828 699994
688 855 1100013
964 1216 799993
297 1422 499996
343 879 499996
1323 1399 499996
764 1018 1300033
656 885 1500053
322 1486 1100013
673 713 199999
947 1464 1400043
1026 1409 599995
797 1225 299998
1009 1377 1100013
710 786 899992
753 1232 699994
13 985 1700073
342 630 1500053
960 1492 1
360 880 1300033
654 666 1200023
329 1416 1600063
509 1368 1400043
29 54 1600063
116 1136 1
20 1285 1900093
1154 1260 299998
1319 1336 499996
711 1488 1100013
722 1303 1500053
221 1402 1300033
122 614 2000103
1068 1168 1500053
702 1286 1100013
52 1451 899992
315 971 699994
168 1366 399997
624 1247 1500053
1196 1436 1400043
666 709 1100013
41 475 699994
47 308 499996
161 564 1200023
9 192 599995
424 1206 2000103
619 1392 199999
435 956 1700073
601 776 1600063
259 587 1700073
808 1407 1600063
609 1175 699994
499 521 399997
141 794 499996
778 979 1600063
724 1178 1900093
339 931 499996
661 863 1300033
1076 1498 1600063
148 1162 799993
334 1310 1700073
44 571 1700073
234 1442 1700073
270 1068 2000103
679 1183 1600063
609 1302 1800083
301 901 1
1107 1440 599995
331 1003 1
1227 1237 1
470 628 1300033
236 1241 699994
804 892 100000
443 959 1
482 1007 1
338 1462 2000103
123 498 1800083
833 1494 599995
156 581 499996
273 292 899992
377 441 299998
329 1445 100000
910 1282 1400043
189 1168 499996
1106 1292 499996
103 1172 899992
1128 1154 799993
646 1200 699994
799 861 2000103
1029 1378 100000
543 636 100000
788 984 399997
1015 1364 399997
27 666 100000
762 968 1600063
474 700 499996
277 1409 1900093
255 393 899992
786 1217 1900093
1054 1191 1100013
417 724 799993
725 881 499996
752 1378 100000
911 1275 2000103
1177 1443 799993
618 900 1600063
86 1162 599995
261 647 499996
317 800 899992
540 1292 2000103
156 168 399997
535 927 499996
513 623 699994
187 815 1900093
600 1368 1900093
505 1027 1200023
1093 1484 799993
670 1383 1800083
936 1219 699994
234 570 399997
752 991 599995
476 537 599995
1265 1361 1900093
263 1114 2000103
531 864 699994
772 893 799993
560 831 399997
606 1445 100000
635 1472 299998
467 1311 1200023
540 643 199999
198 1134 1700073
890 1467 2000103
514 1085 1100013
485 643 1600063
208 955 699994
1141 1206 1600063
374 1109 1900093
5 924 199999
34 653 199999
173 265 299998
249 1089 1800083
492 682 1100013
480 1158 1200023
96 138 1
570 1288 1200023
3 1375 499996
686 772 1600063
956 1313 599995
240 350 699994
93 424 799993
89 1295 1100013
1220 1253 1400043
431 1077 1800083
926 1491 1700073
633 780 699994
227 347 1300033
1208 1283 299998
729 881 1600063
292 783 799993
265 1119 2000103
566 1006 100000
197 1241 1800083
113 569 1200023
78 1361 1600063
395 1302 1400043
525 1287 399997
445 1016 899992
153 1219 599995
527 617 1800083
310 1015 1600063
1247 1251 1900093
131 875 1300033
33 243 1200023
518 707 499996
271 1469 1400043
840 1130 1700073
611 1226 599995
1010 1459 699994
1105 1145 499996
1065 1248 1600063
90 342 1300033
723 980 1600063
417 551 899992
118 172 1900093
230 541 799993
1003 1376 1
951 1475 599995
137 1371 899992
346 873 899992
866 1350 299998
433 727 799993
704 1473 1300033
393 1097 699994
376 717 1400043
223 1257 699994
172 978 1400043
1203 1396 1100013
1241 1292 699994
340 1101 1100013
46 661 699994
142 158 1400043
432 963 1700073
937 1283 1100013
742 1149 1500053
598 1489 2000103
717 1057 1400043
1103 1173 799993
721 1446 2000103
172 250 1700073
1072 1145 1200023
884 1242 1300033
159 722 1800083
817 978 799993
133 736 599995
114 231 1900093
455 467 2000103
136 141 499996
881 995 299998
68 377 1600063
406 464 1600063
511 1462 100000
249 1339 1900093
150 660 2000103
945 1447 1700073
952 1472 899992
346 1095 499996
383 1019 1400043
943 1036 899992
186 544 1300033
728 1257 399997
1004 1379 1200023
876 1295 1700073
197 512 1100013
104 1323 1800083
393 1196 1200023
378 524 199999
100 462 100000
396 1487 1700073
179 731 1800083
410 725 899992
5 709 100000
291 515 1600063
88 942 699994
1306 1375 1600063
926 1069 699994
102 1253 499996
87 1074 1100013
26 220 199999
756 922 1
9 1321 1400043
1330 1432 1700073
894 1485 899992
81 711 699994
369 991 199999
143 658 1800083
854 1370 1500053
1266 1481 699994
479 1154 499996
1013 1351 699994
699 1138 2000103
326 1310 699994
1029 1434 499996
954 1252 2000103
989 1266 1300033
949 1485 399997
103 744 399997
647 1315 499996
434 450 299998
867 1266 799993
85 746 499996
521 1011 1700073
277 378 799993
655 1480 1500053
424 756 100000
43 1376 1400043
502 696 1200023
638 911 1500053
333 471 599995
625 1295 1900093
873 1273 1600063
122 1325 1200023
429 859 399997
489 569 1100013
106 1487 899992
871 1159 2000103
1110 1268 100000
1000 1082 799993
399 652 799993
180 892 1800083
322 753 1800083
50 678 100000
127 1272 2000103
619 944 1600063
176 525 299998
266 1426 1900093
34 516 1600063
604 1319 1800083
139 1135 1400043
236 1428 100000
258 1283 1900093
708 1290 1400043
260 1101 599995
1445 1456 1100013
995 1358 1900093
1108 1278 1100013
1051 1190 1700073
375 901 299998
1002 1240 499996
153 470 1
9 673 599995
895 1317 199999
144 1012 2000103
1061 1122 399997
152 443 1300033
1094 1334 1700073
662 1278 299998
1134 1367 1600063
29 110 1
923 987 1
137 826 299998
441 659 799993
83 258 799993
129 306 100000
760 784 699994
929 1184 399997
638 700 599995
86 846 1300033
1022 1363 1600063
232 553 799993
320 735 2000103
751 841 1600063
261 1136 1200023
28 416 1500053
183 1245 1500053
861 1160 1300033
1317 1412 1100013
473 1352 1500053
101 851 299998
606 938 1600063
1086 1435 599995
1093 1276 1500053
621 981 1100013
211 1486 1700073
1030 1346 1700073
721 797 799993
1274 1359 1700073
1338 1429 1600063
631 1206 799993
761 1150 1500053
198 1027 100000
227 651 1400043
53 155 399997
209 1461 1900093
544 1023 1600063
506 740 899992
166 307 599995
840 1072 1100013
1038 1104 1500053
214 345 1300033
613 681 399997
969 1106 599995
70 362 1800083
945 1495 1100013
88 97 100000
626 1301 299998
79 908 699994
419 520 499996
427 1216 299998
1171 1293 1
1036 1047 1900093
137 774 1800083
715 1238 1100013
16 1062 2000103
207 691 699994
164 580 599995
924 1020 899992
108 768 2000103
1169 1474 100000
685 1271 1300033
294 1098 499996
843 1429 699994
312 1112 2000103
1137 1316 499996
714 831 1700073
779 928 299998
455 980 799993
1342 1461 299998
1022 1286 1500053
1 1287 399997
297 1397 2000103
1123 1366 599995
555 963 1500053
154 403 899992
38 650 1100013
37 753 899992
112 1141 399997
552 558 799993
563 865 899992
627 638 1600063
37 1202 1800083
105 329 1800083
394 1441 2000103
479 1241 1300033
608 844 799993
971 1390 399997
115 675 1800083
471 678 899992
790 1264 1500053
1267 1434 1600063
181 461 199999
762 1388 1400043
1 962 1
88 998 1700073
1392 1426 1900093
497 598 899992
118 1381 2000103
445 1282 1700073
537 1350 100000
710 835 1100013
529 1375 1500053
711 1409 1500053
437 1008 1600063
496 942 1300033
3 77 1800083
235 1304 1700073
1170 1409 1400043
559 1237 100000
334 693 899992
225 935 1400043
249 781 499996
574 1113 1900093
135 1355 100000
1364 1466 899992
1173 1356 199999
249 1101 199999
180 802 399997
601 1097 899992
592 821 699994
815 1160 100000
156 196 399997
144 150 100000
112 1281 699994
435 438 100000
1256 1319 1500053
342 1370 1100013
413 528 1600063
671 1348 100000
199 1328 699994
1064 1203 1400043
310 566 799993
393 1223 1300033
1305 1322 1400043
402 504 1400043
434 574 1600063
795 1400 1100013
362 1412 799993
721 1128 1100013
454 1243 1900093
21 408 1800083
73 1393 1100013
223 417 1100013
9 587 499996
345 809 1800083
917 1035 1800083
677 887 299998
122 499 1600063
528 668 1200023
767 1455 1600063
21 332 199999
383 432 399997
748 963 799993
330 711 1200023
582 1021 2000103
755 842 100000
187 696 499996
107 935 1
48 1198 1500053
449 734 1300033
21 582 2000103
1067 1195 1800083
925 1476 599995
232 656 799993
265 787 199999
200 633 1100013
21 466 2000103
337 891 100000
963 1439 1
314 946 1700073
563 1477 1200023
503 1073 599995
705 721 1500053
1183 1308 100000
753 1099 1
1345 1484 1500053
33 1079 899992
812 959 100000
1041 1306 1800083
759 1479 699994
806 1143 1500053
296 390 1
1098 1220 299998
784 1110 1900093
239 1245 1100013
467 1324 1600063
281 1438 699994
1053 1361 100000
299 320 100000
259 1059 1300033
31 1272 199999
684 1153 799993
321 937 1
678 963 1
286 1439 899992
110 557 599995
843 1074 699994
967 1057 1900093
490 1125 2000103
518 1087 699994
156 1392 1300033
236 1324 1900093
1258 1340 1500053
477 1045 1900093
451 548 499996
340 1094 1500053
592 1087 1200023
553 1198 1300033
3 809 1600063
1153 1394 1400043
50 254 1900093
243 1358 1700073
308 1228 799993
446 1281 499996
215 1434 399997
133 387 899992
13 1460 1600063
1297 1381 1400043
214 698 1800083
337 471 599995
37 719 699994
337 899 2000103
55 936 199999
174 1039 299998
641 984 1600063
185 323 1200023
888 889 399997
25 281 100000
799 1313 1100013
660 1333 299998
499 1031 599995
1082 1353 1700073
257 668 499996
926 1068 799993
218 369 100000
245 844 199999
28 632 299998
934 1022 899992
245 1427 1300033
289 1057 1600063
1370 1376 199999
400 778 599995
65 237 399997
528 1401 499996
415 1412 799993
580 1076 399997
6 583 1700073
1237 1365 299998
130 1312 1200023
313 1071 1800083
200 1494 899992
176 197 1400043
142 1138 1
220 1016 599995
148 1066 1500053
593 848 1800083
77 382 1100013
204 1185 1800083
487 590 799993
612 928 1800083
304 1196 299998
10 745 1
606 1356 899992
523 1360 1200023
1109 1283 1600063
434 1238 1800083
326 1437 499996
114 368 1200023
38 236 1600063
844 1431 2000103
42 927 699994
535 546 899992
581 771 899992
351 1028 1800083
350 856 799993
281 1404 1500053
466 633 1100013
490 1062 199999
185 962 499996
714 1304 799993
717 1362 499996
944 1251 1900093
741 1100 1100013
111 999 1100013
568 840 100000
187 1427 899992
126 281 1
141 1410 899992
65 255 1100013
846 1460 1200023
297 1399 1800083
1184 1390 1100013
644 1183 1900093
892 1335 1
691 1037 100000
353 1499 299998
27 1255 1300033
1046 1213 399997
102 958 1700073
124 327 1
401 671 1900093
195 1249 1800083
74 316 1300033
721 1477 1300033
1376 1404 100000
198 755 1200023
1165 1290 1200023
1368 1404 199999
466 1470 1800083
231 841 1400043
302 1078 1600063
826 1025 100000
882 935 1900093
328 414 799993
394 818 399997
149 299 499996
42 1262 1300033
335 341 1600063
1396 1471 1900093
219 1446 599995
918 1056 2000103
984 1184 1900093
513 995 1500053
144 451 1100013
1017 1099 899992
228 1124 1700073
33 943 799993
333 666 100000
714 1391 1900093
532 1489 1800083
818 1279 2000103
1113 1306 1
943 1379 1100013
1029 1166 699994
277 608 1400043
196 1394 100000
905 1482 2000103
381 566 1600063
770 803 199999
227 236 1400043
809 1306 799993
53 365 599995
818 1057 399997
246 1159 499996
916 1462 799993
787 1224 1300033
77 852 399997
885 1453 1900093
372 1494 1600063
90 1354 1
590 1491 1300033
126 473 1500053
382 517 899992
356 969 1900093
547 1118 799993
420 740 1900093
305 1122 1900093
535 1174 1200023
206 1064 1500053
1118 1293 599995
762 867 1500053
699 1492 1
537 692 199999
22 1199 1700073
639 1010 1500053
287 648 799993
179 857 1500053
141 178 199999
844 1095 100000
470 1451 1700073
999 1304 399997
703 760 1800083
201 1039 399997
1085 1212 1400043
1046 1455 199999
389 1056 699994
631 829 1900093
1128 1155 1200023
556 1055 399997
1129 1414 599995
0 1255 499996
131 695 799993
969 1203 1800083
495 726 599995
436 761 1400043
73 859 399997
1000 1348 1400043
115 652 199999
583 1475 1200023
117 480 1300033
444 705 199999
381 1338 1300033
42 397 1
565 978 1200023
413 749 499996
272 667 1500053
150 750 799993
130 865 499996
1107 1458 1100013
245 1021 1800083
1249 1425 1300033
96 485 1200023
531 1338 1
108 1388 1600063
873 1333 599995
45 229 499996
577 1280 1600063
484 857 1700073
1 1148 1900093
1145 1347 499996
780 1224 1700073
906 1003 1600063
122 1159 1700073
67 854 1
43 571 899992
50 1453 1100013
402 1413 399997
451 481 699994
541 1116 199999
551 895 699994
681 1071 1100013
645 1223 299998
652 860 1600063
137 1109 599995
346 1231 1900093
961 1045 499996
451 1239 2000103
389 1085 899992
1085 1191 1900093
1087 1472 599995
146 945 199999
30 1393 699994
536 713 499996
373 893 399997
121 796 799993
503 834 1700073
18 881 1700073
295 1134 499996
852 1206 1200023
202 1088 1600063
108 628 599995
154 1036 799993
43 1265 1300033
755 1208 1200023
476 1341 1400043
770 1246 1600063
884 1085 1400043
105 153 1300033
324 850 1200023
535 1477 1900093
765 1478 1
1104 1179 699994
392 844 1800083
707 1119 1600063
978 1433 1
741 878 699994
434 576 199999
73 592 1
803 1358 599995
1214 1265 699994
268 828 1700073
344 1216 699994
202 450 1100013
302 402 1600063
364 600 1600063
533 1041 399997
518 1241 499996
121 851 199999
196 490 1200023
1100 1255 1200023
34 849 1400043
137 1107 2000103
337 709 1
295 349 100000
330 1304 1600063
325 574 1300033
190 232 1400043
819 1109 399997
320 1166 399997
662 665 299998
592 1083 1100013
757 1298 199999
778 780 1700073
250 1409 199999
43 962 899992
30 895 1400043
32 1166 100000
587 625 100000
42 830 1300033
1116 1431 1800083
910 1134 1400043
194 983 799993
939 1264 599995
13 1298 199999
166 1360 1800083
420 958 299998
225 613 1600063
305 366 1700073
101 1018 699994
510 590 1100013
258 435 899992
545 603 1200023
1419 1439 199999
319 1249 1
602 1444 1600063
942 1078 1600063
392 916 1
837 1165 1900093
342 759 1400043
368 651 899992
196 649 1300033
56 251 499996
1171 1281 2000103
1344 1379 499996
128 1055 799993
762 1029 699994
975 1190 799993
287 1419 1600063
580 688 799993
636 974 1400043
778 1316 1300033
80 634 1700073
111 132 899992
395 1065 1200023
586 1205 899992
45 1172 399997
251 1091 699994
527 538 699994
1404 1435 1900093
481 1166 1900093
517 1258 1
1094 1407 899992
790 1493 599995
765 1186 499996
231 512 1100013
157 567 100000
469 854 899992
613 756 1400043
1032 1112 2000103
751 913 299998
793 911 1400043
45 1041 1800083
24 637 299998
216 755 499996
85 1228 1600063
774 1236 2000103
183 914 100000
331 861 599995
829 915 1100013
117 371 1900093
385 1408 299998
1106 1295 1200023
658 833 199999
177 690 1
95 1031 2000103
1057 1491 1300033
221 285 899992
651 869 599995
131 468 1300033
6 826 799993
593 605 1300033
42 486 1400043
1131 1261 699994
318 1076 699994
81 441 199999
442 1381 100000
544 687 1800083
622 685 1100013
153 1060 1300033
467 1117 499996
927 1430 1800083
408 677 100000
509 899 1400043
1045 1430 2000103
639 837 599995
3 702 899992
0 1223 799993
308 820 799993
419 1181 199999
441 1398 699994
784 791 1100013
88 1198 1600063
937 1072 399997
128 1274 1
583 1449 2000103
1124 1262 899992
545 982 599995
22 317 1600063
16 180 100000
748 873 1100013
233 1342 599995
34 680 599995
412 1024 1200023
795 862 499996
482 1439 199999
122 520 100000
462 1318 499996
4 1027 399997
672 725 1700073
84 1049 899992
910 1261 1100013
589 1190 599995
101 611 699994
569 1304 1800083
433 743 299998
3 1379 1
1117 1351 699994
649 857 1100013
1287 1340 2000103
321 364 100000
900 1409 299998
301 364 399997
650 1369 1100013
1233 1453 1900093
1066 1229 1700073
200 359 499996
786 1168 1700073
174 762 1200023
642 989 399997
1014 1343 799993
234 1287 399997
268 1014 599995
290 339 1100013
1344 1387 100000
912 1366 1
54 1291 699994
939 1297 399997
405 463 1
1065 1316 100000
65 278 1500053
47 912 1100013
480 656 1900093
627 1223 100000
498 783 399997
246 1088 499996
289 1296 100000
894 1010 499996
937 1093 1
401 953 1300033
247 1151 1700073
152 558 499996
244 865 599995
1187 1341 699994
732 1296 2000103
184 1464 1400043
83 236 599995
1417 1472 1
799 1067 1300033
367 1151 199999
652 1096 399997
910 951 1400043
367 1353 1900093
1200 1445 1800083
601 955 1500053
793 1412 1700073
36 1339 1
275 484 599995
725 1254 1800083
879 1039 1600063
257 1277 899992
63 1457 499996
275 967 1200023
468 1033 499996
417 1010 1700073
657 762 399997
232 760 1200023
828 1493 799993
47 714 2000103
23 1238 1300033
478 1377 1900093
252 906 199999
156 416 1
445 1069 1700073
822 1029 199999
734 1300 1800083
610 750 399997
249 1183 1400043
1193 1452 1800083
95 846 399997
318 1099 599995
51 1072 899992
880 1362 1900093
575 614 1200023
91 271 1800083
810 883 1
392 1242 1900093
217 515 699994
397 503 1300033
543 1152 1100013
408 851 100000
1018 1329 1100013
425 491 1800083
128 777 1400043
189 678 100000
1260 1428 599995
845 1374 899992
492 861 799993
381 383 899992
359 1314 1
990 1459 1400043
464 1471 1300033
438 1048 1900093
407 647 1800083
131 633 399997
155 196 1900093
450 597 100000
160 1395 399997
668 1135 2000103
284 293 799993
1119 1330 1600063
221 1241 599995
451 1403 1800083
22 1373 1
844 1012 199999
713 1146 199999
47 95 599995
585 636 899992
1055 1372 1900093
289 611 699994
691 1044 1700073
772 996 899992
170 333 699994
615 1263 1800083
78 1335 1200023
1184 1328 1
783 784 499996
379 1225 299998
445 556 599995
639 1030 2000103
771 786 1500053
107 987 1
1288 1422 1600063
329 603 1900093
58 1484 2000103
183 579 1500053
223 1176 699994
162 632 2000103
204 696 1100013
148 766 199999
725 970 599995
251 1491 1900093
1113 1334 199999
678 816 1800083
1282 1395 299998
262 947 2000103
533 1215 1100013
664 1348 1
791 1495 1100013
1067 1127 199999
780 1119 1200023
590 1356 2000103
937 1201 1400043
790 1153 199999
435 1167 1500053
516 862 2000103
486 944 1500053
377 1487 1100013
277 864 1600063
242 1328 1400043
538 1037 1300033
121 1250 1200023
1100 1230 499996
274 507 2000103
126 736 799993
366 1134 199999
690 1375 1600063
640 875 199999
17 416 299998
407 638 1200023
17 1127 1500053
227 501 899992
838 1163 1800083
1064 1129 1100013
925 1022 1500053
217 677 799993
66 778 1600063
1069 1200 2000103
658 1491 1800083
352 1319 1700073
909 1087 499996
130 531 499996
451 809 1100013
79 309 599995
942 1016 599995
393 1318 399997
412 774 100000
193 1232 499996
625 832 1300033
1191 1198 599995
1063 1400 199999
278 646 599995
181 1379 1900093
282 424 100000
109 1410 1200023
9 1006 1200023
576 653 1100013
576 798 1500053
312 1289 1
701 1450 2000103
797 1322 299998
279 1304 1300033
494 1483 399997
972 1458 299998
299 1173 799993
9 333 699994
927 1119 699994
54 700 199999
1422 1462 1200023
474 1325 799993
971 1023 599995
747 838 1
831 867 799993
281 903 100000
657 1010 1200023
328 447 2000103
684 987 100000
608 719 599995
296 1489 1800083
96 1021 699994
20 293 699994
576 1262 799993
84 96 799993
22 1357 899992
349 597 1100013
700 988 499996
239 826 799993
534 1336 1900093
845 1018 599995
90 925 799993
1126 1280 799993
1145 1199 699994
120 1462 499996
738 899 1300033
584 960 1400043
184 643 299998
665 960 1600063
421 732 399997
173 977 1300033
769 974 199999
1326 1335 2000103
82 1269 1100013
383 757 100000
562 1179 1600063
489 619 1300033
288 976 2000103
229 1029 1400043
587 1085 699994
532 1437 1500053
101 1026 299998
539 1086 1400043
149 864 1400043
914 1143 399997
832 1416 2000103
349 747 2000103
175 299 1800083
181 793 1
246 609 399997
341 890 699994
954 1356 299998
170 525 1700073
279 945 1300033
1095 1437 1600063
492 1452 1900093
48 82 199999
221 522 299998
12 189 1300033
775 1480 699994
886 1119 1900093
715 1076 1600063
172 1179 199999
532 1362 399997
75 800 1200023
793 1285 1300033
242 823 1500053
195 998 799993
1103 1325 1300033
1339 1470 899992
987 1289 1300033
195 241 499996
132 1460 1300033
906 967 599995
163 1043 1
388 637 599995
572 1484 499996
979 1105 299998
618 1472 1400043
983 1277 1200023
16 666 1700073
933 1371 1500053
151 947 399997
908 965 399997
89 786 1500053
338 1376 1400043
1033 1395 1100013
519 771 399997
846 926 499996
603 730 699994
913 969 1400043
168 260 299998
314 386 799993
434 1088 199999
121 656 1100013
168 1265 1500053
195 447 899992
20 1288 399997
946 1178 100000
44 696 1900093
452 1322 1700073
1098 1171 499996
1217 1336 499996
421 1419 1200023
124 1453 1800083
643 854 1300033
984 1438 399997
274 941 1900093
2 823 1200023
453 706 799993
788 1323 899992
599 818 499996
375 1115 1700073
533 783 1800083
1061 1281 1900093
876 1101 100000
995 1411 399997
554 1337 899992
244 1130 799993
1042 1435 1300033
334 741 100000
647 688 1900093
1197 1392 799993
313 1203 100000
232 1145 199999
172 560 1600063
252 572 399997
1137 1457 1200023
856 1045 1100013
23 1464 1900093
526 701 1800083
607 1395 899992
1012 1281 799993
341 814 599995
53 535 699994
809 1370 1200023
33 123 699994
1117 1390 1600063
496 712 1600063
12 1201 299998
339 1409 1400043
764 1281 1300033
419 843 1
287 488 799993
298 502 1
79 401 1900093
300 625 699994
734 984 1500053
152 1479 699994
213 572 1500053
690 1128 1500053
697 1471 2000103
381 511 1600063
71 631 100000
1027 1487 100000
262 993 1500053
51 376 599995
542 846 1
1303 1456 1600063
372 1346 1600063
322 405 1100013
487 803 1900093
1166 1329 1700073
525 881 100000
310 842 899992
391 965 199999
652 1078 499996
1001 1453 699994
634 958 1500053
392 858 1
468 532 1400043
292 627 100000
523 1089 599995
868 1091 599995
664 825 299998
251 1243 1700073
83 1176 1900093
389 595 1300033
351 1003 399997
586 903 399997
283 463 499996
8 444 1700073
995 1404 2000103
650 762 1700073
158 466 1800083
1196 1202 1900093
4 1414 1200023
369 1267 1600063
404 551 399997
19 377 1900093
801 934 399997
1031 1200 1100013
263 1250 1900093
497 984 1900093
106 1476 899992
456 974 599995
813 1145 1700073
788 1365 799993
585 857 1100013
268 555 1700073
570 1083 1700073
88 1341 2000103
398 1013 799993
9 1089 1300033
240 377 499996
870 1253 599995
478 752 699994
465 475 1600063
1242 1450 399997
1 839 1400043
47 1002 1600063
272 360 1700073
591 853 199999
988 1243 299998
601 801 299998
940 1448 899992
367 1366 299998
708 1274 100000
1112 1393 100000
195 904 2000103
535 1459 1900093
248 439 1400043
309 493 1900093
288 929 1100013
1259 1486 1300033
1125 1396 799993
469 1211 1500053
905 1263 100000
304 1499 1200023
405 1325 599995
446 556 199999
773 1232 399997
184 647 799993
591 857 499996
525 1255 1800083
603 1296 1700073
233 1026 799993
374 1100 100000
1149 1454 1700073
951 1062 899992
287 1060 399997
309 1179 499996
511 933 1300033
748 1119 899992
142 962 799993
448 820 1400043
229 1092 1
724 1117 1400043
275 316 1100013
637 1493 1600063
1394 1407 1700073
661 1090 899992
118 850 699994
674 1282 1400043
616 1405 1500053
825 1222 599995
339 612 599995
837 877 2000103
434 510 399997
852 1058 1800083
40 184 1800083
1259 1492 2000103
380 546 1
73 1082 1600063
136 1130 199999
46 969 1800083
450 900 1900093
657 952 1200023
228 551 399997
761 856 1800083
1192 1450 1900093
156 584 1400043
214 771 899992
407 458 399997
862 1062 1600063
22 1272 1300033
1144 1264 399997
494 1336 699994
268 470 1100013
28 714 1
1371 1392 1
756 1387 599995
300 1002 1800083
512 810 1
770 811 2000103
295 737 100000
201 434 2000103
803 944 799993
197 261 1
472 561 1500053
47 791 1
474 967 1200023
562 933 1600063
126 818 199999
359 382 1500053
82 1293 899992
1366 1392 1500053
979 1466 899992
1126 1374 1300033
375 553 1500053
1025 1379 1800083
546 920 1900093
411 859 1300033
404 632 799993
801 1294 1800083
829 955 1900093
764 820 799993
1035 1362 1
483 1097 1200023
787 907 499996
839 1128 799993
201 778 799993
686 1381 1300033
415 832 1900093
594 1454 100000
192 1328 1100013
624 632 499996
458 1263 699994
1089 1130 1200023
623 669 1300033
360 493 1100013
83 104 1900093
800 1350 199999
924 931 1500053
824 861 1500053
164 1404 399997
5 1282 1300033
35 647 1300033
165 199 1900093
538 640 2000103
547 1146 1200023
0 1152 1400043
71 493 299998
397 1148 499996
328 1397 1400043
1011 1210 399997
1221 1371 1100013
513 791 1
751 1011 1300033
260 1173 599995
334 437 599995
395 542 1800083
565 891 1900093
692 1356 499996
110 1223 499996
288 692 1900093
264 1102 1700073
345 1222 299998
454 1212 1200023
518 559 599995
383 799 100000
1084 1384 599995
626 1482 899992
453 1407 199999
91 919 1700073
16 245 1400043
329 640 1500053
473 1384 1400043
88 953 1300033
534 894 2000103
345 722 199999
376 1040 599995
796 1029 100000
314 532 1700073
508 682 699994
334 1292 1900093
471 1327 1300033
673 1130 1800083
491 985 1
12 1119 1
870 1295 1100013
197 1344 1600063
1279 1325 1600063
599 867 399997
135 475 100000
465 1280 1400043
1 1387 1300033
334 1220 100000
598 930 1100013
797 1397 1500053
31 1212 199999
325 1167 1500053
211 496 299998
791 954 699994
487 1220 1500053
767 1022 1200023
529 835 599995
759 1263 399997
428 1273 899992
400 1459 1700073
421 1476 699994
1119 1373 1900093
15 384 499996
1184 1358 1400043
516 1208 1700073
312 809 399997
676 1285 399997
124 1476 1900093
444 921 1500053
497 563 1700073
270 723 1800083
210 1420 299998
892 1450 299998
1143 1307 1100013
45 1154 1800083
889 937 100000
302 785 1800083
85 366 599995
163 507 1200023
41 983 1600063
582 982 1800083
165 1459 1
678 897 199999
163 675 799993
271 1025 499996
83 490 100000
89 707 899992
1035 1317 1200023
1114 1483 1700073
117 798 1800083
22 218 1900093
116 839 699994
293 1098 399997
76 305 199999
489 869 299998
425 1311 1900093
234 783 799993
799 830 1100013
881 1101 199999
756 1150 1800083
892 1080 1100013
509 1373 1700073
796 933 1800083
365 552 1600063
1209 1212 699994
156 965 1100013
596 1156 799993
6 1447 399997
399 447 1300033
580 1454 499996
299 432 1600063
339 836 599995
359 1415 799993
958 1321 2000103
122 438 1100013
127 696 1900093
872 958 1300033
645 1483 399997
929 1010 1600063
1134 1490 2000103
74 1387 1900093
290 1454 1500053
1214 1381 1100013
562 948 1700073
69 1035 1100013
468 723 1300033
361 1395 799993
384 596 499996
250 647 399997
1074 1302 499996
1126 1292 1600063
573 945 1300033
98 818 1100013
250 1373 1600063
1259 1441 899992
363 1151 299998
459 1288 1800083
804 1162 1100013
746 1354 100000
480 992 399997
272 607 1300033
259 566 1900093
16 432 799993
998 1312 1100013
701 1075 1200023
281 434 1600063
82 588 1
166 843 1200023
99 1408 699994
217 1316 1800083
864 1200 1200023
209 631 1800083
1155 1230 1200023
94 263 699994
361 846 1600063
107 779 1300033
73 852 1800083
894 1336 1800083
543 1288 899992
247 348 2000103
453 1139 599995
302 1133 100000
833 1200 1900093
492 1414 599995
424 839 2000103
474 563 1500053
124 589 1200023
581 1189 499996
220 1380 599995
243 1204 1500053
761 1361 1800083
267 656 1300033
749 988 1700073
173 964 1600063
1020 1050 499996
314 1371 1400043
102 797 699994
880 1431 299998
712 1477 1800083
401 423 1800083
428 961 1500053
497 922 1300033
1026 1406 899992
1221 1335 1600063
38 968 499996
486 889 199999
80 217 299998
188 442 1900093
768 904 1500053
273 336 1100013
1216 1262 199999
289 1286 899992
338 915 1300033
31 280 1
406 451 100000
49 717 199999
1146 1451 399997
39 1290 799993
530 948 2000103
392 624 1700073
1302 1400 100000
77 344 699994
176 1039 499996
224 638 899992
271 338 1600063
792 1409 399997
110 1260 100000
331 1080 1500053
85 782 499996
854 1086 1400043
549 1053 799993
256 1376 1200023
287 1220 199999
393 1000 1900093
817 1196 399997
164 1484 1200023
191 663 1900093
2 1018 100000
445 1465 1700073
712 1305 1500053
1111 1341 299998
328 726 199999
151 1491 799993
162 170 399997
975 1297 1800083
3 1159 1100013
122 1317 399997
138 171 1800083
372 792 100000
583 1333 1800083
988 1358 1100013
426 951 1500053
685 1483 1700073
160 599 799993
1139 1323 1
254 1375 1400043
206 465 699994
1101 1467 1900093
7 801 1300033
943 969 499996
450 1483 1
191 1348 499996
25 797 699994
501 1337 199999
197 1016 399997
1290 1362 299998
1220 1458 1300033
564 883 899992
282 512 499996
567 1076 2000103
101 1415 299998
77 1357 1
679 1134 1800083
1078 1099 699994
242 546 899992
870 1319 599995
342 696 100000
893 1192 699994
726 784 1200023
58 1423 1700073
649 1080 1700073
1153 1273 399997
949 1171 1600063
66 896 2000103
1004 1371 599995
971 1288 1300033
760 1382 1
506 849 899992
511 1479 399997
402 898 1
476 1143 1
372 828 499996
777 1200 1700073
388 954 1400043
1377 1446 899992
344 691 2000103
75 1347 2000103
485 1457 2000103
507 958 399997
1057 1177 1600063
235 294 1500053
266 980 299998
1013 1410 599995
419 1333 1800083
162 929 1200023
496 980 299998
1261 1443 1300033
89 1046 1900093
573 1031 1100013
109 1422 899992
284 1157 699994
339 1112 1100013
162 1031 1300033
324 1485 599995
617 1240 399997
357 1297 199999
204 1426 199999
265 1049 1900093
892 1135 299998
56 213 399997
284 1171 1300033
164 675 1500053
667 996 1300033
739 1108 1800083
500 961 1800083
412 1049 1700073
654 1425 299998
6 1350 799993
909 938 1400043
1123 1457 1300033
421 1185 599995
451 1207 799993
341 435 899992
478 1159 1200023
403 1027 799993
82 1237 1800083
67 177 199999
444 1040 1600063
112 1010 1
97 726 699994
112 526 1300033
333 1386 199999
400 470 1900093
856 1009 899992
638 1016 1400043
744 1136 100000
692 804 1
639 1410 1900093
849 1422 199999
517 581 599995
398 1006 1700073
457 762 599995
31 492 1300033
137 1099 899992
832 1244 699994
512 840 1100013
274 961 1300033
981 1339 899992
1122 1439 1700073
652 1035 499996
24 551 299998
293 323 1200023
901 1074 2000103
863 901 1100013
918 1145 1300033
227 388 799993
983 1189 299998
3 686 1900093
460 709 499996
307 310 2000103
593 783 100000
553 954 1600063
652 1120 1
118 764 799993
1232 1317 1700073
1293 1353 699994
198 622 799993
359 1402 1500053
571 1112 1600063
520 1243 1800083
425 1059 299998
131 450 1600063
237 1439 899992
114 936 1500053
335 1309 1
1469 1481 299998
228 808 599995
189 401 399997
197 1355 1700073
151 218 299998
211 225 1200023
398 1225 399997
12 1429 2000103
267 348 699994
530 1006 1300033
58 396 2000103
722 735 1400043
1373 1417 1600063
145 1267 1300033
303 448 1700073
977 1257 599995
535 1082 1800083
29 588 1500053
177 339 1100013
53 1406 1800083
448 553 899992
338 1021 1100013
1203 1450 100000
258 1163 100000
1075 1089 1300033
438 973 1200023
754 1365 1
618 771 1100013
309 1131 1300033
215 982 100000
232 482 1800083
846 1289 399997
176 751 1800083
488 1333 1900093
216 622 2000103
345 451 1800083
178 1054 1800083
550 578 2000103
925 1467 299998
1299 1307 1
112 1094 1200023
188 246 899992
51 1416 499996
469 491 899992
847 1376 1500053
1129 1453 100000
972 1131 599995
853 1462 1500053
54 870 1100013
737 1152 399997
476 583 2000103
420 630 1200023
197 1261 1500053
47 598 1600063
114 828 2000103
130 1015 1900093
386 666 799993
659 975 1500053
583 739 1600063
964 1069 399997
266 985 1500053
219 683 299998
83 626 299998
1188 1320 1
209 455 399997
572 1084 2000103
167 492 199999
152 1291 299998
71 1268 1600063
203 1033 1400043
294 1379 299998
954 1280 299998
53 94 699994
575 634 1800083
93 128 1700073
128 859 1200023
1067 1107 100000
455 603 1200023
194 1459 1100013
728 1081 1100013
848 1443 1800083
273 661 2000103
323 992 1600063
1236 1375 100000
91 959 1200023
370 1411 899992
1064 1289 899992
836 1490 799993
554 926 1900093
483 554 399997
691 1076 1400043
1107 1279 1700073
693 1050 1400043
381 851 1400043
1115 1285 499996
981 1159 1700073
356 608 1
377 844 1700073
339 1430 799993
33 1462 199999
550 1075 1
216 267 1800083
142 737 1700073
187 527 1
90 927 2000103
900 1472 899992
104 308 1600063
242 433 1400043
133 838 1700073
450 593 1100013
465 910 899992
736 1379 399997
874 1435 399997
1080 1243 199999
365 1132 899992
1123 1404 1500053
358 484 1100013
446 1023 1800083
644 967 1900093
1001 1438 699994
205 860 1400043
1017 1361 1400043
8 644 1900093
428 1318 1200023
405 1494 1500053
241 328 1900093
237 926 1900093
661 1452 1900093
147 1229 899992
1271 1473 1800083
74 1187 1200023
478 926 399997
768 980 899992
856 1439 1500053
917 1443 1500053
697 1454 1500053
1078 1222 299998
215 445 799993
352 1377 799993
384 862 2000103
58 109 1500053
528 838 1600063
302 1405 1800083
304 452 1300033
1160 1237 1100013
504 1265 699994
341 1373 699994
127 365 1300033
349 881 1500053
1108 1220 100000
135 917 199999
468 624 1200023
616 1471 1500053
437 896 1800083
65 916 1
229 1264 2000103
56 739 499996
608 744 1900093
274 820 899992
349 388 1600063
345 1330 1500053
989 1279 899992
64 736 1400043
649 1347 499996
876 967 299998
473 1307 1700073
375 1436 499996
935 992 1800083
105 780 299998
406 1085 499996
71 1243 1700073
44 408 299998
1393 1460 1200023
547 609 799993
93 148 199999
982 1316 100000
274 967 1500053
486 487 1
662 1241 199999
1120 1394 299998
113 1012 1200023
292 726 1800083
924 1413 1400043
545 894 399997
659 685 1
82 206 699994
472 656 1600063
588 1077 199999
169 1189 399997
817 1137 1
474 1174 799993
423 811 100000
93 103 1900093
558 985 1500053
339 471 1
1006 1026 1
243 1284 1300033
204 1267 199999
8 1128 699994
479 912 1700073
389 557 499996
490 733 1600063
149 804 499996
26 1410 699994
420 518 1300033
446 1008 1400043
256 1047 1200023
738 745 699994
125 467 499996
353 908 299998
1165 1428 100000
677 1169 599995
219 758 1300033
641 1032 399997
846 885 1400043
196 301 1900093
380 825 1800083
227 748 499996
1022 1190 699994
971 1417 1400043
93 1350 1400043
103 1122 1400043
1059 1274 1
1181 1233 399997
594 1090 1400043
416 1030 799993
249 419 2000103
51 1399 199999
315 655 1300033
120 1038 1300033
103 324 699994
81 1451 100000
1030 1091 100000
776 960 899992
1191 1333 1400043
1019 1197 1600063
398 756 1100013
36 535 699994
40 172 1600063
1378 1453 1400043
227 1058 1
345 957 1600063
317 1237 1900093
95 1163 699994
1047 1188 1500053
77 458 2000103
722 1224 899992
824 988 1200023
694 1437 2000103
1306 1310 2000103
837 1456 799993
243 1337 1
515 830 899992
424 1375 1700073
186 316 1500053
149 425 1300033
17 150 699994
595 915 1200023
410 860 499996
557 1471 1100013
75 970 599995
542 868 100000
556 1175 899992
1211 1436 1800083
1483 1497 299998
1144 1428 2000103
484 1196 399997
900 1203 2000103
718 1408 1600063
818 935 199999
10 330 199999
822 1374 1400043
1131 1328 199999
437 706 1400043
1030 1489 1
333 382 1700073
653 1009 899992
146 1479 799993
131 1092 299998
421 1149 1
394 1359 1100013
595 1136 1400043
261 1368 1900093
363 641 1300033
1161 1341 499996
591 1497 1900093
1183 1268 1100013
701 1421 299998
575 1055 599995
529 933 100000
729 1294 1
107 295 299998
1250 1410 899992
222 234 1900093
1328 1449 1800083
1122 1480 399997
816 1222 199999
189 692 699994
368 771 1400043
456 1110 299998
85 1369 1500053
26 1065 2000103
249 1338 1200023
107 1227 1300033
877 1085 499996
12 1227 599995
317 545 1900093
185 1341 1500053
712 717 1900093
1033 1192 1
391 1352 699994
470 657 799993
65 777 899992
131 1355 1900093
405 555 1100013
424 802 1300033
369 949 599995
753 1009 1800083
149 793 1700073
1126 1426 599995
425 1442 299998
179 889 1100013
414 1110 599995
1248 1271 1400043
237 573 599995
166 1369 1800083
139 181 1300033
237 632 199999
78 801 1500053
869 1181 399997
340 1150 599995
962 1309 399997
509 871 1600063
271 622 1800083
858 1335 1600063
78 113 599995
40 973 1100013
380 1200 2000103
73 368 799993
636 949 1700073
514 674 1800083
172 621 499996
46 968 1500053
443 1431 199999
1205 1240 799993
1232 1344 1400043
471 1195 299998
564 1324 1100013
853 1099 299998
747 1443 1300033
825 922 1500053
155 1394 699994
922 1012 1600063
361 738 699994
794 1146 899992
282 811 899992
1046 1056 1
769 1101 399997
93 290 1200023
179 1256 1900093
773 1204 299998
833 1087 1900093
949 1303 1
613 706 1900093
823 1373 199999
517 927 1600063
141 951 1800083
282 1308 2000103
130 1291 199999
766 978 1200023
1248 1276 599995
647 1109 199999
555 1176 1500053
907 1240 1800083
1038 1482 100000
27 1173 2000103
185 580 499996
822 1025 1500053
28 766 1600063
205 1226 1800083
506 521 299998
472 1165 1200023
201 356 1100013
860 1046 1800083
76 1351 1600063
832 975 1400043
644 1160 299998
529 1345 100000
97 870 1800083
1135 1192 399997
197 310 100000
1232 1298 899992
617 764 499996
982 1276 1800083
1038 1422 299998
239 422 399997
559 990 299998
1331 1449 299998
659 717 100000
192 1067 1400043
571 1042 1200023
105 1419 1500053
460 895 899992
422 720 599995
321 839 199999
642 1312 899992
1368 1459 299998
376 980 1500053
528 693 799993
154 484 399997
34 1154 599995
203 883 1700073
39 1471 1900093
640 990 1600063
285 851 199999
828 1092 1500053
203 1374 499996
334 1289 1100013
562 1040 1400043
581 837 1500053
201 1429 899992
599 1498 1500053
708 1216 1
121 671 199999
796 1096 499996
1068 1080 1700073
411 784 1800083
928 1288 599995
62 71 299998
1080 1142 599995
1002 1140 1800083
215 1066 100000
397 628 699994
561 1444 100000
528 795 1300033
1414 1435 499996
475 1260 1300033
710 874 699994
1204 1273 1200023
59 190 1600063
307 566 1900093
313 1287 1500053
736 1137 1400043
196 1019 599995
1101 1238 100000
271 1434 1900093
48 258 1200023
479 976 1500053
161 363 199999
832 1280 199999
409 1049 599995
774 825 1100013
282 1016 1100013
157 507 199999
779 1194 1500053
409 431 199999
730 1261 199999
1089 1409 1900093
337 890 799993
533 1473 1200023
664 911 1100013
40 245 499996
410 1104 1
1406 1451 1600063
761 1296 699994
2 1385 899992
718 1427 699994
220 1146 100000
799 1295 399997
94 604 100000
732 1269 1700073
1270 1446 299998
117 607 1900093
221 547 1900093
427 922 399997
511 1383 1700073
58 240 399997
626 835 199999
248 793 699994
369 490 1900093
130 852 399997
925 1246 1
1029 1297 2000103
790 1275 1300033
881 999 1800083
134 889 1800083
213 248 1700073
71 732 1700073
551 646 399997
480 1363 599995
199 1179 499996
40 924 2000103
114 468 1300033
260 501 199999
663 988 1900093
487 868 299998
147 886 1
582 1359 499996
384 1276 799993
1008 1416 1700073
125 185 1400043
173 1230 1
756 1321 199999
433 1046 1900093
476 680 1800083
730 1227 1700073
1386 1435 1800083
937 1493 399997
1170 1342 599995
1 940 1500053
845 893 899992
141 958 1900093
1155 1498 1
1409 1478 2000103
695 871 699994
366 1061 1900093
605 679 2000103
916 1338 199999
698 866 1200023
586 1144 199999
1025 1481 199999
69 1073 699994
282 915 399997
982 1176 1
851 912 1900093
357 1250 299998
547 1005 1400043
1146 1254 1500053
255 534 100000
664 832 799993
998 1177 1900093
313 952 100000
134 738 1900093
299 572 1400043
18 1413 499996
766 1493 799993
763 855 1800083
1317 1477 299998
88 954 399997
1012 1309 1900093
325 1251 1900093
161 1098 1200023
111 525 1400043
188 1240 699994
664 685 799993
560 1134 1300033
562 1017 1100013
151 1327 699994
1156 1225 499996
794 1218 1400043
549 624 499996
157 269 2000103
461 1021 1200023
51 1348 100000
257 1211 1600063
685 952 100000
502 1072 199999
114 169 499996
24 241 499996
146 1222 1200023
867 999 1300033
49 1212 499996
209 288 299998
326 1155 799993
338 1294 1800083
38 1144 1600063
498 1130 1200023
447 487 1500053
458 1109 1200023
457 846 1200023
654 720 899992
248 284 1200023
32 145 799993
53 973 100000
660 933 299998
659 1407 899992
332 914 1700073
890 1109 100000
531 1285 699994
20 781 199999
364 1413 199999
925 1383 799993
1361 1469 1300033
274 1193 1
159 1284 100000
413 1014 799993
615 854 1900093
788 917 1200023
355 412 599995
205 712 1700073
48 1041 1200023
689 1210 1100013
607 733 499996
789 1339 2000103
799 1479 199999
1020 1288 1500053
829 1347 1600063
771 953 1600063
26 1189 299998
396 573 699994
138 242 399997
79 160 199999
111 992 1300033
537 1287 399997
36 678 2000103
269 276 499996
1229 1318 799993
399 1411 199999
927 1388 899992
555 740 399997
614 686 1300033
445 1031 1200023
109 585 599995
442 1215 1900093
929 1366 100000
853 1401 2000103
351 1338 899992
616 822 1900093
456 1147 599995
78 1414 1600063
365 1057 599995
790 1003 1600063
454 800 899992
897 1312 199999
1083 1442 899992
491 1314 899992
1438 1494 1
725 1340 1600063
121 437 299998
158 702 2000103
849 870 1500053
224 1021 1800083
131 629 1800083
203 753 1300033
934 1138 1800083
109 1124 899992
868 985 100000
619 1478 2000103
93 166 299998
724 1496 699994
821 1049 1300033
293 349 499996
1067 1236 1900093
209 763 1600063
416 812 1800083
545 900 1
183 728 599995
1269 1423 1
398 1058 1400043
571 1406 1400043
53 167 1100013
412 620 1500053
507 803 799993
273 1396 799993
253 317 1200023
92 325 1
621 906 399997
551 677 1900093
620 1403 1100013
517 803 399997
651 1081 1
915 1275 599995
353 354 1500053
383 1317 599995
327 1174 399997
314 588 1200023
458 940 1700073
510 929 1
44 581 799993
727 1426 1400043
612 643 799993
196 967 2000103
1080 1118 1100013
248 856 1100013
352 598 1400043
71 1061 599995
70 847 1700073
23 254 1400043
165 591 1800083
765 862 1900093
371 1385 299998
410 1102 100000
275 402 499996
1146 1402 1900093
413 1298 1200023
1085 1490 1200023
746 1235 1700073
692 1032 199999
529 970 199999
718 859 2000103
383 847 1700073
679 1255 1800083
312 766 499996
550 823 1600063
201 1123 1500053
816 1258 299998
159 213 699994
876 1157 399997
926 1219 1400043
159 744 499996
174 177 100000
15 216 1600063
680 1083 1600063
212 1130 699994
628 937 1300033
1401 1498 1600063
321 1431 399997
505 1272 1300033
535 543 1800083
441 678 1900093
135 936 2000103
842 1469 299998
636 729 499996
579 1473 399997
891 1074 1100013
835 1177 100000
1276 1313 1700073
1326 1390 1900093
676 1199 399997
772 929 599995
266 710 1300033
517 1431 199999
231 896 499996
959 1372 499996
870 1132 399997
669 1263 299998
188 716 1500053
736 989 399997
1331 1430 1700073
542 892 699994
206 1058 1600063
217 1191 1200023
1041 1159 399997
1427 1449 599995
403 794 2000103
562 883 1800083
644 1395 799993
1157 1335 1100013
770 1043 1500053
294 848 2000103
630 1439 1300033
1047 1302 1900093
1321 1496 1200023
196 580 1700073
1056 1496 1400043
723 885 1200023
387 1398 1700073
220 761 1800083
233 1092 1700073
792 1457 1800083
588 1467 1900093
805 1085 1100013
442 542 499996
392 651 1200023
492 856 1300033
35 108 1200023
412 565 599995
132 772 100000
70 1414 1700073
616 631 199999
774 1185 899992
303 1108 199999
755 869 899992
417 641 1100013
238 250 899992
111 1291 100000
372 1436 899992
564 577 1100013
212 267 699994
836 1244 1200023
385 1247 1500053
51 1358 100000
234 852 299998
336 606 199999
816 1380 1400043
985 1392 499996
109 792 2000103
62 1391 499996
73 1396 1700073
1306 1351 499996
660 1024 499996
67 1481 2000103
118 989 199999
508 1059 499996
476 512 1200023
199 883 1400043
77 1298 599995
283 1143 199999
955 1226 1
69 219 1900093
725 1468 1300033
627 841 599995
461 1178 1300033
571 1054 699994
1402 1469 1300033
621 703 1500053
818 989 1800083
202 440 2000103
17 900 1500053
233 978 1600063
761 1430 2000103
270 272 1300033
577 738 1
218 1260 1600063
143 1048 1
775 835 1700073
171 719 1700073
186 1209 299998
18 670 299998
249 439 1400043
63 372 399997
1112 1336 1200023
2 261 1
599 1020 899992
125 313 399997
1253 1387 1900093
209 1289 1300033
255 653 1400043
207 633 1100013
435 748 599995
87 1305 1700073
65 1477 1
396 858 1900093
706 1198 199999
369 427 1200023
1240 1337 199999
84 1448 2000103
426 1465 199999
884 895 1800083
711 1253 299998
149 267 100000
422 1466 1
756 1181 499996
1142 1208 299998
679 732 1400043
520 573 1300033
1000 1394 899992
468 1432 1200023
133 438 1
32 358 799993
207 1389 1400043
750 1279 199999
725 760 899992
414 1253 299998
425 694 299998
37 978 599995
1002 1182 1800083
777 1093 100000
213 349 1800083
26 507 699994
952 1271 1800083
1192 1471 299998
201 263 1700073
270 1091 2000103
51 439 599995
190 826 1300033
304 1169 199999
1299 1329 299998
76 1039 399997
392 1330 1
1197 1397 699994
143 663 1600063
584 987 499996
180 692 1800083
280 687 1200023
81 1140 499996
108 1124 799993
430 554 1400043
818 842 1900093
425 1424 1100013
98 804 1400043
199 621 699994
177 646 100000
231 697 299998
62 212 1100013
193 1413 1800083
286 952 299998
92 596 399997
1061 1081 1800083
103 873 1200023
418 933 2000103
837 1101 2000103
966 1494 1400043
584 1142 299998
419 912 199999
627 1278 899992
968 1301 199999
297 1239 799993
987 1067 1200023
1350 1370 1500053
9 421 1800083
495 880 699994
587 1262 899992
574 1362 399997
1186 1225 299998
559 997 1400043
931 1098 499996
592 940 100000
393 820 1
1204 1493 699994
1265 1283 2000103
227 451 1200023
229 904 1400043
437 799 2000103
843 1282 1600063
80 1354 699994
80 1376 1100013
373 1362 1100013
930 1451 1300033
894 1132 1100013
614 1113 699994
923 1293 599995
299 437 799993
1414 1493 899992
1185 1202 499996
478 1440 100000
525 1411 699994
159 1464 2000103
197 479 1700073
676 907 1300033
667 835 599995
136 1171 1600063
910 924 1800083
4 535 699994
996 1347 1600063
64 1219 1
941 1147 1500053
344 1271 1300033
485 1027 1
1087 1369 2000103
42 659 1300033
446 1323 1100013
276 1291 1
145 720 2000103
217 1189 799993
215 832 1400043
568 1311 1
1233 1281 1100013
162 404 899992
55 1148 799993
667 881 1800083
1071 1469 1300033
61 784 599995
31 1043 100000
8 1141 1200023
290 606 1200023
62 1464 1700073
52 298 2000103
381 634 699994
277 318 1700073
76 428 1200023
549 972 899992
201 464 1800083
1339 1413 699994
929 1029 899992
262 1449 100000
81 519 599995
279 759 699994
425 536 599995
135 1194 1100013
449 523 499996
12 465 2000103
198 593 599995
1020 1255 799993
312 1149 1900093
1001 1201 100000
42 1184 1200023
88 1215 199999
802 1494 199999
760 1025 1400043
361 1495 1500053
847 1365 699994
961 1030 1400043
4 1122 499996
417 1006 1400043
571 1442 399997
1222 1320 799993
336 1339 1400043
1268 1279 399997
753 1470 399997
284 1052 2000103
129 581 2000103
700 1239 399997
340 563 1
249 1361 1200023
297 768 100000
566 766 899992
395 640 599995
457 1357 499996
726 1421 1800083
332 1456 599995
676 776 1300033
263 431 1400043
1079 1217 799993
230 1275 1600063
989 1384 299998
64 1029 1900093
207 836 1800083
887 1442 1700073
758 1417 100000
710 1407 1600063
186 868 299998
309 1222 599995
1089 1366 1400043
96 1384 1300033
12 653 100000
1202 1366 1100013
14 1334 699994
851 1278 1100013
532 1239 1300033
111 909 299998
254 791 1200023
102 274 199999
283 696 100000
699 1493 1300033
342 820 100000
673 1019 1400043
783 861 1300033
181 1428 1500053
96 124 799993
127 550 799993
425 1285 699994
294 1075 1500053
67 969 100000
683 799 2000103
450 689 599995
178 736 1500053
1055 1198 299998
278 947 199999
819 893 399997
622 665 299998
604 970 1100013
31 264 299998
150 610 299998
743 796 1900093
785 1298 1300033
686 1158 1700073
180 1311 499996
265 288 399997
64 191 1400043
665 1376 1
352 354 299998
57 526 1
252 1340 199999
145 482 1
523 1006 1
192 1066 1500053
893 1245 1300033
35 1355 499996
128 986 199999
438 511 199999
349 415 1100013
376 1286 899992
1182 1465 899992
1343 1425 1500053
204 346 1400043
436 933 1300033
742 1405 1300033
1009 1144 1500053
311 1185 299998
13 1405 699994
272 1121 2000103
72 693 799993
258 401 599995
594 1405 1100013
159 807 399997
1046 1462 399997
881 1362 699994
1002 1346 399997
385 1231 899992
884 935 1700073
208 1411 599995
228 1066 2000103
186 822 1600063
1263 1442 1700073
346 589 2000103
819 880 499996
94 175 1800083
191 1217 1800083
949 1396 100000
689 1052 199999
1014 1066 499996
632 1121 1600063
406 1334 100000
266 708 399997
361 381 1800083
441 955 1700073
923 1400 499996
284 1411 1
706 723 1
503 961 299998
712 1176 399997
288 1404 1100013
569 708 499996
465 1149 1
488 1013 1100013
592 627 1700073
552 1006 2000103
377 772 1
696 901 1300033
669 1288 1200023
312 1101 1600063
1240 1320 1800083
65 380 499996
564 1130 1900093
16 1122 399997
699 821 1100013
375 480 1
728 992 1200023
983 1340 299998
100 1341 799993
141 463 1100013
412 915 1800083
230 446 1700073
1470 1494 199999
211 254 1300033
64 740 1
560 683 499996
774 995 1600063
158 275 1
45 582 1800083
52 941 299998
143 333 499996
306 1096 499996
350 732 100000
423 664 1
69 676 1800083
632 1070 1
696 1370 1300033
1226 1498 1400043
409 1366 299998
1131 1142 1400043
619 1201 1400043
190 242 100000
65 1180 299998
1408 1471 299998
221 1180 1100013
520 758 1400043
369 524 1100013
141 440 100000
794 1346 699994
300 1422 100000
143 1078 299998
55 1133 1100013
1 515 599995
616 769 399997
974 1498 1700073
348 1188 1400043
1163 1386 699994
1407 1488 599995
303 1419 1600063
83 1238 100000
268 947 1900093
681 1015 699994
389 1127 899992
507 910 1900093
861 1177 1700073
408 789 100000
665 1063 1200023
177 993 399997
806 1212 799993
378 745 399997
635 881 1100013
10 245 1800083
297 573 1700073
269 385 699994
572 657 799993
942 1375 1500053
577 655 799993
173 406 1600063
166 905 199999
333 1432 1600063
245 1257 499996
127 308 499996
353 803 1
447 693 899992
459 1498 1900093
790 981 1500053
89 463 799993
790 1480 1100013
1062 1127 1400043
10 1476 1200023
296 380 799993
731 968 1900093
269 842 699994
620 1304 100000
120 996 799993
397 1289 1400043
546 902 499996
252 1125 1500053
45 94 799993
42 233 1200023
406 1069 699994
453 1151 2000103
48 778 1700073
371 550 1900093
747 986 2000103
618 1391 499996
738 1163 1200023
1041 1420 1300033
777 1088 1200023
44 88 1700073
163 1138 100000
472 881 1100013
263 768 1200023
566 1030 699994
160 786 1400043
1194 1456 899992
249 1407 1700073
585 1247 699994
606 720 2000103
507 520 399997
495 1043 1800083
96 359 1500053
159 530 2000103
139 140 599995
959 1284 299998
24 1022 199999
838 860 799993
713 1270 699994
807 825 1
376 1054 1100013
240 1370 1400043
530 1399 799993
25 106 399997
147 415 1500053
144 1368 299998
970 1432 399997
1 759 1200023
805 1112 599995
135 636 499996
984 1053 299998
1005 1173 1600063
397 950 1100013
381 557 1
508 807 1200023
425 1151 499996
159 805 899992
244 1045 199999
135 975 699994
401 1214 199999
424 782 1900093
550 1088 1600063
714 943 799993
367 1465 1
729 868 499996
593 1362 1
529 977 399997
32 222 399997
1162 1338 499996
430 968 1900093
82 848 2000103
52 626 1600063
121 1231 699994
701 901 499996
1079 1286 1700073
35 1407 1400043
1274 1406 599995
147 1003 1800083
1102 1378 299998
423 1265 100000
96 635 799993
442 468 1200023
243 1403 1600063
705 1201 1300033
243 816 1400043
762 834 1
872 1125 899992
1028 1101 599995
858 886 499996
672 862 1600063
275 1358 699994
716 1174 1300033
162 1467 1700073
294 669 2000103
1269 1465 499996
288 471 399997
905 1119 1900093
157 1457 1200023
1145 1164 1100013
1299 1358 399997
218 1100 1300033
1144 1482 1200023
1140 1341 1300033
627 1332 599995
495 1124 1400043
1120 1183 1500053
155 1070 199999
686 857 1300033
265 546 299998
780 978 1100013
182 345 1
323 1012 1800083
384 425 1500053
1322 1437 299998
1241 1430 1700073
84 1127 2000103
448 1175 1300033
688 1164 1300033
327 1384 1300033
426 1065 1800083
257 1172 299998
770 1451 1900093
494 934 1500053
448 1352 1700073
379 720 1800083
2 1440 699994
663 1229 199999
681 1320 1
923 1209 299998
309 617 1900093
768 800 1400043
389 1206 199999
1386 1489 399997
140 1062 1500053
244 454 1500053
1181 1441 1200023
70 899 699994
153 822 1600063
976 1153 1
933 1067 899992
752 835 1700073
146 708 1600063
1080 1282 499996
714 884 499996
35 709 1900093
834 1281 799993
1234 1374 1900093
753 1250 100000
721 1418 499996
1203 1229 1800083
406 1358 199999
411 1004 1800083
6 166 299998
377 1164 1100013
1 1034 1900093
1377 1490 1700073
1031 1314 1700073
46 920 1200023
540 860 100000
963 1250 1500053
102 521 2000103
602 1138 299998
1029 1277 1900093
1252 1264 699994
1336 1354 1300033
635 1115 1200023
296 1083 199999
157 570 1400043
9 777 799993
95 691 1500053
506 780 1100013
491 642 199999
1077 1255 1600063
661 1128 1800083
339 1048 1100013
602 765 1100013
52 458 1100013
631 1403 299998
268 590 299998
963 1053 1500053
230 1044 299998
155 1431 2000103
259 1080 1100013
171 554 799993
206 462 299998
197 1030 1
192 363 299998
546 994 399997
338 476 399997
130 1060 399997
757 1482 1800083
591 1439 1
1126 1404 1900093
460 1371 1400043
511 1362 2000103
450 993 199999
880 920 599995
1124 1257 299998
625 735 1200023
465 1114 299998
871 994 1400043
613 806 1700073
188 261 499996
104 618 1200023
674 1415 899992
698 778 899992
1136 1234 1900093
737 1037 2000103
48 208 1200023
54 62 1900093
23 1288 1600063
2 872 1900093
725 1332 1900093
238 679 1700073
746 1311 1400043
200 564 1900093
621 1162 1100013
643 1094 1200023
267 902 1100013
141 850 1200023
337 412 1600063
228 706 699994
686 818 100000
675 1402 1400043
886 1497 899992
91 96 1500053
640 813 399997
881 932 1600063
390 666 699994
1190 1259 1
348 1032 899992
460 536 1400043
286 1046 499996
130 1116 1900093
326 1191 899992
8 786 599995
755 956 1800083
371 1085 1900093
1034 1401 1100013
199 1264 1200023
119 977 1600063
560 1418 1300033
272 683 100000
153 857 1100013
1254 1255 100000
1260 1343 1200023
184 1028 799993
18 818 399997
447 1389 1300033
438 1332 1500053
1165 1307 1800083
1043 1401 1200023
38 1091 799993
164 993 499996
729 790 599995
813 836 100000
406 1049 100000
957 1098 399997
265 298 1900093
871 1013 1800083
402 744 2000103
36 463 1100013
186 1245 1500053
616 703 199999
1017 1084 1600063
257 379 299998
906 999 199999
17 878 299998
662 1071 699994
19 1143 199999
16 475 1600063
485 1432 100000
457 961 399997
153 1183 699994
392 1013 1600063
1054 1094 799993
104 575 399997
1218 1419 1900093
183 294 799993
636 1054 399997
112 741 899992
676 1258 799993
35 831 1800083
554 880 599995
742 1492 2000103
1103 1108 799993
110 1236 1
520 914 1
379 1346 1
377 947 799993
672 1357 499996
244 509 1300033
380 1463 1200023
761 1060 1200023
1301 1429 699994
1002 1047 1800083
148 1253 1600063
594 828 1900093
171 610 1200023
704 986 2000103
68 349 599995
686 994 1800083
552 1314 1700073
1136 1312 799993
46 1250 599995
251 648 799993
328 692 799993
129 1054 699994
1180 1241 100000
125 1406 1700073
75 1497 1100013
267 826 1600063
1387 1484 299998
915 1268 799993
123 870 1100013
619 1000 1200023
69 386 1400043
164 1226 499996
433 1150 199999
261 813 1100013
180 280 1400043
70 725 1900093
361 844 399997
937 1156 1100013
239 361 1800083
707 1057 1500053
841 1247 699994
1055 1433 299998
653 1490 899992
969 1364 599995
1232 1468 399997
1278 1367 100000
537 1377 1200023
737 1239 1400043
769 1424 1300033
14 230 100000
267 1420 299998
151 412 699994
68 170 399997
31 521 1300033
39 205 599995
76 1202 1100013
821 1475 1300033
753 791 899992
92 1153 399997
805 920 199999
301 1085 2000103
896 932 499996
181 890 699994
371 1444 1500053
212 1238 1300033
131 703 599995
607 1059 1600063
920 980 1
324 374 1200023
165 1004 799993
600 1001 1200023
27 1057 1600063
2 738 1200023
49 152 399997
89 1097 1800083
581 1388 1100013
165 894 1300033
223 612 1
997 1062 1100013
87 92 499996
19 675 1
196 962 1100013
1052 1390 1200023
154 240 499996
822 1130 100000
36 197 799993
1 929 1100013
184 225 799993
22 375 699994
956 1345 499996
419 813 399997
948 1240 199999
319 1208 899992
258 306 1900093
169 705 1
764 1310 499996
1020 1253 799993
281 340 799993
406 1129 299998
840 966 1100013
87 1487 699994
322 883 1800083
483 1066 1300033
891 1324 1
1337 1450 1300033
0 334 1400043
162 935 699994
836 1362 299998
745 1170 299998
1282 1492 799993
26 674 1400043
671 1221 1400043
679 1438 199999
1060 1309 1100013
940 1269 799993
34 620 1900093
216 1124 1800083
256 592 1700073
558 1063 1700073
70 1021 1400043
1333 1363 1600063
490 906 199999
559 755 2000103
1117 1263 1
610 827 299998
90 458 1800083
72 339 1800083
932 1460 1100013
242 600 2000103
1071 1478 199999
439 1183 100000
875 1204 299998
88 1225 1300033
254 1190 1300033
183 269 1900093
391 1270 399997
825 1300 599995
210 1086 1900093
1156 1440 100000
58 529 1
175 1331 1900093
335 564 499996
846 1276 1400043
698 1153 1800083
101 1422 1
995 1314 499996
510 833 100000
229 404 299998
7 524 1800083
444 588 1400043
375 1074 699994
995 1055 399997
72 1174 1600063
382 1326 1300033
138 337 799993
95 1037 399997
1012 1278 1300033
455 1423 1200023
516 1393 399997
408 1408 599995
246 604 1500053
56 1006 100000
522 1001 1200023
573 1052 1300033
138 1448 299998
36 652 799993
668 971 1300033
740 860 1400043
905 1319 1800083
17 628 1500053
336 453 2000103
537 1314 399997
147 148 799993
1101 1268 599995
624 1265 1400043
291 619 299998
204 1096 199999
512 886 799993
135 165 1400043
1177 1373 1900093
1024 1227 699994
397 497 1500053
504 672 1500053
645 1254 599995
264 321 1200023
1204 1252 1900093
555 1392 1200023
477 909 299998
402 1383 2000103
165 387 1400043
540 930 199999
946 1437 1600063
300 1252 1500053
706 1268 199999
559 1274 1400043
340 831 1400043
587 1243 2000103
56 1342 1800083
303 1064 1800083
35 1142 100000
762 1193 100000
1293 1495 399997
342 909 1700073
288 392 1700073
1091 1291 1100013
174 564 1100013
1 607 1600063
1079 1499 399997
1041 1445 1300033
119 443 1900093
466 1306 499996
419 631 699994
384 1121 499996
473 1354 100000
608 1426 399997
366 1451 2000103
63 392 1300033
798 980 299998
620 1477 1100013
881 1123 399997
1254 1379 1100013
313 707 1200023
20 288 1400043
1211 1361 1800083
659 841 1500053
167 399 399997
238 635 1300033
87 424 1
706 1188 1900093
578 1337 1
219 1331 599995
204 1102 599995
122 908 1100013
454 885 399997
338 443 799993
32 1392 2000103
605 1428 399997
650 1143 499996
362 889 599995
1004 1293 199999
18 1093 599995
1235 1246 1400043
310 478 1800083
988 1031 299998
555 749 1700073
629 1212 1700073
53 692 499996
687 803 1600063
392 961 1900093
335 1395 1300033
771 1330 299998
606 1218 1100013
274 1376 399997
698 1451 1400043
525 939 1600063
786 965 1500053
715 1433 1200023
844 1007 599995
610 1347 199999
454 628 1300033
251 804 499996
16 1066 1900093
295 296 899992
110 1163 1300033
51 1427 199999
412 440 599995
887 1270 1800083
283 991 1700073
713 1480 499996
625 1237 1600063
228 379 1700073
991 1091 399997
1079 1119 1900093
541 1256 499996
1448 1474 1100013
543 679 2000103
256 668 1300033
723 1129 1700073
1043 1332 1900093
1114 1257 399997
613 987 699994
918 1273 1100013
133 1001 499996
96 1035 799993
37 1344 699994
738 1188 899992
222 1134 1800083
631 1365 299998
669 879 199999
266 1278 699994
78 328 1900093
899 1416 899992
412 544 1600063
216 483 1700073
1259 1327 1100013
515 875 699994
260 1010 100000
125 466 1900093
725 1241 299998
279 1252 1300033
431 946 599995
865 1213 399997
414 433 1800083
601 640 899992
650 1119 2000103
279 928 399997
731 898 1300033
1234 1291 699994
760 819 1500053
1019 1160 1700073
365 1387 2000103
764 1201 2000103
583 1470 1400043
399 655 1500053
78 1015 1400043
49 462 100000
8 758 499996
174 1013 499996
43 1383 1800083
651 900 699994
231 490 1300033
99 699 1600063
175 1360 699994
118 1007 100000
966 1264 299998
563 1089 299998
166 483 1
724 968 599995
268 1432 1800083
500 1498 499996
312 1148 1300033
315 1291 1900093
577 1025 1700073
852 1104 1800083
626 890 799993
1081 1496 699994
196 798 699994
306 699 1600063
1102 1253 799993
112 1357 1300033
552 1452 1700073
353 1387 2000103
538 1221 799993
773 869 1600063
318 1420 1
866 1479 1300033
66 1313 1
528 1447 1900093
203 1487 1800083
179 744 100000
621 1486 2000103
911 972 299998
106 1323 299998
174 1373 1500053
277 1163 399997
234 1008 2000103
210 708 1100013
682 1493 1600063
76 532 499996
185 658 1400043
773 801 1500053
44 691 1300033
802 898 2000103
538 1402 899992
619 1150 100000
357 699 1600063
392 1064 299998
145 806 1400043
1182 1316 1500053
60 1359 1600063
921 1481 1
146 308 1300033
5 801 100000
666 1064 899992
12 1394 1400043
487 1382 1700073
452 856 1900093
605 616 399997
629 969 1800083
199 290 899992
249 575 499996
742 972 1300033
750 1477 2000103
609 1149 2000103
976 1425 1200023
343 1041 899992
196 1007 1300033
336 553 2000103
337 925 1900093
324 732 699994
422 1061 899992
99 290 1600063
275 1451 1200023
21 298 1700073
145 1459 1700073
13 1374 799993
501 1271 899992
467 875 499996
327 996 899992
61 529 1900093
530 730 899992
463 693 499996
633 1405 2000103
879 1110 499996
361 659 1200023
281 1117 199999
286 785 1900093
928 988 499996
141 539 100000
89 364 1500053
1057 1073 1
704 807 299998
776 1224 2000103
138 435 399997
814 925 1400043
421 1363 1
712 1141 599995
45 810 1100013
683 910 1100013
727 980 199999
490 663 799993
1124 1481 799993
66 1077 1800083
893 1475 399997
1026 1247 599995
404 662 499996
358 411 599995
239 489 799993
1141 1439 1
415 740 199999
231 1078 1400043
142 679 1100013
352 563 1300033
98 764 1800083
793 1378 1
280 1182 1800083
275 351 100000
1136 1175 1900093
459 1147 1500053
977 991 499996
609 1007 100000
1126 1166 1400043
106 1382 1400043
313 485 100000
19 1044 1600063
546 794 599995
238 326 1600063
145 1002 299998
1115 1148 1200023
866 1238 1300033
1058 1343 399997
637 1231 1800083
562 1142 2000103
118 670 299998
475 733 499996
29 1135 399997
480 1325 1800083
225 783 1300033
279 895 2000103
181 247 1300033
682 1425 699994
960 1328 599995
110 963 1700073
418 969 799993
153 933 1700073
302 437 1400043
903 1482 1700073
9 816 1500053
189 326 1600063
413 1100 2000103
611 1223 899992
1318 1355 299998
544 1288 399997
138 935 599995
981 1074 1500053
5 1235 899992
585 1235 799993
62 119 1800083
695 1216 1600063
86 247 399997
927 1024 599995
843 1078 1600063
374 699 299998
832 873 699994
783 1125 299998
572 1443 2000103
685 973 399997
7 1433 1300033
1112 1496 699994
45 1326 299998
214 531 199999
59 517 899992
177 337 1
772 1420 1200023
48 579 1600063
102 403 1400043
243 782 1
193 1158 1200023
579 1133 1300033
678 1309 1100013
744 1421 199999
512 722 199999
699 947 1
29 77 1600063
122 937 199999
483 652 1200023
588 1273 599995
540 1035 699994
681 781 1400043
738 990 1700073
591 1314 2000103
471 1471 199999
11 602 1300033
121 752 1300033
24 1493 699994
1180 1422 2000103
252 331 499996
823 1234 1400043
458 1173 699994
307 678 1100013
585 717 299998
388 927 699994
794 1195 100000
655 1372 399997
97 417 599995
686 699 499996
94 1139 1400043
389 1289 2000103
690 1361 299998
802 1330 1400043
188 1382 299998
519 1330 1800083
855 1342 899992
739 1448 1900093
877 1109 899992
1027 1180 599995
638 702 499996
630 746 1800083
365 1140 1900093
80 1097 1400043
777 1236 899992
880 1111 1400043
402 445 799993
40 607 899992
759 1364 1100013
250 469 1500053
907 980 899992
997 1437 499996
190 253 1500053
115 496 699994
1131 1256 899992
287 1375 100000
93 1069 799993
827 1118 1200023
1453 1456 399997
1178 1356 1500053
182 1110 499996
539 974 199999
264 1411 1300033
288 935 699994
340 1397 799993
761 1253 1600063
1076 1195 699994
504 1182 1800083
404 796 1500053
284 633 1600063
0 354 499996
913 1183 1400043
623 936 1500053
804 1351 1800083
470 1032 499996
710 1140 399997
86 126 199999
970 1189 1800083
458 834 1800083
68 579 1600063
589 1470 1900093
860 1182 1400043
7 993 1
370 808 399997
156 223 399997
620 1180 499996
123 825 1
5 1084 399997
62 479 1200023
94 254 599995
959 1147 1400043
402 1120 1800083
770 938 1300033
38 471 699994
29 1295 1100013
1084 1350 599995
1265 1438 1600063
329 524 1700073
589 1040 299998
537 1267 699994
626 946 1500053
121 153 1100013
408 1066 1800083
1340 1352 1400043
138 560 599995
316 1469 499996
1039 1228 699994
440 798 1100013
472 1251 1500053
397 1369 399997
20 1485 1100013
1099 1389 1500053
642 1005 499996
105 1207 1900093
270 417 1200023
135 164 499996
390 435 1600063
665 1494 1600063
529 1149 199999
1179 1370 399997
11 1270 1800083
665 1066 299998
147 853 1300033
1015 1195 1700073
744 759 799993
1416 1457 399997
804 1449 899992
890 1276 1800083
939 1072 399997
168 996 1400043
169 802 1100013
755 847 1400043
241 243 2000103
810 1456 1600063
572 1414 499996
429 509 1800083
195 412 1600063
891 943 199999
502 976 1200023
590 1050 499996
820 1014 799993
429 1062 1400043
544 619 1300033
891 1228 1400043
1104 1381 1400043
955 1480 1400043
353 1178 499996
575 1278 899992
168 1075 2000103
277 964 1300033
517 757 1800083
63 111 1800083
139 1220 1600063
140 520 2000103
823 1196 1
750 1048 1
189 343 899992
178 979 1200023
627 647 2000103
539 571 899992
673 1449 1400043
787 946 1400043
580 779 599995
390 606 1500053
426 532 1700073
573 1321 1200023
1440 1469 1500053
50 1199 599995
325 673 199999
9 788 599995
60 855 299998
232 1053 799993
108 183 899992
151 500 1500053
357 1211 799993
15 1458 799993
32 1026 1400043
361 1484 100000
172 834 1300033
502 1446 1900093
767 1351 1
754 1496 1500053
662 1113 499996
1456 1466 1400043
112 775 1100013
416 1290 199999
667 929 1700073
560 1120 1600063
6 1171 499996
305 950 199999
46 167 799993
243 538 799993
434 1442 1400043
244 1397 599995
1098 1402 1800083
448 1229 1600063
1298 1302 1200023
31 692 899992
1300 1314 1500053
934 1233 1600063
682 1018 1800083
31 88 699994
158 933 1500053
224 1022 799993
494 1103 1900093
245 882 1800083
796 892 299998
171 1242 299998
400 970 1400043
1322 1455 599995
1248 1395 2000103
766 1264 599995
651 815 1200023
400 1174 1600063
1092 1460 1900093
1086 1118 100000
428 1171 100000
491 494 2000103
47 671 1400043
997 1199 1300033
542 1023 899992
772 824 1
850 1356 299998
119 340 299998
714 1130 100000
1136 1143 1800083
460 1349 1100013
79 970 1800083
360 772 799993
425 1095 499996
469 801 1100013
287 595 1200023
548 1135 1600063
1398 1459 2000103
62 232 1200023
562 1482 399997
1090 1493 1900093
888 1005 399997
423 1365 1
566 609 2000103
403 1090 1600063
83 394 299998
792 877 1100013
666 1059 299998
671 916 299998
755 1008 299998
809 1397 699994
57 1221 299998
331 467 100000
510 1472 299998
501 1466 499996
127 530 1700073
352 388 1
396 1217 199999
298 1419 1200023
497 1276 1500053
549 703 1800083
158 1177 399997
916 1235 2000103
703 1216 899992
49 1174 1300033
227 1088 399997
863 1140 1600063
727 1084 1700073
330 1004 1700073
21 970 699994
117 1079 299998
172 872 799993
15 574 299998
355 682 1400043
312 1239 1100013
872 1281 599995
374 1235 1900093
1410 1454 1800083
2 409 699994
101 400 699994
499 1083 299998
396 1090 899992
1285 1314 1600063
503 1329 699994
161 238 799993
981 1220 899992
763 913 1800083
951 1029 399997
565 1321 699994
507 930 1100013
911 1212 1
787 1227 1800083
162 1488 899992
932 1039 1700073
417 1452 699994
67 1024 1600063
292 838 199999
200 956 199999
329 481 199999
71 781 2000103
139 1151 1200023
689 1241 399997
282 1288 1400043
127 697 1700073
92 1037 1800083
599 799 199999
198 392 100000
31 416 599995
430 1488 899992
1124 1317 1900093
1107 1497 599995
1063 1064 299998
120 895 1200023
226 1217 1700073
154 1046 299998
1301 1380 1400043
368 1407 399997
449 679 599995
81 361 1500053
210 1129 799993
92 1451 1100013
422 1229 1
589 872 899992
432 630 1900093
816 1358 1100013
505 695 1500053
575 814 1
1085 1087 2000103
366 755 1200023
784 795 199999
340 401 1100013
658 1106 1100013
126 1359 1200023
64 1131 1400043
902 1443 1700073
386 1015 1900093
1072 1389 499996
390 1465 699994
136 1428 1900093
138 812 899992
219 1259 1300033
863 1106 399997
373 1360 899992
91 1164 299998
457 707 299998
393 1260 1600063
755 914 1700073
812 1228 599995
317 1313 1400043
61 279 1800083
57 255 599995
113 687 1700073
111 204 799993
879 1093 1400043
43 588 799993
861 1161 599995
63 1205 1900093
739 1365 699994
107 689 1600063
181 1373 399997
95 1211 1100013
493 1314 1
783 813 1900093
87 270 799993
572 641 199999
133 1370 100000
972 1306 599995
351 1034 1300033
416 997 1100013
481 620 499996
546 1130 199999
165 1188 899992
854 1346 699994
190 842 1800083
736 916 1900093
53 655 1
611 914 1
744 1001 499996
13 213 1600063
417 1370 2000103
193 492 1900093
1372 1488 1700073
596 945 1500053
358 1242 699994
524 857 599995
1229 1494 699994
865 898 1400043
25 597 399997
592 1334 1900093
626 855 299998
815 1152 199999
773 891 1400043
527 596 899992
233 967 1300033
633 1112 1700073
1047 1266 1100013
390 1285 1
21 1359 799993
257 644 1200023
1209 1414 1300033
697 1011 1500053
493 886 1400043
728 1277 199999
360 866 199999
408 987 1500053
648 1257 1500053
743 1361 1800083
200 210 299998
74 963 1700073
427 1452 299998
289 1451 899992
178 428 299998
722 1053 199999
212 863 1800083
680 985 1
1149 1444 1400043
173 1205 399997
307 428 1400043
693 901 199999
1378 1473 299998
1177 1324 599995
261 1117 1500053
458 1381 299998
69 473 2000103
835 1199 1100013
1343 1371 1700073
911 1284 1400043
453 1366 1
656 1341 1600063
36 730 1800083
435 1449 799993
99 1449 1700073
705 985 1
803 828 699994
1144 1306 1400043
280 1055 1500053
76 1401 1100013
957 1000 699994
204 943 1200023
621 1282 499996
194 1054 699994
422 1092 199999
385 1331 299998
269 369 1100013
817 851 599995
502 1066 399997
215 1381 1100013
885 1288 1700073
510 962 399997
130 1225 1800083
296 1485 499996
938 1100 499996
1249 1415 499996
879 1369 1
311 736 1600063
1091 1425 899992
31 1464 599995
1339 1450 1700073
385 1172 599995
422 1007 1600063
489 1155 499996
168 647 1300033
604 684 199999
209 828 299998
603 767 1700073
931 1283 1300033
762 1368 1100013
322 1096 1500053
282 299 399997
589 607 1500053
37 999 1400043
463 787 299998
439 808 1800083
711 876 1900093
812 998 499996
338 1201 1700073
1269 1466 1500053
272 1242 499996
213 796 1900093
309 1132 1200023
497 742 899992
290 509 1800083
215 841 1800083
434 1394 799993
746 967 699994
402 1484 599995
878 1260 100000
1288 1353 1400043
216 1153 1400043
622 751 1600063
1019 1463 899992
762 1004 1800083
528 1072 1900093
703 827 1900093
302 887 899992
116 1392 1400043
945 984 399997
1194 1464 1500053
344 396 599995
148 1210 799993
156 1300 1700073
858 1365 2000103
339 1108 2000103
1130 1159 1200023
1380 1474 199999
33 536 399997
888 1213 1
755 1099 1
45 949 1
35 719 1
385 1258 499996
70 396 1800083
635 1365 1800083
66 1166 1800083
646 734 1400043
297 1095 199999
252 1137 299998
452 740 1600063
535 957 799993
245 444 799993
538 1431 1100013
59 252 599995
580 789 599995
156 839 1100013
464 1016 199999
744 1120 100000
763 1073 399997
79 1177 399997
116 1363 2000103
22 219 1500053
131 227 399997
206 1014 799993
36 1455 599995
718 1169 1300033
824 976 199999
144 1161 1900093
484 799 100000
1045 1423 499996
532 1475 1400043
1191 1425 2000103
631 1053 1500053
1237 1270 1800083
690 871 899992
546 1453 599995
63 1236 1900093
67 1066 499996
1169 1393 1300033
82 1025 1200023
1127 1201 799993
1071 1186 1500053
211 891 899992
168 953 100000
123 149 1800083
181 1232 1400043
93 315 599995
196 1167 1100013
78 1037 1500053
602 1305 1
309 590 1
1063 1296 1800083
133 318 399997
767 1224 799993
752 906 1400043
221 500 100000
125 985 799993
951 1212 399997
567 758 1
122 1195 799993
111 1020 1
223 914 1500053
481 855 899992
68 1290 1100013
1069 1446 1700073
271 389 1800083
944 1424 199999
353 1232 1500053
988 1023 1800083
808 1140 1900093
1047 1070 1200023
699 1093 1200023
99 835 2000103
268 948 299998
749 943 1100013
256 700 1300033
885 1487 899992
297 624 1800083
599 664 1
625 1303 1
442 883 1500053
35 1061 1700073
1123 1255 1900093
702 1407 499996
407 736 499996
793 1131 1600063
203 332 2000103
961 1415 100000
193 549 1
194 586 299998
1063 1449 299998
569 857 299998
785 967 1700073
117 1438 1800083
980 1222 499996
468 641 199999
514 1416 1300033
790 885 1500053
920 1241 799993
302 505 599995
542 1018 799993
605 1001 799993
1096 1438 299998
209 645 499996
1160 1459 1700073
542 1082 1300033
162 258 199999
871 1222 100000
62 1323 499996
839 918 100000
250 414 1100013
111 247 899992
96 357 299998
7 942 599995
34 447 1100013
154 1132 1
645 745 699994
1049 1263 1
159 616 599995
810 966 299998
318 591 1500053
86 1050 599995
522 1389 1600063
393 1114 1700073
250 952 1700073
932 1171 100000
1054 1133 2000103
88 253 1400043
1188 1412 1700073
444 1375 1600063
603 1178 1800083
217 1236 1200023
746 1243 100000
260 1110 1600063
473 774 1400043
377 1401 699994
305 1232 1200023
262 819 1500053
919 1483 699994
206 536 1700073
1000 1176 1500053
1184 1488 699994
1313 1453 2000103
579 1168 799993
1029 1077 199999
623 1487 699994
635 1481 1300033
1238 1244 899992
1225 1326 1400043
41 1486 499996
492 1184 699994
136 1047 499996
824 1026 1500053
901 1426 1900093
568 871 1600063
1274 1381 1700073
74 1423 100000
610 1489 799993
230 886 1400043
45 1325 699994
31 941 2000103
354 966 1300033
144 375 599995
678 1099 299998
1164 1414 1600063
46 378 1500053
262 402 199999
1136 1405 1800083
1249 1250 100000
390 1106 1700073
178 1144 1300033
22 141 799993
1105 1108 399997
618 1017 699994
415 1067 100000
1060 1108 899992
130 651 1500053
398 1485 1400043
934 1209 899992
708 1271 1900093
333 920 1400043
795 1228 499996
249 1437 1600063
206 464 1600063
81 922 1700073
724 1445 299998
338 609 2000103
681 885 2000103
408 725 499996
9 1047 1800083
172 410 1100013
562 1108 599995
598 1265 100000
551 1322 599995
375 821 1600063
0 448 1
30 368 1900093
909 1407 1500053
774 817 699994
781 940 699994
222 1011 599995
1242 1367 1100013
27 1365 2000103
